# t_sec x y yaw_rad cum_dist_m
0.127 -0.009274 0.001562 0.000001 0.000000
0.223 -0.009274 0.001562 0.000001 0.000000
0.323 -0.009274 0.001562 0.000001 0.000000
0.423 -0.009274 0.001562 0.000001 0.000000
0.523 -0.009235 0.001562 0.000001 0.000039
0.627 -0.009235 0.001562 0.000001 0.000039
0.723 -0.009235 0.001562 0.000001 0.000039
0.825 -0.009235 0.001562 0.000001 0.000039
0.929 -0.009235 0.001562 0.000001 0.000039
1.023 -0.009235 0.001562 0.000001 0.000039
1.123 -0.009235 0.001562 0.000001 0.000039
1.226 -0.009235 0.001562 0.000001 0.000039
1.323 -0.009235 0.001562 0.000001 0.000039
1.423 -0.009235 0.001562 0.000001 0.000039
1.523 -0.009235 0.001562 0.000001 0.000039
1.625 -0.009494 0.001562 0.003491 0.000299
1.723 -0.009616 0.001560 0.010473 0.000421
1.824 -0.010036 0.001541 0.054106 0.000841
1.924 -0.009879 0.001554 0.083776 0.000998
2.023 -0.009858 0.001550 0.125664 0.001020
2.123 -0.010035 0.001529 0.158826 0.001198
2.223 -0.009483 0.001626 0.186751 0.001758
2.324 -0.009630 0.001591 0.228639 0.001910
2.423 -0.009669 0.001585 0.261800 0.001949
2.523 -0.009595 0.001603 0.287980 0.002025
2.623 0.025192 0.005458 0.362858 0.037025
2.723 0.025562 0.005604 0.396020 0.037423
2.823 0.025195 0.005445 0.420454 0.037824
2.923 0.025265 0.005479 0.465833 0.037902
3.023 0.025076 0.005376 0.500739 0.038117
3.123 0.024936 0.005298 0.528665 0.038277
3.227 0.025259 0.005498 0.570553 0.038657
3.323 0.025294 0.005519 0.603888 0.038699
3.426 0.025228 0.005473 0.628498 0.038779
3.523 0.024957 0.005266 0.668640 0.039120
3.623 0.025444 0.005669 0.705292 0.039752
3.723 0.025312 0.005551 0.733217 0.039929
3.823 0.025032 0.005295 0.771614 0.040308
3.923 0.025144 0.005404 0.797794 0.040464
4.023 0.025185 0.005448 0.823974 0.040524
4.133 0.057107 0.023004 0.852621 0.076956
4.223 0.056591 0.022394 0.878801 0.077755
4.324 0.056675 0.022503 0.906727 0.077893
4.423 0.056797 0.022640 0.957341 0.078075
4.523 0.056693 0.022489 0.985266 0.078258
4.623 0.056925 0.022862 1.030645 0.078698
4.723 0.056806 0.022653 1.063806 0.078938
4.824 0.056954 0.022934 1.089986 0.079254
4.923 0.056886 0.022793 1.112675 0.079411
5.023 0.056959 0.022997 1.163290 0.079628
5.125 0.057056 0.023227 1.196451 0.079877
5.224 0.056736 0.022384 1.217395 0.080779
5.323 0.056934 0.022994 1.266264 0.081420
5.423 0.056884 0.022801 1.301171 0.081620
5.523 0.056883 0.022809 1.336078 0.081628
5.623 0.056898 0.022867 1.362257 0.081688
5.728 0.028993 0.025025 1.424028 0.109676
5.823 0.029028 0.025303 1.448638 0.109957
5.923 0.028996 0.024880 1.490526 0.110381
6.023 0.028991 0.024918 1.527177 0.110419
6.124 0.029006 0.025341 1.553183 0.110842
6.223 0.029006 0.024622 1.586519 0.111561
6.324 0.028988 0.025021 1.625090 0.111961
6.425 0.028978 0.025182 1.654761 0.112122
6.523 0.028960 0.025352 1.687922 0.112293
6.623 0.029046 0.024738 1.728065 0.112914
6.723 0.029020 0.024882 1.759481 0.113061
6.823 0.028986 0.025052 1.790897 0.113234
6.923 0.029078 0.024682 1.832785 0.113615
7.023 0.029109 0.024565 1.860710 0.113736
7.126 0.027951 0.024149 1.896321 0.114966
7.226 0.020952 0.022856 1.940490 0.122084
7.323 0.021012 0.022710 1.968415 0.122242
7.423 0.021152 0.022392 2.001577 0.122590
7.531 0.020860 0.022980 2.041719 0.123247
7.623 0.021183 0.022373 2.078371 0.123934
7.723 0.021046 0.022598 2.111532 0.124198
7.825 0.020919 0.022806 2.142948 0.124442
7.923 0.020927 0.022791 2.172619 0.124459
8.023 0.020979 0.022714 2.216252 0.124552
8.124 0.020968 0.022729 2.242432 0.124570
8.225 0.020920 0.022784 2.282575 0.124643
8.347 0.020989 0.022709 2.315736 0.124745
8.423 0.020907 0.022793 2.343661 0.124863
8.523 0.008059 0.037780 2.340909 0.144603
8.623 0.007971 0.037860 2.379307 0.144723
8.727 0.007824 0.037999 2.414213 0.144925
8.823 0.008042 0.037815 2.450865 0.145210
8.923 0.007858 0.037961 2.485946 0.145445
9.029 0.008067 0.037804 2.512126 0.145707
9.123 0.007914 0.037905 2.547033 0.145891
9.224 0.007998 0.037859 2.585605 0.145987
9.327 0.008286 0.037685 2.611784 0.146324
9.423 0.007611 0.038062 2.646691 0.147097
9.523 0.008273 0.037724 2.681423 0.147840
9.623 0.007983 0.037860 2.707778 0.148161
9.723 0.007946 0.037877 2.744429 0.148201
9.824 0.007928 0.037883 2.786317 0.148220
9.923 0.007794 0.037932 2.814243 0.148363
10.024 0.008347 0.037754 2.849149 0.148944
10.123 0.007692 0.037930 2.892782 0.149622
10.223 0.000851 0.024929 2.917065 0.164313
10.323 -0.027120 -0.024800 2.925078 0.221369
10.424 -0.027452 -0.024730 2.968711 0.221708
10.523 -0.027311 -0.024754 2.998207 0.221851
10.623 -0.027419 -0.024740 3.026307 0.221960
10.725 -0.026985 -0.024770 3.071685 0.222394
10.833 -0.027286 -0.024758 3.101356 0.222696
10.923 -0.027811 -0.024745 3.134517 0.223221
11.023 -0.027295 -0.024741 -3.112016 0.223736
11.126 -0.027493 -0.024751 -3.084091 0.223935
11.229 -0.027474 -0.024749 -3.054420 0.223955
11.324 -0.027554 -0.024761 -3.012532 0.224036
11.424 -0.027454 -0.024747 -2.996824 0.224137
11.538 -0.027580 -0.024773 -2.953191 0.224267
11.623 -0.027915 -0.024840 -2.916539 0.224608
11.728 0.004638 -0.013835 -2.844276 0.258971
11.823 0.004433 -0.013903 -2.816351 0.259186
11.923 0.004974 -0.013703 -2.770972 0.259762
12.030 0.005005 -0.013692 -2.741302 0.259796
12.123 0.004919 -0.013729 -2.715122 0.259890
12.223 0.004718 -0.013830 -2.667823 0.260115
12.323 0.004365 -0.014018 -2.638327 0.260515
12.423 0.004672 -0.013842 -2.615638 0.260869
12.524 0.004564 -0.013932 -2.564849 0.261009
12.623 0.004493 -0.013976 -2.540240 0.261092
12.723 0.004636 -0.013875 -2.514234 0.261267
12.823 0.004502 -0.013979 -2.479328 0.261436
12.923 0.004566 -0.013926 -2.437265 0.261519
13.023 0.004612 -0.013885 -2.411085 0.261581
13.123 0.017967 -0.001464 -2.347752 0.279819
13.238 0.017761 -0.001682 -2.321572 0.280118
13.323 0.017760 -0.001682 -2.295393 0.280119
13.424 0.018061 -0.001326 -2.244603 0.280585
13.523 0.018002 -0.001401 -2.220169 0.280681
13.624 0.017895 -0.001547 -2.192418 0.280861
13.723 0.018010 -0.001372 -2.148785 0.281070
13.823 0.018300 -0.000902 -2.110388 0.281623
13.923 0.018231 -0.001023 -2.089269 0.281762
14.023 0.018041 -0.001358 -2.038829 0.282148
14.123 0.018211 -0.001006 -2.010904 0.282540
14.223 0.017935 -0.001622 -1.982979 0.283215
14.323 0.018184 -0.001003 -1.941091 0.283882
14.423 0.018270 -0.000777 -1.911420 0.284124
14.523 0.018346 -0.000535 -1.883495 0.284378
14.631 0.018412 -0.000323 -1.859060 0.284599
14.723 0.018307 -0.000736 -1.803210 0.285025
14.824 0.018366 -0.000464 -1.775284 0.285303
14.923 0.031274 0.036688 -1.641708 0.324634
15.023 0.031276 0.036745 -1.610292 0.324690
15.124 0.031279 0.036812 -1.590460 0.324758
15.223 0.031271 0.036875 -1.535243 0.324821
15.323 0.031262 0.037101 -1.500336 0.325047
15.432 0.031271 0.037001 -1.475902 0.325148
15.523 0.031233 0.037212 -1.427032 0.325362
15.623 0.031231 0.037232 -1.399107 0.325382
15.723 0.031239 0.037194 -1.367691 0.325421
15.823 0.031195 0.037389 -1.334530 0.325621
15.923 0.031167 0.037505 -1.332785 0.325740
16.024 0.031181 0.037446 -1.332785 0.325801
16.123 0.031191 0.037407 -1.327549 0.325841
16.231 0.031136 0.037619 -1.283915 0.326061
16.323 0.031177 0.037485 -1.257735 0.326201
16.423 0.008935 0.047716 -1.182030 0.350684
16.523 0.008687 0.048282 -1.147123 0.351302
16.624 0.008670 0.048319 -1.127750 0.351342
16.726 0.008922 0.047823 -1.084291 0.351899
16.823 0.008931 0.047806 -1.051130 0.351918
16.923 0.008942 0.047792 -1.023030 0.351936
17.028 0.009197 0.047385 -0.982888 0.352416
17.123 0.009048 0.047605 -0.956708 0.352681
17.223 0.009058 0.047587 -0.907838 0.352701
17.323 0.009109 0.047524 -0.879913 0.352782
17.423 0.009306 0.047294 -0.851988 0.353085
17.530 0.009401 0.047189 -0.815336 0.353226
17.623 0.009251 0.047343 -0.771703 0.353441
17.724 0.009408 0.047196 -0.742032 0.353656
17.823 0.009420 0.047187 -0.708871 0.353672
17.923 -0.000334 0.042901 -0.637060 0.364326
18.023 -0.000665 0.042441 -0.586019 0.364893
18.123 -0.000530 0.042353 -0.572056 0.365054
18.223 -0.000548 0.042362 -0.526678 0.365074
18.323 -0.000809 0.042512 -0.490026 0.365375
18.426 -0.000380 0.042295 -0.448138 0.365856
18.523 -0.000591 0.042391 -0.420212 0.366088
18.623 -0.000497 0.042352 -0.390367 0.366191
18.723 -0.000246 0.042255 -0.339927 0.366460
18.823 -0.000054 0.042190 -0.313573 0.366662
18.924 -0.000419 0.042298 -0.271859 0.367043
19.026 -0.000538 0.042329 -0.229972 0.367165
19.124 -0.000440 0.042308 -0.205537 0.367265
19.223 -0.000442 0.042301 -0.163649 0.367273
19.323 -0.000428 0.042303 -0.132233 0.367288
19.423 0.000438 0.042206 -0.093836 0.368158
19.523 -0.007847 -0.005643 -0.071106 0.416719
19.624 -0.008511 -0.007481 -0.020423 0.418674
19.725 -0.008432 -0.007481 0.007503 0.418753
19.825 -0.008233 -0.007475 0.037173 0.418951
19.923 -0.008201 -0.007474 0.077316 0.418984
20.023 -0.007825 -0.007442 0.084297 0.419361
20.123 -0.007944 -0.007452 0.084297 0.419481
20.226 -0.008004 -0.007457 0.084297 0.419541
20.323 -0.008004 -0.007457 0.084297 0.419541
20.423 -0.008004 -0.007457 0.084297 0.419541
20.523 -0.008004 -0.007457 0.084297 0.419541
20.623 -0.008004 -0.007457 0.084297 0.419541
20.723 -0.008004 -0.007457 0.084297 0.419541
20.824 -0.008004 -0.007457 0.084297 0.419541
20.924 -0.008004 -0.007457 0.084297 0.419541
21.023 -0.008004 -0.007457 0.084297 0.419541
21.125 -0.006498 -0.007330 0.084297 0.421053
21.225 0.002710 -0.006552 0.084297 0.430293
21.326 0.011151 -0.005819 0.087788 0.438766
21.423 0.027526 -0.004353 0.091278 0.455207
21.523 0.041328 -0.003019 0.096689 0.469072
21.623 0.052938 -0.001866 0.100354 0.480740
21.723 0.070798 -0.000017 0.105939 0.498695
21.823 0.082718 0.001272 0.107684 0.510685
21.925 0.100350 0.003244 0.112920 0.528427
22.023 0.115277 0.004937 0.112920 0.543449
22.125 0.127137 0.006209 0.097213 0.555378
22.223 0.144625 0.007763 0.081155 0.572934
22.323 0.159105 0.008825 0.072254 0.587454
22.423 0.171130 0.009696 0.072254 0.599509
22.523 0.250832 0.042361 0.069791 0.685646
22.624 0.261017 0.043087 0.073456 0.695857
22.723 0.271876 0.043911 0.077121 0.706747
22.823 0.287923 0.045226 0.086197 0.722848
22.923 0.301603 0.046490 0.094923 0.736586
23.023 0.313603 0.047659 0.098414 0.748643
23.123 0.331348 0.049468 0.101905 0.766480
23.226 0.346058 0.050972 0.101905 0.781267
23.324 0.357837 0.052198 0.105395 0.793109
23.424 0.372327 0.053756 0.108886 0.807682
23.524 0.389939 0.055698 0.110631 0.825401
23.623 0.401537 0.057009 0.112551 0.837073
23.726 0.413154 0.058358 0.117962 0.848768
23.823 0.432652 0.060850 0.135415 0.868425
23.923 0.443538 0.062353 0.137160 0.879414
24.023 0.454182 0.063845 0.138906 0.890162
24.123 0.474310 0.066653 0.135415 0.910486
24.223 0.486038 0.068235 0.133670 0.922319
24.323 0.497833 0.069790 0.131924 0.934217
24.423 0.518315 0.072733 0.146062 0.954909
24.523 0.529951 0.074425 0.140651 0.966668
24.623 0.541059 0.075958 0.133670 0.977881
24.723 0.560759 0.078508 0.126688 0.997744
24.823 0.571969 0.079921 0.123198 1.009044
24.925 0.590196 0.081957 0.100334 1.027384
25.023 0.605132 0.083257 0.075899 1.042377
25.123 0.617189 0.084036 0.054955 1.054458
25.223 0.635152 0.084757 0.028601 1.072436
25.323 0.649772 0.084950 0.002421 1.087057
25.423 0.661230 0.084829 -0.015032 1.098515
25.523 0.707906 0.141237 -0.013178 1.171731
25.623 0.749283 0.199888 -0.000451 1.243509
25.723 0.767055 0.199820 -0.007433 1.261281
25.823 0.781958 0.199684 -0.010923 1.276184
25.923 0.793043 0.199480 -0.024886 1.287271
26.023 0.810360 0.198881 -0.046004 1.304598
26.123 0.824369 0.198187 -0.049495 1.318624
26.223 0.839310 0.197409 -0.053160 1.333586
26.328 0.850941 0.196806 -0.049495 1.345232
26.424 0.868150 0.196058 -0.038674 1.362457
26.523 0.879555 0.195622 -0.038674 1.373871
26.623 0.897026 0.194995 -0.035183 1.391353
26.723 0.911712 0.194548 -0.024537 1.406046
26.823 0.926082 0.194283 -0.013890 1.420419
26.926 0.937756 0.194172 -0.008654 1.432093
27.023 0.949761 0.194181 0.005308 1.444098
27.124 0.967141 0.194436 0.019271 1.461480
27.223 0.976788 0.194642 0.022762 1.471129
27.324 0.993223 0.195097 0.031663 1.487570
27.425 1.005138 0.195475 0.031663 1.499491
27.523 1.017168 0.195867 0.033583 1.511527
27.623 1.037796 0.196576 0.035328 1.532168
27.725 1.049989 0.197007 0.035328 1.544368
27.823 1.064530 0.197521 0.035328 1.558919
27.923 1.082266 0.198159 0.035328 1.576666
28.023 1.094001 0.198574 0.035328 1.588408
28.123 1.111459 0.199196 0.037248 1.605877
28.223 1.125355 0.199714 0.037248 1.619783
28.323 1.136508 0.200140 0.038993 1.630944
28.423 1.148284 0.200611 0.038993 1.642730
28.523 1.168304 0.201451 0.042658 1.662768
28.623 1.179185 0.201916 0.042658 1.673658
28.726 1.189665 0.202363 0.042658 1.684148
28.823 1.211100 0.305809 0.101242 1.789792
28.925 1.222912 0.307010 0.097751 1.801664
29.023 1.234460 0.307922 0.069651 1.813248
29.123 1.248957 0.308596 0.034745 1.827760
29.223 1.266095 0.309094 0.022527 1.844907
29.329 1.277666 0.309284 0.013801 1.856479
29.423 1.297213 0.309329 -0.005398 1.876026
29.523 1.308557 0.309180 -0.014125 1.887371
29.623 1.326310 0.308934 -0.014125 1.905125
29.723 1.340694 0.308756 -0.012379 1.919510
29.823 1.351845 0.308638 -0.010634 1.930662
29.923 1.368749 0.308540 -0.001907 1.947566
30.023 1.379827 0.308537 0.003329 1.958644
30.123 1.396644 0.308721 0.012055 1.975462
30.223 1.411593 0.308917 0.013801 1.990413
30.323 1.426134 0.309118 0.013801 2.004955
30.423 1.436828 0.309265 0.013801 2.015650
30.523 1.448716 0.309429 0.013801 2.027539
30.623 1.469218 0.309712 0.013801 2.048043
30.723 1.477947 0.309833 0.013801 2.056774
30.823 1.497448 0.310102 0.013801 2.076276
30.924 1.509063 0.310273 0.017291 2.087892
31.023 1.520928 0.310489 0.019037 2.099760
31.124 1.542211 0.310946 0.026018 2.121048
31.223 1.553894 0.311276 0.031254 2.132735
31.323 1.565967 0.311654 0.031254 2.144814
31.423 1.585679 0.312443 0.043646 2.164541
31.523 1.597105 0.312974 0.047311 2.175980
31.623 1.611713 0.313677 0.049231 2.190604
31.723 1.629192 0.314511 0.049231 2.208103
31.823 1.659741 0.395610 0.084888 2.294766
31.923 1.671508 0.396601 0.083142 2.306574
32.023 1.691449 0.397971 0.061849 2.326562
32.123 1.702753 0.398513 0.044396 2.337879
32.223 1.714670 0.399021 0.039160 2.349807
32.323 1.735185 0.399728 0.032179 2.370334
32.423 1.746769 0.400100 0.032179 2.381925
32.524 1.758915 0.400491 0.032179 2.394077
32.623 1.779860 0.401134 0.030433 2.415031
32.726 1.791843 0.401478 0.028688 2.427019
32.823 1.803717 0.401808 0.026943 2.438898
32.923 1.824527 0.402348 0.025197 2.459715
33.023 1.836165 0.402641 0.025197 2.471356
33.123 1.848077 0.402936 0.023452 2.483273
33.223 1.862724 0.403274 0.021532 2.497923
33.323 1.879997 0.403601 0.018042 2.515199
33.426 1.891543 0.403793 0.016122 2.526747
33.523 1.909317 0.404023 0.012631 2.544522
33.623 1.926577 0.404219 0.008966 2.561783
33.724 1.935256 0.404307 0.010711 2.570463
33.824 1.952408 0.404451 0.008966 2.587616
33.923 1.969816 0.404582 0.007221 2.605024
34.023 1.978997 0.404654 0.008966 2.614205
34.126 1.996461 0.404847 0.010711 2.631670
34.224 2.014065 0.404979 0.007221 2.649275
34.331 2.028812 0.405037 0.001810 2.664022
34.425 2.040450 0.405059 0.001810 2.675660
34.526 2.058367 0.405010 -0.003600 2.693577
34.623 2.072677 0.404959 -0.003600 2.707887
34.723 2.084442 0.404916 -0.003600 2.719653
34.823 2.099030 0.404864 -0.003600 2.734240
34.925 2.139836 0.434730 -0.062832 2.784808
35.023 2.160224 0.447449 -0.090233 2.808838
35.123 2.171806 0.446401 -0.090233 2.820467
35.226 2.192054 0.444657 -0.084823 2.840791
35.327 2.203790 0.443674 -0.081332 2.852567
35.423 2.217898 0.442556 -0.077667 2.866720
35.523 2.234887 0.441306 -0.070511 2.883754
35.623 2.246191 0.440530 -0.068591 2.895085
35.723 2.257611 0.439775 -0.065100 2.906530
35.824 2.278650 0.438434 -0.061610 2.927612
35.923 2.290544 0.437705 -0.059864 2.939528
36.023 2.301705 0.437041 -0.058119 2.950709
36.123 2.322394 0.435875 -0.054628 2.971431
36.223 2.332910 0.435358 -0.044156 2.981960
36.323 2.344313 0.434874 -0.040666 2.993373
36.423 2.364685 0.434321 -0.015882 3.013752
36.526 2.376449 0.434155 -0.014137 3.025518
36.623 2.388077 0.434023 -0.010472 3.037147
36.724 2.408901 0.433847 -0.005236 3.057971
36.823 2.420321 0.433818 -0.001745 3.069391
36.923 2.431721 0.433860 0.010472 3.080791
37.024 2.444026 0.434079 0.020944 3.093098
37.123 2.459034 0.434558 0.042237 3.108114
37.223 2.469245 0.435081 0.056200 3.118338
37.323 2.481711 0.435945 0.073828 3.130833
37.424 2.499361 0.437333 0.084300 3.148539
37.523 2.511314 0.438380 0.089536 3.160537
37.623 2.531946 0.440268 0.093026 3.181256
37.723 2.543648 0.441360 0.093026 3.193008
37.823 2.557686 0.442709 0.098262 3.207111
37.923 2.574791 0.444395 0.098262 3.224299
38.023 2.586677 0.445530 0.094772 3.236239
38.123 2.597418 0.446536 0.091281 3.247027
38.223 2.620454 0.564508 0.252370 3.367226
38.323 2.631548 0.567368 0.252370 3.378683
38.424 2.643457 0.570428 0.250624 3.390979
38.523 2.646986 0.571335 0.252370 3.394622
38.625 2.646870 0.571305 0.252370 3.394743
38.723 2.646850 0.571300 0.252370 3.394763
38.823 2.646850 0.571300 0.252370 3.394763
38.923 2.646850 0.571300 0.252370 3.394763
39.023 2.646850 0.571300 0.252370 3.394763
39.128 2.646850 0.571300 0.252370 3.394763
39.234 2.646850 0.571300 0.252370 3.394763
39.324 2.646850 0.571300 0.252370 3.394763
39.423 2.646850 0.571300 0.252370 3.394763
39.523 2.646850 0.571300 0.252370 3.394763
39.624 2.646850 0.571300 0.252370 3.394763
39.723 2.646850 0.571300 0.252370 3.394763
39.824 2.646850 0.571300 0.252370 3.394763
39.923 2.646850 0.571300 0.252370 3.394763
40.023 2.647269 0.571407 0.250624 3.395196
40.123 2.658388 0.573928 0.205246 3.406597
40.223 2.666605 0.575519 0.180811 3.414966
40.323 2.686768 0.578462 0.121470 3.435343
40.423 2.699341 0.579693 0.083073 3.447976
40.523 2.709692 0.580345 0.051657 3.458347
40.623 2.725819 0.580759 0.006278 3.474480
40.723 2.739339 0.580477 -0.039100 3.488003
40.831 2.749907 0.579856 -0.070516 3.498589
40.923 2.766862 0.578162 -0.121131 3.515629
41.023 2.779905 0.576229 -0.161273 3.528814
41.123 2.791026 0.574294 -0.182217 3.540102
41.223 2.821882 0.583719 -0.222324 3.572365
41.323 2.851769 0.598975 -0.261384 3.605921
41.423 2.869159 0.594076 -0.285818 3.623988
41.523 2.882076 0.590026 -0.315489 3.637526
41.623 2.892210 0.586575 -0.332942 3.648230
41.723 2.909624 0.580430 -0.345509 3.666697
41.823 2.917625 0.577550 -0.345509 3.675200
41.923 2.934256 0.571458 -0.354410 3.692912
42.023 2.948212 0.566148 -0.370292 3.707844
42.123 2.964004 0.559964 -0.365231 3.724804
42.223 2.974743 0.555960 -0.353014 3.736266
42.323 2.985554 0.552128 -0.335386 3.747735
42.424 3.005162 0.545828 -0.291578 3.768330
42.523 3.016400 0.542652 -0.267143 3.780008
42.623 3.027230 0.539840 -0.242709 3.791198
42.723 3.046651 0.535473 -0.204311 3.811104
42.823 3.058516 0.533154 -0.185113 3.823193
42.923 3.075683 0.530293 -0.153697 3.840597
43.024 3.089489 0.528367 -0.127342 3.854537
43.123 3.100901 0.527054 -0.106398 3.866024
43.223 3.118975 0.525430 -0.074808 3.884171
43.323 3.130594 0.524728 -0.055609 3.895811
43.423 3.146667 0.524026 -0.036411 3.911899
43.523 3.105086 0.574719 -0.009431 3.977464
43.623 3.116927 0.574664 -0.004195 3.989305
43.723 3.134974 0.574667 0.002786 4.007352
43.823 3.149954 0.574725 0.004532 4.022332
43.923 3.161923 0.574779 0.004532 4.034301
44.023 3.174341 0.574841 0.006451 4.046719
44.123 3.194820 0.574957 0.006451 4.067198
44.223 3.206968 0.575036 0.006451 4.079346
44.323 3.218750 0.575122 0.008197 4.091129
44.424 3.239819 0.575279 0.008197 4.112198
44.523 3.251049 0.575361 0.008197 4.123429
44.624 3.263205 0.575451 0.008197 4.135585
44.723 3.283690 0.575619 0.010117 4.156071
44.824 3.295039 0.575728 0.011862 4.167421
44.923 3.313028 0.575931 0.011862 4.185410
45.024 3.327744 0.576134 0.015527 4.200127
45.123 3.339394 0.576315 0.015527 4.211779
45.223 3.357021 0.576589 0.015527 4.229408
45.323 3.371524 0.576825 0.015527 4.243913
45.423 3.382953 0.577002 0.015527 4.255343
45.523 3.394470 0.577165 0.011862 4.266861
45.623 3.415376 0.577393 0.010117 4.287769
45.723 3.427235 0.577490 0.008197 4.299628
45.823 3.445438 0.577639 0.008197 4.317832
45.923 3.459792 0.577757 0.008197 4.332187
46.023 3.471518 0.577837 0.006451 4.343913
46.123 3.489552 0.577935 0.004532 4.361947
46.223 3.504261 0.578002 0.004532 4.376656
46.323 3.515894 0.578035 0.002786 4.388289
46.423 3.533150 0.578083 0.002786 4.405545
46.523 3.547513 0.578123 0.002786 4.419909
46.623 3.650222 0.701843 0.060764 4.580706
46.723 3.666674 0.702680 0.038075 4.597180
46.823 3.677433 0.703051 0.031094 4.607945
46.923 3.693959 0.703291 0.004914 4.624473
47.023 3.708883 0.703250 -0.012539 4.639397
47.123 3.723464 0.702870 -0.031913 4.653983
47.223 3.734953 0.702373 -0.049366 4.665482
47.323 3.752440 0.701334 -0.063503 4.683000
47.423 3.767549 0.700320 -0.072230 4.698144
47.523 3.778987 0.699476 -0.074150 4.709612
47.623 3.796158 0.698115 -0.082876 4.726837
47.723 3.810330 0.696933 -0.084622 4.741058
47.823 3.821737 0.695945 -0.086367 4.752509
47.923 3.833696 0.694910 -0.086367 4.764512
48.023 3.854813 0.693152 -0.080956 4.785702
48.123 3.866807 0.692179 -0.080956 4.797736
48.223 3.878742 0.691188 -0.082876 4.809712
48.323 3.899060 0.689515 -0.072230 4.830098
48.423 3.910452 0.688740 -0.063503 4.841517
48.524 3.927879 0.687768 -0.050937 4.858971
48.623 3.939734 0.687202 -0.045526 4.870839
48.723 3.957416 0.686600 -0.029818 4.888531
48.823 3.972178 0.686175 -0.028073 4.903300
48.923 3.983602 0.685874 -0.022837 4.914728
49.023 3.997790 0.685614 -0.012365 4.928918
49.123 4.015038 0.685492 -0.005384 4.946167
49.223 4.026875 0.685459 -0.001893 4.958003
49.323 4.044772 0.685451 -0.000148 4.975901
49.423 4.058678 0.685464 0.001598 4.989806
49.528 4.073411 0.685492 0.003343 5.004539
49.624 4.085223 0.685531 0.003343 5.016351
49.723 4.119928 0.724052 0.030183 5.068200
49.823 4.143106 0.752745 0.050595 5.105085
49.923 4.160793 0.753656 0.052340 5.122795
50.023 4.175231 0.754387 0.050595 5.137251
50.123 4.187087 0.754987 0.050595 5.149123
50.223 4.205378 0.755906 0.048675 5.167437
50.324 4.216956 0.756493 0.050595 5.179030
50.423 4.234462 0.757405 0.052340 5.196560
50.523 4.249022 0.758173 0.052340 5.211140
50.623 4.263655 0.758924 0.050595 5.225792
50.723 4.275911 0.759550 0.052340 5.238065
50.823 4.288017 0.760185 0.052340 5.250187
50.923 4.308697 0.761328 0.054260 5.270898
51.025 4.320430 0.761960 0.052340 5.282648
51.123 4.331530 0.762542 0.052340 5.293764
51.223 4.351467 0.763570 0.050595 5.313727
51.323 4.363288 0.764169 0.050595 5.325564
51.423 4.381028 0.765067 0.050595 5.343326
51.537 4.393040 0.765676 0.050595 5.355353
51.624 4.410613 0.766565 0.050595 5.372949
51.724 4.425434 0.767321 0.052340 5.387789
51.823 4.437032 0.767913 0.050595 5.399402
51.924 4.448995 0.768524 0.050595 5.411381
52.023 4.466884 0.769255 0.034712 5.429285
52.123 4.484376 0.769713 0.022495 5.446783
52.223 4.499228 0.770047 0.022495 5.461639
52.323 4.511546 0.770309 0.020750 5.473960
52.423 4.524876 0.770585 0.020750 5.487292
52.523 4.540505 0.770869 0.013768 5.502924
52.623 4.550879 0.770695 -0.033356 5.513300
52.723 4.563963 0.769814 -0.087286 5.526413
52.827 4.579007 0.768306 -0.096013 5.541532
52.923 4.593292 0.785365 -0.088300 5.563783
53.023 4.624818 0.860762 -0.080399 5.645506
53.123 4.642152 0.859591 -0.057360 5.662880
53.226 4.652490 0.859085 -0.043223 5.673230
53.323 4.663607 0.858609 -0.050204 5.684357
53.423 4.682198 0.857523 -0.064516 5.702979
53.523 4.689185 0.857183 -0.036765 5.709975
53.623 4.691918 0.857131 -0.005349 5.712708
53.725 4.692955 0.857150 0.089073 5.713746
53.823 4.692506 0.857091 0.216307 5.714199
53.923 4.691731 0.856882 0.296593 5.715002
54.023 4.691051 0.856635 0.403058 5.715725
54.123 4.690865 0.856600 0.533957 5.715914
54.223 4.695356 0.859656 0.621224 5.721345
54.323 4.705091 0.868072 0.767831 5.734214
54.423 4.711710 0.875117 0.844626 5.743881
54.524 4.718109 0.883093 0.923166 5.754106
54.624 4.657712 0.898721 1.183685 5.816492
54.724 4.662557 0.911974 1.241281 5.830603
54.836 4.666235 0.923819 1.290150 5.843006
54.923 4.669422 0.936516 1.346000 5.856096
55.024 4.691158 0.963029 1.404465 5.890381
55.123 4.740458 0.999960 1.436118 5.951979
55.223 4.742410 1.020592 1.504186 5.972704
55.323 4.742865 1.032242 1.547819 5.984363
55.423 4.742888 1.043020 1.580981 5.995140
55.525 4.742237 1.059976 1.629675 6.012109
55.623 4.741364 1.069976 1.675228 6.022147
55.723 4.739658 1.082539 1.725668 6.034825
55.824 4.782548 1.112676 1.708281 6.087244
55.923 4.780618 1.124331 1.751914 6.099058
56.023 4.777551 1.138370 1.807765 6.113428
56.123 4.772727 1.155532 1.868851 6.131255
56.223 4.769001 1.166749 1.905503 6.143075
56.323 4.764915 1.177806 1.935174 6.154863
56.423 4.757820 1.194951 1.984043 6.173418
56.523 4.753450 1.204367 2.015459 6.183799
56.623 4.745596 1.220080 2.048620 6.201365
56.723 4.737147 1.235532 2.085272 6.218976
56.823 4.732723 1.243118 2.106216 6.227758
56.923 4.723347 1.258260 2.141122 6.245568
57.024 4.691941 1.250226 2.162595 6.277984
57.123 4.678825 1.248648 2.180877 6.291196
57.223 4.668746 1.262147 2.236727 6.308042
57.323 4.659268 1.273449 2.290832 6.322792
57.423 4.651420 1.281964 2.330975 6.334372
57.524 4.639194 1.294052 2.376353 6.351565
57.623 4.634947 1.298131 2.376353 6.357453
57.734 4.634991 1.298088 2.376353 6.357514
57.823 4.635063 1.298020 2.376353 6.357614
57.923 4.635063 1.298020 2.376353 6.357614
58.023 4.635063 1.298020 2.376353 6.357614
58.124 4.635063 1.298020 2.376353 6.357614
58.223 4.635063 1.298020 2.376353 6.357614
58.323 4.635063 1.298020 2.376353 6.357614
58.424 4.635063 1.298020 2.376353 6.357614
58.523 4.635063 1.298020 2.376353 6.357614
58.623 4.635063 1.298020 2.376353 6.357614
58.723 4.635063 1.298020 2.376353 6.357614
58.823 4.635063 1.298020 2.376353 6.357614
58.926 4.635063 1.298020 2.376353 6.357614
59.023 4.635063 1.298020 2.376353 6.357614
59.123 4.635063 1.298020 2.376353 6.357614
59.225 4.635063 1.298020 2.376353 6.357614
59.344 4.635063 1.298020 2.376353 6.357614
59.423 4.635063 1.298020 2.376353 6.357614
59.523 4.635063 1.298020 2.376353 6.357614
59.623 4.635063 1.298020 2.376353 6.357614
59.723 4.635063 1.298020 2.376353 6.357614
59.834 4.635063 1.298020 2.376353 6.357614
59.923 4.635063 1.298020 2.376353 6.357614
60.023 4.635063 1.298020 2.376353 6.357614
60.123 4.635063 1.298020 2.376353 6.357614
60.223 4.635063 1.298020 2.376353 6.357614
60.323 4.636642 1.290966 2.358441 6.364842
60.427 4.636597 1.280801 2.334177 6.375007
60.523 4.636597 1.280801 2.334177 6.375007
60.623 4.636597 1.280801 2.334177 6.375007
60.723 4.636597 1.280801 2.334177 6.375007
60.823 4.636597 1.280801 2.334177 6.375007
60.923 4.636597 1.280801 2.334177 6.375007
61.023 4.636597 1.280801 2.334177 6.375007
61.123 4.636597 1.280801 2.334177 6.375007
61.223 4.636597 1.280801 2.334177 6.375007
61.323 4.636597 1.280801 2.334177 6.375007
61.423 4.636597 1.280801 2.334177 6.375007
61.523 4.636597 1.280801 2.334177 6.375007
61.623 4.636597 1.280801 2.334177 6.375007
61.723 4.636597 1.280801 2.334177 6.375007
61.823 4.636597 1.280801 2.334177 6.375007
61.923 4.636597 1.280801 2.334177 6.375007
62.023 4.636597 1.280801 2.334177 6.375007
62.123 4.636597 1.280801 2.334177 6.375007
62.223 4.636597 1.280801 2.334177 6.375007
62.323 4.636597 1.280801 2.334177 6.375007
62.423 4.636597 1.280801 2.334177 6.375007
62.523 4.636597 1.280801 2.334177 6.375007
62.623 4.636597 1.280801 2.334177 6.375007
62.723 4.636597 1.280801 2.334177 6.375007
62.823 4.636597 1.280801 2.334177 6.375007
62.925 4.636597 1.280801 2.334177 6.375007
63.026 4.635205 1.280104 2.334177 6.376564
63.123 4.633472 1.279238 2.334177 6.378501
63.223 4.633472 1.279238 2.334177 6.378501
63.323 4.633472 1.279238 2.334177 6.378501
63.423 4.633472 1.279238 2.334177 6.378501
63.524 4.633472 1.279238 2.334177 6.378501
63.624 4.633472 1.279238 2.334177 6.378501
63.725 4.633472 1.279238 2.334177 6.378501
63.823 4.633472 1.279238 2.334177 6.378501
63.923 4.633472 1.279238 2.334177 6.378501
64.023 4.633472 1.279238 2.334177 6.378501
64.125 4.633472 1.279238 2.334177 6.378501
64.223 4.633472 1.279238 2.334177 6.378501
64.323 4.633472 1.279238 2.334177 6.378501
64.423 4.633472 1.279238 2.334177 6.378501
64.523 4.630529 1.282295 2.337668 6.382745
64.623 4.622039 1.291105 2.337668 6.394980
64.723 4.616140 1.297216 2.337668 6.403474
64.823 4.604473 1.309308 2.339413 6.420276
64.923 4.594023 1.320146 2.337668 6.435332
65.023 4.586020 1.328444 2.337668 6.446860
65.123 4.573993 1.340932 2.337668 6.464198
65.223 4.563679 1.351643 2.337668 6.479067
65.324 4.555654 1.359971 2.337668 6.490632
65.423 4.544226 1.371824 2.337668 6.507098
65.523 4.534710 1.381693 2.339413 6.520807
65.623 4.526504 1.390179 2.339413 6.532612
65.724 4.514413 1.402682 2.339413 6.550005
65.823 4.505129 1.412303 2.337668 6.563375
65.923 4.497841 1.419887 2.335923 6.573893
66.024 4.489332 1.428530 2.353376 6.586022
66.125 4.479793 1.437959 2.365593 6.599435
66.226 4.472756 1.444865 2.365593 6.609294
66.323 4.463246 1.454217 2.365593 6.622632
66.423 4.408169 1.453321 2.369808 6.677716
66.523 4.395360 1.465786 2.369808 6.695589
66.623 4.385278 1.475570 2.371553 6.709638
66.723 4.376471 1.484111 2.371553 6.721906
66.823 4.366001 1.494243 2.373299 6.736477
66.923 4.360559 1.499503 2.373299 6.744045
67.023 4.360373 1.499681 2.373299 6.744302
67.124 4.360416 1.499641 2.373299 6.744361
67.223 4.360416 1.499641 2.373299 6.744361
67.323 4.360416 1.499641 2.373299 6.744361
67.423 4.360416 1.499641 2.373299 6.744361
67.523 4.360416 1.499641 2.373299 6.744361
67.623 4.360416 1.499641 2.373299 6.744361
67.723 4.360416 1.499641 2.373299 6.744361
67.823 4.360416 1.499641 2.373299 6.744361
67.923 4.360416 1.499641 2.373299 6.744361
68.024 4.360416 1.499641 2.373299 6.744361
68.123 4.360416 1.499641 2.373299 6.744361
68.224 4.360416 1.499641 2.373299 6.744361
68.323 4.357598 1.502364 2.373299 6.748279
68.423 4.347557 1.512096 2.371553 6.762263
68.524 4.343397 1.516144 2.369808 6.768067
68.623 4.333056 1.526233 2.368063 6.782514
68.723 4.326878 1.532282 2.366317 6.791160
68.823 4.318486 1.540527 2.364572 6.802925
68.923 4.303572 1.555281 2.359336 6.823904
69.023 4.295294 1.563551 2.355845 6.835605
69.123 4.287121 1.571751 2.352355 6.847182
69.223 4.272888 1.586282 2.343628 6.867523
69.323 4.264838 1.594588 2.338392 6.879089
69.423 4.234508 1.605264 2.315010 6.911243
69.523 4.212654 1.612240 2.296548 6.934184
69.623 4.201777 1.624563 2.289567 6.950621
69.723 4.192507 1.635136 2.291312 6.964683
69.823 4.184718 1.644023 2.291312 6.976499
69.923 4.175194 1.654856 2.293058 6.990923
70.025 4.163560 1.668037 2.294803 7.008504
70.126 4.156294 1.676246 2.296548 7.019467
70.223 4.144308 1.689739 2.298294 7.037515
70.323 4.138398 1.696383 2.296548 7.046407
70.423 4.124458 1.712047 2.298294 7.067376
70.523 4.117163 1.720210 2.301784 7.078323
70.623 4.109598 1.728640 2.303530 7.089651
70.723 4.095715 1.744052 2.303530 7.110393
70.823 4.087797 1.752874 2.301784 7.122247
70.923 4.079925 1.761645 2.303530 7.134033
71.023 4.066234 1.776829 2.305275 7.154478
71.131 4.058597 1.785272 2.307020 7.165863
71.223 4.050788 1.793889 2.307020 7.177492
71.323 4.037091 1.808959 2.308766 7.197856
71.423 4.031288 1.815340 2.308766 7.206482
71.523 4.017203 1.830790 2.312256 7.227387
71.623 4.009512 1.839165 2.314002 7.238759
71.727 4.001401 1.847938 2.319238 7.250707
71.824 3.987207 1.863115 2.326219 7.271487
71.924 3.979033 1.871795 2.326219 7.283409
72.025 3.971179 1.880090 2.327964 7.294833
72.123 3.956329 1.895747 2.331455 7.316412
72.224 3.948200 1.904296 2.329710 7.328209
72.323 3.939959 1.912948 2.333200 7.340157
72.423 3.929525 1.923858 2.334946 7.355254
72.523 3.917555 1.936305 2.336691 7.372522
72.623 3.885739 1.881140 2.361810 7.436205
72.723 3.865555 1.880695 2.364040 7.456393
72.823 3.857265 1.888919 2.357059 7.468070
72.923 3.849387 1.896812 2.353568 7.479222
73.023 3.836765 1.909635 2.344841 7.497215
73.123 3.829421 1.917192 2.339605 7.507753
73.223 3.821307 1.925625 2.336115 7.519455
73.323 3.807138 1.940448 2.332624 7.539961
73.423 3.798973 1.949015 2.330879 7.551796
73.523 3.791196 1.957196 2.330879 7.563083
73.623 3.777072 1.972053 2.330879 7.583582
73.723 3.768775 1.980804 2.329133 7.595642
73.823 3.761017 1.988994 2.329133 7.606923
73.923 3.747768 2.003202 2.308189 7.626350
74.023 3.740441 2.011505 2.282009 7.637423
74.123 3.733114 2.020163 2.268047 7.648765
74.223 3.720394 2.036328 2.215687 7.669335
74.323 3.713327 2.045868 2.203470 7.681207
74.423 3.706999 2.054752 2.184271 7.692114
74.523 3.698581 2.066962 2.166818 7.706945
74.623 3.689623 2.080447 2.145874 7.723134
74.725 3.683749 2.089458 2.158091 7.733891
74.823 3.673148 2.105188 2.172054 7.752860
74.925 3.666871 2.114210 2.180780 7.763851
75.023 3.659967 2.123784 2.203470 7.775654
75.123 3.651318 2.135288 2.222668 7.790046
75.223 3.642040 2.147247 2.243612 7.805183
75.327 3.635849 2.155009 2.241867 7.815112
75.424 3.623379 2.170885 2.231395 7.835299
75.523 3.616179 2.180003 2.243612 7.846917
75.623 3.607149 2.191335 2.243612 7.861407
75.724 3.599766 2.200552 2.247103 7.873216
75.823 3.505673 2.228623 2.221773 7.971407
75.924 3.494645 2.243038 2.225264 7.989557
76.023 3.489180 2.250153 2.227009 7.998529
76.123 3.478449 2.264235 2.216537 8.016234
76.223 3.468242 2.278025 2.200829 8.033390
76.323 3.463018 2.285216 2.197338 8.042278
76.423 3.456853 2.293818 2.192102 8.052861
76.523 3.445580 2.309646 2.195593 8.072293
76.625 3.439418 2.318151 2.199084 8.082796
76.723 3.429340 2.331947 2.204320 8.099881
76.823 3.418826 2.346071 2.213046 8.117489
76.923 3.413506 2.353097 2.220028 8.126301
77.023 3.402997 2.366765 2.230500 8.143543
77.124 3.392516 2.379913 2.251443 8.160357
77.223 3.386531 2.387103 2.270642 8.169712
77.323 3.375245 2.399893 2.307294 8.186770
77.423 3.363705 2.412327 2.326493 8.203733
77.528 3.357798 2.418465 2.340455 8.212252
77.624 3.345247 2.431350 2.345691 8.230240
77.724 3.335098 2.441699 2.347437 8.244734
77.823 3.326670 2.450269 2.349182 8.256754
77.923 3.314131 2.463036 2.338710 8.274649
78.023 3.306285 2.471340 2.324747 8.286073
78.123 3.292571 2.486285 2.309039 8.306356
78.223 3.284912 2.494725 2.307294 8.317754
78.323 3.276905 2.503636 2.298567 8.329734
78.423 3.265283 2.516906 2.282859 8.347374
78.523 3.258091 2.525354 2.267151 8.358469
78.627 3.251200 2.533708 2.256679 8.369298
78.723 3.242286 2.544825 2.240972 8.383548
78.826 3.207879 2.549234 2.242647 8.418235
78.923 3.160228 2.542341 2.246019 8.466382
79.023 3.148882 2.556767 2.233801 8.484735
79.123 3.141769 2.565907 2.232056 8.496317
79.223 3.134713 2.575008 2.230311 8.507832
79.323 3.125544 2.586860 2.230311 8.522818
79.423 3.115904 2.599303 2.230311 8.538558
79.527 3.105153 2.613093 2.233801 8.556044
79.624 3.098199 2.621982 2.235547 8.567330
79.723 3.089330 2.633299 2.235547 8.581708
79.823 3.078458 2.647103 2.239037 8.599279
79.923 3.070888 2.656693 2.239037 8.611496
80.026 3.061951 2.667802 2.254745 8.625755
80.123 3.050668 2.681434 2.266963 8.643450
80.225 3.043197 2.690366 2.268708 8.655095
80.323 3.035689 2.699310 2.270453 8.666772
80.424 3.022923 2.714417 2.273944 8.686551
80.523 3.016096 2.722478 2.272199 8.697114
80.623 3.002800 2.738233 2.270453 8.717730
80.723 2.995295 2.747214 2.265217 8.729434
80.823 2.988015 2.755986 2.261727 8.740834
80.923 2.976987 2.769403 2.256491 8.758201
81.023 2.967784 2.780683 2.254745 8.772759
81.131 2.960937 2.789107 2.253000 8.783615
81.223 2.949378 2.803438 2.246019 8.802026
81.323 2.940389 2.814704 2.244273 8.816439
81.423 2.933715 2.823232 2.232056 8.827268
81.523 2.924334 2.835529 2.219839 8.842735
81.628 2.915307 2.847436 2.218093 8.857677
81.724 2.908250 2.856771 2.218093 8.869379
81.823 2.898145 2.870130 2.218093 8.886129
81.923 2.891678 2.878700 2.216348 8.896866
82.023 2.848724 2.882354 2.210442 8.939975
82.123 2.796895 2.881304 2.200836 8.991815
82.226 2.790383 2.890340 2.188618 9.002953
82.323 2.780827 2.904094 2.167674 9.019701
82.423 2.773868 2.914629 2.150221 9.032327
82.525 2.766633 2.926048 2.129277 9.045845
82.623 2.760697 2.935753 2.115315 9.057221
82.725 2.752146 2.950235 2.092625 9.074039
82.826 2.745686 2.961776 2.069936 9.087265
82.926 2.742279 2.968087 2.062955 9.094438
83.024 2.734469 2.983381 2.024557 9.111610
83.125 2.731239 2.990322 1.998378 9.119265
83.223 2.728154 2.997406 1.970452 9.126992
83.325 2.723961 3.007114 1.991396 9.137567
83.423 2.722125 3.011055 2.014085 9.141915
83.523 2.718432 3.018380 2.054228 9.150118
83.623 2.706777 3.037567 2.157202 9.172568
83.723 2.699153 3.048192 2.216544 9.185645
83.824 2.691704 3.057348 2.275885 9.197448
83.924 2.677941 3.071665 2.380605 9.217307
84.023 2.669013 3.079532 2.441691 9.229207
84.123 2.655538 3.089944 2.513250 9.246236
84.223 2.644008 3.097640 2.576082 9.260098
84.323 2.631833 3.101735 2.630108 9.272944
84.423 2.569871 3.086693 2.766345 9.336705
84.526 2.559711 3.090382 2.804568 9.347515
84.623 2.542835 3.095709 2.856928 9.365211
84.726 2.528742 3.099443 2.898990 9.379790
84.827 2.517780 3.101863 2.939133 9.391017
84.923 2.500869 3.104748 2.994983 9.408172
85.023 2.487605 3.106370 3.036871 9.421535
85.126 2.478375 3.107943 3.060537 9.430897
85.227 2.468968 3.110424 3.039336 9.440626
85.323 2.456378 3.111531 3.055044 9.453265
85.428 2.454666 3.111681 3.053125 9.454983
85.523 2.455124 3.111640 3.051379 9.455443
85.624 2.455449 3.111611 3.051379 9.455769
85.724 2.455449 3.111611 3.051379 9.455769
85.828 2.455449 3.111611 3.051379 9.455769
85.923 2.455449 3.111611 3.051379 9.455769
86.026 2.455449 3.111611 3.051379 9.455769
86.123 2.455449 3.111611 3.051379 9.455769
86.223 2.455449 3.111611 3.051379 9.455769
86.323 2.455449 3.111611 3.051379 9.455769
86.423 2.455449 3.111611 3.051379 9.455769
86.523 2.455449 3.111611 3.051379 9.455769
86.623 2.455449 3.111611 3.051379 9.455769
86.723 2.455449 3.111611 3.051379 9.455769
86.823 2.455449 3.111611 3.051379 9.455769
86.923 2.455449 3.111611 3.051379 9.455769
87.023 2.455449 3.111611 3.051379 9.455769
87.123 2.455449 3.111611 3.051379 9.455769
87.223 2.455449 3.111611 3.051379 9.455769
87.323 2.454560 3.111684 3.061851 9.456662
87.423 2.447949 3.112075 3.093267 9.463284
87.525 2.434366 3.112298 -3.141049 9.476868
87.623 2.420909 3.111925 -3.095670 9.490331
87.723 2.409001 3.111114 -3.060764 9.502266
87.823 2.392827 3.109379 -3.013640 9.518533
87.923 2.380242 3.107454 -2.976988 9.531265
88.023 2.368802 3.105392 -2.952553 9.542889
88.123 2.351556 3.101653 -2.912411 9.560536
88.223 2.350169 3.092494 -2.898469 9.569799
88.323 2.339214 3.089726 -2.893233 9.581099
88.423 2.324573 3.085857 -2.879270 9.596242
88.523 2.312440 3.082525 -2.868798 9.608824
88.623 2.298896 3.078715 -2.867053 9.622894
88.723 2.287704 3.075563 -2.867053 9.634522
88.823 2.276528 3.072395 -2.865308 9.646138
88.923 2.259994 3.067706 -2.865308 9.663324
89.023 2.243133 3.062851 -2.860072 9.680869
89.123 2.228764 3.058685 -2.858326 9.695831
89.223 2.217443 3.055378 -2.856581 9.707624
89.323 2.203560 3.051306 -2.854836 9.722093
89.424 2.186254 3.046225 -2.856581 9.740129
89.523 2.175469 3.043065 -2.856581 9.751367
89.623 2.165390 3.040131 -2.858326 9.761865
89.723 2.164267 3.039804 -2.858326 9.763035
89.823 2.164529 3.039880 -2.858326 9.763308
89.923 2.164587 3.039897 -2.858326 9.763368
90.023 2.164587 3.039897 -2.858326 9.763368
90.123 2.164587 3.039897 -2.858326 9.763368
90.232 2.164587 3.039897 -2.858326 9.763368
90.324 2.164587 3.039897 -2.858326 9.763368
90.423 2.164587 3.039897 -2.858326 9.763368
90.523 2.164587 3.039897 -2.858326 9.763368
90.623 2.164587 3.039897 -2.858326 9.763368
90.723 2.164587 3.039897 -2.858326 9.763368
90.824 2.164587 3.039897 -2.858326 9.763368
90.925 2.164587 3.039897 -2.858326 9.763368
91.024 2.164587 3.039897 -2.858326 9.763368
91.124 2.164587 3.039897 -2.858326 9.763368
91.223 2.164587 3.039897 -2.858326 9.763368
91.323 2.161179 3.000928 -2.854070 9.802486
91.423 2.157420 2.976366 -2.851443 9.827334
91.523 2.145239 2.972799 -2.860170 9.840027
91.623 2.140012 2.971307 -2.865406 9.845463
91.723 2.136298 2.970248 -2.863661 9.849325
91.823 2.136470 2.970297 -2.863661 9.849504
91.923 2.136547 2.970319 -2.863661 9.849584
92.023 2.133727 2.969514 -2.863661 9.852516
92.123 2.126372 2.967416 -2.863661 9.860165
92.223 2.120686 2.965762 -2.842717 9.866086
92.333 2.123660 2.966858 -2.772904 9.869256
92.423 2.124912 2.967377 -2.713562 9.870611
92.527 2.125499 2.967677 -2.661202 9.871270
92.623 2.126205 2.968081 -2.552992 9.872085
92.723 2.125946 2.967902 -2.489986 9.872400
92.823 2.124679 2.966837 -2.441291 9.874055
92.924 2.115473 2.958362 -2.367813 9.886568
93.023 2.111461 2.954415 -2.364496 9.892196
93.123 2.110709 2.953679 -2.366242 9.893248
93.223 2.110852 2.953819 -2.364496 9.893449
93.325 2.110852 2.953819 -2.364496 9.893449
93.423 2.110852 2.953819 -2.364496 9.893449
93.523 2.118060 2.973098 -2.376904 9.914031
93.627 2.117075 2.972159 -2.380569 9.915391
93.723 2.112492 2.967878 -2.394881 9.921662
93.823 2.102556 2.958876 -2.408843 9.935070
93.923 2.090063 2.947994 -2.433976 9.951638
94.023 2.080544 2.940157 -2.465392 9.963968
94.123 2.072753 2.933995 -2.481274 9.973901
94.223 2.061862 2.925814 -2.507629 9.987523
94.323 2.052912 2.919455 -2.530493 9.998502
94.423 2.045138 2.914156 -2.551437 10.007910
94.523 2.032019 2.905629 -2.572730 10.023556
94.623 2.025330 2.901401 -2.583202 10.031470
94.723 2.010060 2.892114 -2.600829 10.049342
94.823 2.000588 2.886506 -2.611301 10.060350
94.923 1.983543 2.876639 -2.625264 10.080045
95.023 1.973086 2.870798 -2.635736 10.092022
95.123 1.964759 2.866213 -2.639227 10.101528
95.223 1.949832 2.858129 -2.647953 10.118504
95.327 1.940734 2.853353 -2.663661 10.128779
95.424 1.931875 2.848852 -2.672388 10.138716
95.523 1.915743 2.840944 -2.695077 10.156681
95.623 1.906538 2.836567 -2.700313 10.166875
95.723 1.894256 2.830847 -2.712530 10.180424
95.823 1.879567 2.824190 -2.717766 10.196550
95.923 1.868879 2.819368 -2.717766 10.208276
96.023 1.855594 2.813380 -2.717766 10.222847
96.123 1.840648 2.806764 -2.726493 10.239192
96.223 1.831575 2.802788 -2.729984 10.249099
96.323 1.818118 2.796936 -2.735220 10.263773
96.423 1.802297 2.790150 -2.736965 10.280988
96.523 1.791470 2.785535 -2.738710 10.292758
96.623 1.780484 2.780853 -2.738710 10.304699
96.723 1.744465 2.747686 -2.924200 10.353662
96.827 1.733306 2.745227 -2.925946 10.365089
96.923 1.719041 2.742112 -2.927691 10.379691
97.023 1.702192 2.738426 -2.925946 10.396938
97.123 1.690442 2.735852 -2.925946 10.408967
97.223 1.679615 2.733480 -2.925946 10.420051
97.323 1.661016 2.729406 -2.925946 10.439090
97.423 1.651453 2.727311 -2.925946 10.448880
97.523 1.642725 2.725400 -2.925946 10.457815
97.623 1.631958 2.723041 -2.925946 10.468838
97.724 1.619555 2.720324 -2.925946 10.481534
97.825 1.608674 2.717834 -2.915474 10.492697
97.923 1.595349 2.714672 -2.903256 10.506392
98.023 1.578878 2.710473 -2.887548 10.523389
98.123 1.567346 2.707403 -2.878822 10.535323
98.233 1.547353 2.701956 -2.871840 10.556045
98.323 1.536991 2.699052 -2.866604 10.566806
98.423 1.522500 2.694812 -2.847406 10.581905
98.524 1.515364 2.692604 -2.840425 10.589375
98.623 1.501294 2.687935 -2.809009 10.604199
98.723 1.488414 2.683320 -2.782829 10.617881
98.823 1.473113 2.677347 -2.763630 10.634307
98.923 1.462003 2.672777 -2.742686 10.646320
99.023 1.445264 2.665471 -2.719997 10.664584
99.123 1.437372 2.661931 -2.719997 10.673234
99.223 1.420921 2.654425 -2.711270 10.691316
99.323 1.409956 2.649284 -2.698878 10.703426
99.423 1.399051 2.644054 -2.689977 10.715520
99.529 1.385483 2.637396 -2.682647 10.730634
99.625 1.378863 2.634061 -2.671826 10.738047
99.723 1.366036 2.627477 -2.666415 10.752465
99.823 1.354666 2.533241 -2.600082 10.847384
99.923 1.347259 2.528804 -2.603747 10.856017
100.023 1.335399 2.521807 -2.614393 10.869788
100.123 1.323828 2.515258 -2.637257 10.883084
100.224 1.314955 2.510493 -2.653140 10.893155
100.323 1.300130 2.502980 -2.686301 10.909776
100.423 1.286095 2.496431 -2.717717 10.925262
100.523 1.275454 2.491871 -2.747387 10.936840
100.623 1.261520 2.486262 -2.764841 10.951860
100.723 1.250320 2.482110 -2.794511 10.963806
100.823 1.239432 2.478322 -2.813710 10.975334
100.923 1.222206 2.472579 -2.825927 10.993492
101.023 1.208913 2.468333 -2.834654 11.007447
101.123 1.198529 2.465115 -2.846871 11.018318
101.225 1.183591 2.460688 -2.859089 11.033898
101.325 1.171003 2.457174 -2.880032 11.046967
101.423 1.160651 2.454480 -2.892250 11.057664
101.532 1.147206 2.451227 -2.913194 11.071496
101.624 1.135103 2.448492 -2.925411 11.083905
101.727 1.126865 2.446756 -2.937628 11.092324
101.823 1.115715 2.444539 -2.951591 11.103692
101.923 1.107251 2.442933 -2.956827 11.112307
102.023 1.098097 2.441391 -3.010932 11.121590
102.123 1.096803 2.441272 -3.094882 11.122890
102.223 1.096783 2.441265 3.118490 11.122910
102.324 1.097004 2.441254 3.013770 11.123131
102.424 1.097400 2.441175 2.926503 11.123535
102.523 1.097903 2.441046 2.858610 11.124054
102.623 1.098907 2.436026 2.667587 11.129174
102.723 1.087457 2.413660 2.460283 11.154299
102.823 1.088014 2.413141 2.346836 11.155061
102.923 1.086948 2.414428 2.257825 11.156732
103.023 1.081158 2.422756 2.126925 11.166876
103.123 1.076632 2.431257 2.013478 11.176507
103.232 1.073897 2.437921 1.926212 11.183710
103.324 1.066836 2.454479 1.786045 11.201711
103.425 1.060551 2.469572 1.686195 11.218060
103.523 1.060136 2.481871 1.555295 11.230366
103.623 1.061062 2.495286 1.468029 11.243813
103.723 1.062563 2.505629 1.401706 11.254265
103.836 1.065715 2.519064 1.296987 11.268065
103.923 1.049243 2.523497 1.221462 11.285122
104.023 1.029373 2.523117 1.168043 11.304996
104.123 1.034046 2.533287 1.124410 11.316188
104.223 1.042948 2.549906 1.042380 11.335041
104.323 1.047638 2.557395 0.991765 11.343877
104.424 1.055698 2.568587 0.916716 11.357669
104.523 1.062971 2.577347 0.855630 11.369055
104.623 1.050800 2.622223 0.826771 11.415552
104.723 1.061223 2.632754 0.769175 11.430369
104.823 1.070176 2.640990 0.727288 11.442535
104.923 1.078379 2.647984 0.694126 11.453314
105.023 1.092006 2.658500 0.634785 11.470527
105.123 1.102650 2.665792 0.578935 11.483429
105.223 1.111624 2.671362 0.542283 11.493991
105.323 1.125553 2.679023 0.475960 11.509888
105.423 1.134624 2.683403 0.435818 11.519961
105.523 1.119321 2.720777 0.429106 11.560347
105.623 1.119623 2.720915 0.429106 11.560680
105.723 1.119397 2.720812 0.429106 11.560929
105.823 1.119397 2.720812 0.429106 11.560929
105.923 1.119397 2.720812 0.429106 11.560929
106.023 1.119397 2.720812 0.429106 11.560929
106.123 1.119397 2.720812 0.429106 11.560929
106.223 1.119397 2.720812 0.429106 11.560929
106.323 1.119397 2.720812 0.429106 11.560929
106.423 1.119397 2.720812 0.429106 11.560929
106.523 1.119397 2.720812 0.429106 11.560929
106.623 1.119397 2.720812 0.429106 11.560929
106.723 1.119397 2.720812 0.429106 11.560929
106.823 1.119397 2.720812 0.429106 11.560929
106.928 1.119397 2.720812 0.429106 11.560929
107.023 1.119397 2.720812 0.429106 11.560929
107.123 1.119397 2.720812 0.429106 11.560929
107.223 1.119397 2.720812 0.429106 11.560929
107.323 1.119397 2.720812 0.429106 11.560929
107.423 1.119397 2.720812 0.429106 11.560929
107.523 1.120088 2.721128 0.429106 11.561689
107.623 1.127660 2.724610 0.432596 11.570024
107.723 1.134803 2.727959 0.441497 11.577913
107.823 1.145690 2.733157 0.445163 11.589977
107.923 1.161503 2.740735 0.446908 11.607512
108.023 1.172529 2.746033 0.446908 11.619744
108.123 1.184260 2.751672 0.448828 11.632761
108.223 1.199795 2.759065 0.441497 11.649965
108.323 1.210409 2.764048 0.436087 11.661690
108.423 1.220871 2.768907 0.434342 11.673226
108.523 1.239831 2.777674 0.432596 11.694114
108.637 1.247436 2.788745 0.443051 11.707546
108.723 1.242169 2.817515 0.495344 11.736794
108.823 1.256525 2.825239 0.491853 11.753096
108.923 1.266017 2.830271 0.484872 11.763841
109.027 1.277660 2.836379 0.479636 11.776988
109.123 1.289653 2.842594 0.476145 11.790496
109.223 1.299193 2.847481 0.469164 11.801214
109.327 1.312172 2.853975 0.456772 11.815727
109.423 1.325506 2.860373 0.439319 11.830517
109.523 1.334148 2.864313 0.420120 11.840015
109.625 1.345980 2.869522 0.409648 11.852942
109.723 1.361610 2.876119 0.390100 11.869908
109.826 1.366686 2.878206 0.390100 11.875396
109.925 1.384916 2.885413 0.363920 11.894999
110.023 1.400647 2.891317 0.356765 11.911801
110.123 1.411826 2.895445 0.353274 11.923718
110.224 1.427012 2.901014 0.351529 11.939894
110.323 1.439150 2.905442 0.349783 11.952814
110.423 1.449856 2.909347 0.349783 11.964210
110.523 1.463843 2.914428 0.348038 11.979091
110.623 1.480520 2.920478 0.348038 11.996831
110.723 1.492287 2.924724 0.346293 12.009341
110.823 1.505637 2.929510 0.342802 12.023523
110.923 1.521428 2.935130 0.341057 12.040284
111.023 1.532190 2.938928 0.337566 12.051697
111.123 1.543049 2.942740 0.337566 12.063206
111.223 1.562181 2.949334 0.321858 12.083442
111.323 1.573350 2.952955 0.305976 12.095183
111.423 1.589840 2.957955 0.288522 12.112415
111.523 1.604167 2.962135 0.281192 12.127339
111.623 1.615193 2.965272 0.275956 12.138802
111.726 1.650762 2.997736 0.178945 12.186959
111.823 1.665764 3.007639 0.110975 12.204935
111.923 1.677527 3.008913 0.105739 12.216767
112.023 1.689434 3.010161 0.102073 12.228739
112.123 1.709519 3.012209 0.100328 12.248928
112.223 1.721859 3.013549 0.110800 12.261341
112.323 1.733566 3.014889 0.116036 12.273124
112.423 1.753203 3.017613 0.156179 12.292949
112.523 1.764383 3.019625 0.191085 12.304309
112.623 1.775748 3.022019 0.215520 12.315923
112.723 1.795683 3.026878 0.255662 12.336442
112.823 1.807258 3.029935 0.260898 12.348414
112.923 1.821745 3.033864 0.268054 12.363424
113.026 1.838853 3.038816 0.290744 12.381234
113.123 1.850133 3.042309 0.304881 12.393043
113.223 1.861240 3.045899 0.318843 12.404716
113.324 1.879617 3.052199 0.339787 12.424142
113.423 1.890551 3.056243 0.359160 12.435800
113.523 1.902267 3.060752 0.374868 12.448354
113.623 1.919261 3.067824 0.408030 12.466761
113.723 1.928340 3.071842 0.425483 12.476689
113.823 1.936944 3.075850 0.442936 12.486181
113.924 1.950659 3.082653 0.470862 12.501490
114.023 1.957667 3.086297 0.488315 12.509390
114.123 1.964451 3.089966 0.500881 12.517102
114.223 1.977638 3.097232 0.495820 12.532158
114.327 1.985915 3.101663 0.487093 12.541546
114.423 1.993716 3.105745 0.476447 12.550351
114.523 2.004936 3.111540 0.476447 12.562979
114.623 2.015199 3.116800 0.467720 12.574511
114.724 2.020500 3.119463 0.464229 12.580444
114.823 2.033706 3.146339 0.467519 12.610389
114.923 2.053437 3.207666 0.471528 12.674812
115.023 2.066310 3.214153 0.462801 12.689227
115.127 2.075862 3.218908 0.461056 12.699897
115.223 2.090392 3.226016 0.450584 12.716073
115.323 2.097620 3.229477 0.445348 12.724087
115.423 2.111960 3.236245 0.434702 12.739943
115.523 2.124954 3.242101 0.413758 12.754196
115.623 2.140483 3.248530 0.382342 12.771003
115.723 2.151491 3.252869 0.371870 12.782836
115.823 2.165166 3.258065 0.357907 12.797465
115.932 2.180978 3.263822 0.343944 12.814292
116.023 2.191698 3.267598 0.336789 12.825657
116.123 2.203144 3.271583 0.333298 12.837777
116.223 2.222341 3.278182 0.329807 12.858077
116.323 2.233139 3.281848 0.326317 12.869481
116.423 2.243674 3.285413 0.326317 12.880602
116.523 2.259501 3.290709 0.319335 12.897292
116.623 2.268599 3.293654 0.305373 12.906855
116.723 2.279436 3.297002 0.293155 12.918197
116.823 2.299023 3.302568 0.263310 12.938559
116.923 2.309114 3.305141 0.240446 12.948973
117.023 2.319563 3.307628 0.229974 12.959715
117.123 2.340044 3.311993 0.196813 12.980656
117.223 2.351410 3.314158 0.184596 12.992226
117.323 2.362348 3.316159 0.179185 13.003345
117.423 2.381141 3.319400 0.161558 13.022415
117.523 2.391087 3.321008 0.159812 13.032491
117.624 2.402056 3.322675 0.140614 13.043585
117.723 2.419584 3.324666 0.091744 13.061226
117.823 2.429384 3.325383 0.062074 13.071053
117.926 2.434668 3.325651 0.048111 13.076343
118.026 2.459279 3.326273 0.007794 13.100962
118.125 2.470751 3.326258 -0.006169 13.112435
118.227 2.482201 3.326059 -0.023622 13.123886
118.323 2.506138 3.352627 -0.208006 13.159647
118.423 2.516086 3.350425 -0.223714 13.169835
118.523 2.526421 3.348041 -0.227205 13.180442
118.625 2.539346 3.345024 -0.230696 13.193714
118.723 2.556384 3.341028 -0.230696 13.211215
118.823 2.570614 3.337701 -0.228950 13.225828
118.923 2.587357 3.333857 -0.218478 13.243008
119.023 2.599288 3.331268 -0.211497 13.255216
119.123 2.611128 3.328809 -0.199280 13.267309
119.223 2.625360 3.326064 -0.188808 13.281803
119.323 2.642078 3.322914 -0.183572 13.298815
119.424 2.652407 3.320978 -0.185317 13.309324
119.524 2.665005 3.318621 -0.185317 13.322141
119.623 2.679577 3.315898 -0.185317 13.336965
119.723 2.688820 3.314170 -0.183572 13.346368
119.823 2.703324 3.311498 -0.181827 13.361116
119.923 2.720889 3.308321 -0.180081 13.378966
120.023 2.732096 3.306281 -0.180081 13.390357
120.123 2.742786 3.304316 -0.183572 13.401226
120.223 2.762228 3.300687 -0.185317 13.421004
120.323 2.773609 3.298544 -0.185317 13.432585
120.423 2.792113 3.295130 -0.178336 13.451402
120.523 2.808500 3.292222 -0.174845 13.468045
120.623 2.816545 3.290805 -0.173100 13.476213
120.723 2.828350 3.288699 -0.178336 13.488204
120.823 2.848974 3.284977 -0.178336 13.509162
120.923 2.860550 3.282896 -0.178336 13.520924
121.023 2.875026 3.280298 -0.178336 13.535631
121.134 2.891703 3.277302 -0.176591 13.552575
121.233 2.932252 3.331694 -0.183991 13.620418
121.323 2.946764 3.329009 -0.182246 13.635176
121.428 2.964778 3.325700 -0.180501 13.653491
121.523 2.975948 3.323633 -0.185737 13.664851
121.623 2.987585 3.321462 -0.185737 13.676688
121.723 3.004742 3.318182 -0.190973 13.694157
121.823 3.019418 3.315328 -0.194463 13.709108
121.923 3.030982 3.313045 -0.196209 13.720894
122.023 3.050698 3.309013 -0.208426 13.741019
122.124 3.061347 3.306731 -0.213662 13.751910
122.224 3.075533 3.303567 -0.224134 13.766444
122.323 3.092620 3.299585 -0.234606 13.783989
122.423 3.104194 3.296786 -0.239842 13.795897
122.523 3.115463 3.293978 -0.246823 13.807510
122.623 3.135440 3.288881 -0.250314 13.828127
122.723 3.146919 3.285941 -0.252059 13.839976
122.823 3.158320 3.283004 -0.252059 13.851750
122.923 3.178545 3.277855 -0.246823 13.872620
123.024 3.189657 3.275071 -0.245078 13.884075
123.123 3.207440 3.270677 -0.239842 13.902393
123.223 3.221409 3.267282 -0.238097 13.916769
123.324 3.233109 3.264486 -0.234606 13.928798
123.423 3.248917 3.260822 -0.220643 13.945026
123.523 3.261307 3.258096 -0.215407 13.957712
123.623 3.272602 3.255682 -0.210171 13.969261
123.723 3.289738 3.252105 -0.203190 13.986767
123.823 3.302502 3.249630 -0.187482 13.999769
123.923 3.312233 3.247828 -0.180501 14.009665
124.025 3.323305 3.245886 -0.170029 14.020906
124.125 3.342975 3.242680 -0.156066 14.040835
124.223 3.385775 3.298797 -0.141912 14.111412
124.323 3.401438 3.296645 -0.132836 14.127222
124.423 3.415039 3.294848 -0.131091 14.140942
124.525 3.426933 3.293318 -0.127426 14.152933
124.624 3.443387 3.291244 -0.123935 14.169518
124.723 3.453465 3.290022 -0.118525 14.179669
124.824 3.468667 3.288232 -0.116605 14.194977
124.923 3.483168 3.286511 -0.118525 14.209580
125.023 3.494514 3.285150 -0.118525 14.221006
125.125 3.512345 3.282975 -0.118525 14.238970
125.223 3.526542 3.281301 -0.116605 14.253265
125.323 3.537947 3.279987 -0.111194 14.264746
125.423 3.556037 3.277994 -0.107704 14.282945
125.523 3.570866 3.276419 -0.104038 14.297857
125.623 3.579436 3.275520 -0.102293 14.306474
125.723 3.589204 3.274532 -0.100373 14.316292
125.823 3.605269 3.273025 -0.087981 14.332428
125.923 3.616450 3.272092 -0.082745 14.343647
126.023 3.629493 3.271050 -0.077509 14.356733
126.123 3.642969 3.270035 -0.074019 14.370247
126.223 3.652898 3.269321 -0.070528 14.380201
126.323 3.663824 3.268577 -0.065292 14.391152
126.423 3.683635 3.267448 -0.053075 14.410996
126.523 3.694413 3.266921 -0.045919 14.421786
126.623 3.705971 3.266410 -0.042254 14.433356
126.723 3.726931 3.265573 -0.036843 14.454333
126.823 3.735984 3.265243 -0.035098 14.463391
126.923 3.747350 3.264865 -0.031607 14.474764
127.023 3.760234 3.264480 -0.029862 14.487654
127.123 3.772938 3.264122 -0.028117 14.500362
127.223 3.786356 3.263782 -0.022881 14.513785
127.323 3.801872 3.263428 -0.021135 14.529305
127.423 3.812421 3.263219 -0.019390 14.539856
127.523 3.834515 3.359854 0.110175 14.638985
127.625 3.851427 3.361567 0.082250 14.655984
127.723 3.862660 3.362352 0.059560 14.667244
127.823 3.877453 3.362870 0.015927 14.682046
127.923 3.894900 3.362683 -0.029451 14.699493
128.024 3.907207 3.362053 -0.064358 14.711817
128.123 3.918965 3.361081 -0.095774 14.723615
128.223 3.939172 3.358525 -0.141153 14.743983
128.323 3.950771 3.356762 -0.160526 14.755715
128.423 3.967983 3.353872 -0.169252 14.773169
128.523 3.981929 3.351453 -0.172743 14.787323
128.623 3.992510 3.349572 -0.179724 14.798069
128.723 4.004071 3.347396 -0.190196 14.809834
128.823 4.017989 3.344609 -0.200668 14.824028
128.923 4.029947 3.342111 -0.207650 14.836243
129.023 4.047002 3.338422 -0.216376 14.853694
129.127 4.060283 3.335430 -0.225103 14.867307
129.224 4.073645 3.332306 -0.233829 14.881029
129.323 4.083673 3.329858 -0.242556 14.891351
129.423 4.093536 3.327372 -0.249537 14.901523
129.523 4.111310 3.322666 -0.266991 14.919910
129.623 4.121541 3.319858 -0.268736 14.930519
129.723 4.133054 3.316667 -0.272227 14.942466
129.823 4.153029 3.311052 -0.275892 14.963215
129.923 4.164127 3.307915 -0.275892 14.974748
130.023 4.175566 3.304656 -0.279383 14.986642
130.123 4.195159 3.298978 -0.283048 15.007042
130.223 4.206368 3.295702 -0.283048 15.018719
130.323 4.216678 3.292733 -0.279383 15.029449
130.423 4.210694 3.343933 -0.292848 15.080997
130.523 4.203577 3.376341 -0.318747 15.114178
130.623 4.218635 3.371258 -0.332884 15.130071
130.723 4.227761 3.368047 -0.340040 15.139745
130.823 4.244325 3.362160 -0.343531 15.157325
130.923 4.258045 3.357240 -0.343531 15.171900
131.023 4.268804 3.353374 -0.345451 15.183333
131.123 4.281332 3.348866 -0.345451 15.196647
131.223 4.297108 3.343173 -0.347196 15.213419
131.324 4.308783 3.338954 -0.347196 15.225833
131.423 4.320367 3.334744 -0.347196 15.238158
131.524 4.338384 3.327887 -0.370060 15.257435
131.623 4.349069 3.323708 -0.373725 15.268909
131.730 4.360245 3.319290 -0.377390 15.280926
131.823 4.379585 3.311537 -0.380881 15.301763
131.923 4.390360 3.307222 -0.380881 15.313370
132.023 4.400983 3.302995 -0.375470 15.324802
132.123 4.417657 3.296545 -0.362904 15.342681
132.223 4.427829 3.292730 -0.357494 15.353545
132.323 4.444695 3.286562 -0.346673 15.371503
132.424 4.452921 3.283628 -0.341262 15.380237
132.523 4.471042 3.277374 -0.326950 15.399406
132.623 4.481864 3.273759 -0.319794 15.410816
132.726 4.491861 3.270453 -0.321540 15.421345
132.823 4.510767 3.264151 -0.323285 15.441274
132.927 4.521804 3.260413 -0.328696 15.452927
133.023 4.532803 3.256598 -0.336026 15.464569
133.123 4.551494 3.249947 -0.346847 15.484408
133.223 4.561730 3.246194 -0.354003 15.495311
133.325 4.574158 3.241523 -0.363079 15.508587
133.423 4.585003 3.237343 -0.371980 15.520210
133.523 4.600902 3.231016 -0.381056 15.537321
133.623 4.618559 3.246255 -0.377677 15.560645
133.723 4.654934 3.295103 -0.371781 15.621549
133.823 4.654802 3.295155 -0.371781 15.621691
133.923 4.654802 3.295155 -0.371781 15.621691
134.023 4.654802 3.295155 -0.371781 15.621691
134.123 4.654802 3.295155 -0.371781 15.621691
134.223 4.654802 3.295155 -0.371781 15.621691
134.323 4.654802 3.295155 -0.373526 15.621691
134.425 4.654783 3.295162 -0.375446 15.621711
134.533 4.654633 3.295221 -0.377191 15.621873
134.623 4.654373 3.295325 -0.380857 15.622153
134.724 4.654336 3.295340 -0.382602 15.622193
134.842 4.654299 3.295355 -0.384347 15.622233
134.923 4.654150 3.295415 -0.386267 15.622394
135.025 4.654168 3.295408 -0.389758 15.622414
135.123 4.654077 3.295446 -0.391678 15.622513
135.223 4.654002 3.295476 -0.395168 15.622593
135.326 4.654076 3.295445 -0.397088 15.622674
135.423 4.653837 3.295547 -0.402499 15.622934
135.523 4.653708 3.295602 -0.405989 15.623074
135.623 4.653745 3.295586 -0.402499 15.623115
135.727 4.655347 3.294904 -0.402499 15.624856
135.823 4.662669 3.291783 -0.402499 15.632815
135.923 4.669780 3.288760 -0.402499 15.640542
136.023 4.680920 3.284021 -0.402499 15.652649
136.125 4.689790 3.280245 -0.402499 15.662289
136.223 4.697252 3.277076 -0.400579 15.670395
136.323 4.706362 3.273214 -0.402499 15.680290
136.423 4.715287 3.269423 -0.400579 15.689988
136.523 4.728344 3.263893 -0.400579 15.704167
136.624 4.735567 3.260830 -0.400579 15.712012
136.723 4.743217 3.257590 -0.400579 15.720320
136.824 4.760462 3.264775 -0.422056 15.739002
136.923 4.767742 3.261506 -0.422056 15.746983
137.024 4.774631 3.258413 -0.422056 15.754534
137.126 4.787581 3.252601 -0.422056 15.768728
137.223 4.795015 3.249271 -0.420311 15.776874
137.323 4.802149 3.246075 -0.422056 15.784691
137.423 4.810918 3.242137 -0.422056 15.794304
137.523 4.821894 3.237212 -0.420311 15.806334
137.624 4.828860 3.234091 -0.422056 15.813968
137.723 4.832478 3.232466 -0.422056 15.817934
137.823 4.832092 3.232640 -0.422056 15.818357
137.928 4.832003 3.232680 -0.422056 15.818455
138.023 4.832003 3.232680 -0.422056 15.818455
138.130 4.832003 3.232680 -0.422056 15.818455
138.228 4.832003 3.232680 -0.422056 15.818455
138.325 4.832003 3.232680 -0.422056 15.818455
138.423 4.832003 3.232680 -0.422056 15.818455
138.523 4.831985 3.232688 -0.422056 15.818475
138.623 4.831765 3.232787 -0.422056 15.818716
138.723 4.831911 3.232721 -0.422056 15.818875
138.824 4.831892 3.232730 -0.422056 15.818895
138.923 4.831892 3.232730 -0.422056 15.818895
139.023 4.831934 3.232711 -0.422056 15.818941
139.123 4.831934 3.232711 -0.422056 15.818941
139.223 4.831934 3.232711 -0.422056 15.818941
139.323 4.831934 3.232711 -0.422056 15.818941
139.423 4.831934 3.232711 -0.422056 15.818941
139.523 4.831934 3.232711 -0.422056 15.818941
139.623 4.831971 3.232694 -0.422056 15.818982
139.723 4.831971 3.232694 -0.422056 15.818982
139.823 4.831971 3.232694 -0.422056 15.818982
139.923 4.876279 3.240869 -0.465943 15.864038
140.023 4.876279 3.240869 -0.465943 15.864038
140.123 4.876279 3.240869 -0.465943 15.864038
140.223 4.876279 3.240869 -0.465943 15.864038
140.323 4.876279 3.240869 -0.465943 15.864038
140.423 4.876279 3.240869 -0.465943 15.864038
140.525 4.876279 3.240869 -0.465943 15.864038
140.623 4.876279 3.240869 -0.465943 15.864038
140.723 4.876279 3.240869 -0.465943 15.864038
140.823 4.876279 3.240869 -0.465943 15.864038
140.926 4.876279 3.240869 -0.465943 15.864038
141.023 4.876279 3.240869 -0.465943 15.864038
141.123 4.876279 3.240869 -0.465943 15.864038
141.223 4.876279 3.240869 -0.465943 15.864038
141.323 4.876279 3.240869 -0.465943 15.864038
141.423 4.876279 3.240869 -0.465943 15.864038
141.523 4.876279 3.240869 -0.465943 15.864038
141.623 4.876279 3.240869 -0.465943 15.864038
141.723 4.876279 3.240869 -0.465943 15.864038
141.823 4.876279 3.240869 -0.465943 15.864038
141.923 4.876279 3.240869 -0.465943 15.864038
142.023 4.876279 3.240869 -0.465943 15.864038
142.123 4.876279 3.240869 -0.465943 15.864038
142.223 4.876279 3.240869 -0.465943 15.864038
142.323 4.876279 3.240869 -0.465943 15.864038
142.423 4.876279 3.240869 -0.465943 15.864038
142.523 4.876279 3.240869 -0.465943 15.864038
142.623 4.876279 3.240869 -0.465943 15.864038
142.723 4.876279 3.240869 -0.465943 15.864038
142.823 4.876279 3.240869 -0.465943 15.864038
142.923 4.833615 3.259871 -0.416773 15.910742
143.023 4.833615 3.259871 -0.416773 15.910742
143.123 4.833615 3.259871 -0.416773 15.910742
143.223 4.833615 3.259871 -0.416773 15.910742
143.323 4.833615 3.259871 -0.416773 15.910742
143.424 4.833615 3.259871 -0.416773 15.910742
143.523 4.833615 3.259871 -0.416773 15.910742
143.623 4.833615 3.259871 -0.416773 15.910742
143.723 4.833615 3.259871 -0.416773 15.910742
143.823 4.833615 3.259871 -0.416773 15.910742
143.923 4.833615 3.259871 -0.416773 15.910742
144.023 4.833615 3.259871 -0.416773 15.910742
144.123 4.833615 3.259871 -0.416773 15.910742
144.223 4.833615 3.259871 -0.416773 15.910742
144.323 4.833615 3.259871 -0.416773 15.910742
144.423 4.833615 3.259871 -0.416773 15.910742
144.523 4.833615 3.259871 -0.416773 15.910742
144.623 4.833597 3.259879 -0.416773 15.910762
144.723 4.833597 3.259879 -0.416773 15.910762
144.823 4.833597 3.259879 -0.416773 15.910762
144.923 4.833597 3.259879 -0.416773 15.910762
145.023 4.833597 3.259879 -0.416773 15.910762
145.123 4.833597 3.259879 -0.416773 15.910762
145.223 4.833597 3.259879 -0.416773 15.910762
145.323 4.833597 3.259879 -0.416773 15.910762
145.423 4.833597 3.259879 -0.416773 15.910762
145.523 4.833597 3.259879 -0.416773 15.910762
145.623 4.833597 3.259879 -0.416773 15.910762
145.723 4.833597 3.259879 -0.416773 15.910762
145.823 4.833597 3.259879 -0.416773 15.910762
145.923 4.833597 3.259879 -0.416773 15.910762
146.024 4.833599 3.259879 -0.416773 15.910763
146.123 4.833599 3.259879 -0.416773 15.910763
146.223 4.833599 3.259879 -0.416773 15.910763
146.323 4.833599 3.259879 -0.416773 15.910763
146.423 4.833599 3.259879 -0.416773 15.910763
146.523 4.833599 3.259879 -0.416773 15.910763
146.623 4.833599 3.259879 -0.416773 15.910763
146.723 4.833599 3.259879 -0.416773 15.910763
146.823 4.833599 3.259879 -0.416773 15.910763
146.923 4.833599 3.259879 -0.416773 15.910763
147.023 4.833599 3.259879 -0.416773 15.910763
147.123 4.833599 3.259879 -0.416773 15.910763
147.223 4.833599 3.259879 -0.416773 15.910763
147.323 4.833599 3.259879 -0.416773 15.910763
147.423 4.833599 3.259879 -0.416773 15.910763
147.523 4.833599 3.259879 -0.416773 15.910763
147.623 4.833599 3.259879 -0.416773 15.910763
147.723 4.833599 3.259879 -0.416773 15.910763
147.823 4.833599 3.259879 -0.416773 15.910763
147.923 4.833599 3.259879 -0.416773 15.910763
148.023 4.833599 3.259879 -0.416773 15.910763
148.123 4.833599 3.259879 -0.416773 15.910763
148.223 4.833599 3.259879 -0.416773 15.910763
148.323 4.833599 3.259879 -0.416773 15.910763
148.423 4.833599 3.259879 -0.416773 15.910763
148.523 4.833599 3.259879 -0.416773 15.910763
148.623 4.833599 3.259879 -0.416773 15.910763
148.723 4.833599 3.259879 -0.416773 15.910763
148.823 4.833599 3.259879 -0.416773 15.910763
148.924 4.833599 3.259879 -0.416773 15.910763
149.023 4.833599 3.259879 -0.416773 15.910763
149.123 4.833564 3.259895 -0.416773 15.910802
149.223 4.853334 3.295123 -0.459966 15.951198
149.323 4.853334 3.295123 -0.459966 15.951198
149.423 4.853334 3.295123 -0.459966 15.951198
149.523 4.853334 3.295123 -0.459966 15.951198
149.624 4.853334 3.295123 -0.459966 15.951198
149.723 4.853334 3.295123 -0.459966 15.951198
149.825 4.853334 3.295123 -0.459966 15.951198
149.923 4.853334 3.295123 -0.459966 15.951198
150.023 4.853334 3.295123 -0.459966 15.951198
150.123 4.853334 3.295123 -0.459966 15.951198
150.223 4.853334 3.295123 -0.459966 15.951198
150.323 4.853334 3.295123 -0.459966 15.951198
150.423 4.853334 3.295123 -0.459966 15.951198
150.523 4.853334 3.295123 -0.459966 15.951198
150.623 4.853334 3.295123 -0.459966 15.951198
150.723 4.853334 3.295123 -0.459966 15.951198
150.823 4.853334 3.295123 -0.459966 15.951198
150.923 4.853334 3.295123 -0.459966 15.951198
