# t_sec x y yaw_rad cum_dist_m
0.102 0.009360 0.002140 0.009375 0.000000
0.201 0.009360 0.002140 0.009375 0.000000
0.301 0.009360 0.002140 0.009375 0.000000
0.401 0.009360 0.002140 0.009375 0.000000
0.501 0.009360 0.002140 0.009375 0.000000
0.603 0.009360 0.002140 0.009375 0.000000
0.709 0.009360 0.002140 0.009375 0.000000
0.801 0.009360 0.002140 0.009375 0.000000
0.901 0.009360 0.002140 0.009375 0.000000
1.001 0.009360 0.002140 0.009375 0.000000
1.102 0.009360 0.002140 0.009375 0.000000
1.201 0.009360 0.002140 0.009375 0.000000
1.301 0.009442 0.002140 0.009375 0.000082
1.402 0.012486 0.002139 0.009387 0.003126
1.501 0.012486 0.002139 0.009387 0.003126
1.601 0.012486 0.002139 0.009387 0.003126
1.701 0.012526 0.002140 0.009387 0.003166
1.801 0.012492 0.002139 0.026841 0.003201
1.901 0.012412 0.002135 0.054940 0.003281
2.001 0.012621 0.002150 0.082691 0.003491
2.101 0.012764 0.002163 0.129815 0.003634
2.201 0.012745 0.002161 0.150759 0.003653
2.301 0.012606 0.002137 0.182175 0.003793
2.401 0.012802 0.002180 0.225808 0.003994
2.501 0.012785 0.002175 0.250243 0.004011
2.601 0.012399 0.002070 0.276423 0.004411
2.701 0.012820 0.002207 0.328783 0.004854
2.808 0.012743 0.002178 0.354788 0.004936
2.901 0.012500 0.002083 0.391614 0.005196
3.001 0.012538 0.002100 0.426521 0.005237
3.103 0.012700 0.002177 0.457937 0.005416
3.201 0.012558 0.002103 0.485862 0.005576
3.301 0.012069 0.001828 0.527750 0.006137
3.401 0.012511 0.002098 0.559341 0.006655
3.501 0.012594 0.002151 0.583775 0.006753
3.601 0.012365 0.001988 0.632644 0.007035
3.701 0.013152 0.003285 0.667186 0.008552
3.801 0.024331 0.020260 0.727779 0.028878
3.905 0.024185 0.020123 0.762685 0.029078
4.001 0.024061 0.019996 0.806144 0.029256
4.101 0.024332 0.020290 0.832324 0.029655
4.202 0.024321 0.020273 0.872641 0.029674
4.301 0.024268 0.020211 0.912784 0.029756
4.401 0.024209 0.020130 0.937218 0.029856
4.508 0.024467 0.020507 0.977361 0.030313
4.601 0.024479 0.020524 1.015758 0.030334
4.701 0.024299 0.020221 1.040193 0.030686
4.802 0.024316 0.020254 1.071609 0.030723
4.901 0.024322 0.020254 1.118733 0.030730
5.001 0.024220 0.020037 1.146658 0.030970
5.101 0.024342 0.020311 1.197272 0.031270
5.203 0.024328 0.020273 1.223452 0.031311
5.301 0.024423 0.020555 1.249632 0.031609
5.401 0.012797 0.004858 1.288796 0.051143
5.503 0.012787 0.004841 1.332429 0.051163
5.601 0.012804 0.004917 1.348137 0.051241
5.701 0.012743 0.004603 1.400497 0.051562
5.816 0.012761 0.004719 1.421790 0.051680
5.901 0.012742 0.004577 1.456696 0.051824
6.001 0.012764 0.004838 1.496664 0.052085
6.101 0.012761 0.004740 1.524764 0.052183
6.201 0.012756 0.004656 1.573459 0.052268
6.301 0.012751 0.004895 1.601559 0.052507
6.401 0.012758 0.004777 1.625993 0.052625
6.506 0.012741 0.004969 1.653919 0.052818
6.603 0.012783 0.004597 1.694061 0.053192
6.701 0.012754 0.004775 1.727222 0.053372
6.801 0.011529 0.003064 1.762628 0.055477
6.904 0.003820 -0.007631 1.809387 0.068661
7.002 0.003810 -0.007593 1.832076 0.068701
7.102 0.003931 -0.007980 1.879200 0.069107
7.201 0.003842 -0.007713 1.900144 0.069389
7.301 0.003913 -0.007905 1.931560 0.069594
7.404 0.003939 -0.007975 1.962976 0.069668
7.501 0.003762 -0.007571 2.006609 0.070110
7.606 0.003886 -0.007825 2.022317 0.070392
7.701 0.004456 -0.008975 2.043261 0.071676
7.801 0.004219 -0.008540 2.081658 0.072171
7.913 0.004209 -0.008523 2.100857 0.072192
8.013 0.004564 -0.009101 2.134018 0.072870
8.101 0.004428 -0.008899 2.163689 0.073114
8.204 0.004439 -0.008915 2.168925 0.073133
8.301 0.004545 -0.009062 2.198595 0.073313
8.401 -0.012183 0.007441 2.233732 0.096811
8.501 -0.012056 0.007283 2.263403 0.097014
8.602 -0.011978 0.007193 2.291328 0.097133
8.704 -0.011995 0.007223 2.340197 0.097168
8.801 -0.011932 0.007161 2.364632 0.097257
8.905 -0.012104 0.007321 2.396048 0.097493
9.002 -0.012254 0.007454 2.439681 0.097693
9.101 -0.011914 0.007178 2.472842 0.098131
9.202 -0.012085 0.007308 2.511239 0.098346
9.301 -0.011886 0.007174 2.553127 0.098586
9.401 -0.012101 0.007312 2.582623 0.098842
9.501 -0.011995 0.007247 2.610723 0.098967
9.601 -0.012133 0.007317 2.656102 0.099122
9.702 -0.012167 0.007336 2.685772 0.099161
9.802 -0.012043 0.007277 2.718934 0.099298
9.901 -0.012958 0.002324 2.763569 0.104334
10.001 -0.016720 -0.017663 2.777951 0.124673
10.102 -0.016508 -0.017741 2.813032 0.124898
10.201 -0.016508 -0.017738 2.856665 0.124901
10.301 -0.016719 -0.017686 2.886336 0.125118
10.401 -0.016951 -0.017625 2.912515 0.125358
10.501 -0.016713 -0.017673 2.963130 0.125602
10.601 -0.016693 -0.017676 2.989310 0.125621
10.701 -0.016674 -0.017680 3.018981 0.125641
10.804 -0.016856 -0.017669 3.067850 0.125824
10.901 -0.017017 -0.017659 3.094030 0.125985
11.014 -0.016738 -0.017666 3.125446 0.126263
11.101 -0.016940 -0.017664 -3.110616 0.126465
11.201 -0.016659 -0.017650 -3.084436 0.126746
11.309 -0.016775 -0.017664 -3.044293 0.126863
11.402 -0.017173 -0.017709 -3.014623 0.127264
11.504 0.008020 -0.024284 -2.957537 0.153300
11.602 0.041421 -0.033278 -2.887393 0.187892
11.701 0.041651 -0.033212 -2.855977 0.188130
11.802 0.041328 -0.033312 -2.831542 0.188468
11.902 0.041501 -0.033249 -2.782673 0.188651
12.001 0.041663 -0.033187 -2.751257 0.188826
12.110 0.041384 -0.033304 -2.716350 0.189129
12.202 0.041826 -0.033089 -2.676208 0.189621
12.301 0.041916 -0.033043 -2.650028 0.189722
12.401 0.041778 -0.033119 -2.622103 0.189880
12.501 0.041781 -0.033116 -2.571488 0.189885
12.601 0.041732 -0.033149 -2.545308 0.189944
12.701 0.042062 -0.032917 -2.506911 0.190348
12.801 0.041606 -0.033264 -2.461358 0.190922
12.901 0.041910 -0.033006 -2.435178 0.191322
13.002 0.041883 -0.033038 -2.396781 0.191363
13.102 0.041842 -0.033076 -2.358383 0.191420
13.201 0.041881 -0.033038 -2.328713 0.191475
13.301 0.041877 -0.033040 -2.293806 0.191479
13.402 0.033961 -0.023578 -2.247195 0.203815
13.502 0.033862 -0.023705 -2.217350 0.203976
13.602 0.034070 -0.023413 -2.177382 0.204335
13.702 0.033871 -0.023730 -2.137240 0.204710
13.801 0.033728 -0.023959 -2.112630 0.204980
13.902 0.034132 -0.023260 -2.072488 0.205787
14.002 0.034002 -0.023511 -2.034091 0.206070
14.102 0.034068 -0.023365 -2.000929 0.206230
14.201 0.034032 -0.023456 -1.966023 0.206328
14.301 0.033964 -0.023624 -1.924135 0.206509
14.411 0.034045 -0.023399 -1.899700 0.206748
14.501 0.033923 -0.023775 -1.864794 0.207142
14.602 0.033957 -0.023653 -1.824651 0.207269
14.701 0.036532 0.011845 -1.758002 0.242859
14.802 0.036817 0.015878 -1.717469 0.246903
14.901 0.036813 0.015839 -1.673835 0.246942
15.004 0.036822 0.015958 -1.647655 0.247062
15.110 0.036830 0.015944 -1.614494 0.247078
15.201 0.036811 0.015468 -1.576097 0.247554
15.313 0.036806 0.015726 -1.546426 0.247812
15.403 0.036794 0.015950 -1.511520 0.248036
15.501 0.036800 0.015897 -1.466141 0.248090
15.601 0.036810 0.015822 -1.441707 0.248166
15.702 0.036809 0.015821 -1.406800 0.248167
15.801 0.036821 0.015761 -1.363167 0.248229
15.901 0.036868 0.015544 -1.335241 0.248451
16.001 0.036832 0.015681 -1.309062 0.248593
16.101 0.036835 0.015705 -1.258447 0.248616
16.201 0.036919 0.015455 -1.228776 0.248879
16.302 0.025014 0.024508 -1.135338 0.263835
16.404 0.025007 0.024519 -1.093451 0.263848
16.502 0.024949 0.024622 -1.065351 0.263966
16.604 0.025153 0.024268 -1.033935 0.264375
16.701 0.025130 0.024302 -0.988556 0.264415
16.801 0.025141 0.024292 -0.958711 0.264430
16.901 0.025187 0.024223 -0.923805 0.264512
17.006 0.025091 0.024345 -0.881742 0.264667
17.102 0.025054 0.024389 -0.855737 0.264725
17.201 0.024980 0.024466 -0.810358 0.264832
17.302 0.025136 0.024305 -0.778942 0.265056
17.401 0.025286 0.024160 -0.754508 0.265265
17.501 0.024712 0.024689 -0.744036 0.266045
17.601 0.024519 0.024864 -0.730073 0.266306
17.734 0.025813 0.027747 -0.678304 0.269465
17.801 0.026125 0.028574 -0.657973 0.270349
17.904 0.026057 0.028618 -0.614340 0.270429
18.002 0.025942 0.028699 -0.588160 0.270570
18.101 0.026081 0.028610 -0.558489 0.270735
18.202 0.026376 0.028437 -0.511366 0.271077
18.301 0.026292 0.028479 -0.486931 0.271171
18.401 0.026257 0.028498 -0.459006 0.271211
18.502 0.026295 0.028486 -0.409962 0.271251
18.601 0.026460 0.028418 -0.382211 0.271430
18.701 0.026215 0.028511 -0.352541 0.271693
18.802 0.026916 0.028269 -0.321125 0.272434
18.907 0.026686 0.028337 -0.279237 0.272674
19.001 0.026355 0.028427 -0.251312 0.273017
19.101 0.026624 0.028366 -0.205933 0.273293
19.201 0.026549 0.028380 -0.174517 0.273369
19.302 0.026871 0.028329 -0.146592 0.273696
19.401 0.029898 -0.009356 -0.083734 0.311502
19.501 0.029696 -0.009339 -0.059125 0.311704
19.601 0.030094 -0.009354 -0.029454 0.312102
19.701 0.030314 -0.009367 0.012608 0.312323
19.801 0.030000 -0.009369 0.051005 0.312637
19.901 0.030291 -0.009351 0.061477 0.312929
20.001 0.030072 -0.009365 0.061477 0.313148
20.101 0.029867 -0.009377 0.061477 0.313353
20.201 0.029867 -0.009377 0.061477 0.313353
20.302 0.029867 -0.009377 0.061477 0.313353
20.401 0.029867 -0.009377 0.061477 0.313353
20.504 0.029867 -0.009377 0.061477 0.313353
20.601 0.029867 -0.009377 0.061477 0.313353
20.701 0.029867 -0.009377 0.061477 0.313353
20.801 0.029867 -0.009377 0.061477 0.313353
20.904 0.029867 -0.009377 0.061477 0.313353
21.001 0.029867 -0.009377 0.061477 0.313353
21.101 0.029867 -0.009377 0.061477 0.313353
21.201 0.029867 -0.009377 0.061477 0.313353
21.301 0.029867 -0.009377 0.061477 0.313353
21.407 0.029867 -0.009377 0.061477 0.313353
21.502 0.029867 -0.009377 0.061477 0.313353
21.602 0.031739 -0.009273 0.052751 0.315227
21.701 0.045037 -0.008696 0.037043 0.328538
21.801 0.054594 -0.008346 0.037043 0.338102
21.903 0.072675 -0.007702 0.035298 0.356193
22.001 0.084088 -0.007271 0.042279 0.367615
22.102 0.096234 -0.006731 0.045769 0.379773
22.201 0.112068 -0.005959 0.051005 0.395626
22.302 0.123409 -0.005318 0.053064 0.406984
22.401 0.157818 -0.004109 -0.005663 0.441415
22.501 0.166922 -0.004160 -0.005663 0.450519
22.601 0.183443 -0.004212 0.003239 0.467040
22.701 0.198438 -0.004070 0.015630 0.482036
22.801 0.205914 -0.003919 0.024357 0.489513
22.902 0.226096 -0.003199 0.045301 0.509708
23.003 0.237867 -0.002630 0.050537 0.521493
23.101 0.249228 -0.001983 0.061183 0.532872
23.202 0.266705 -0.000838 0.071830 0.550387
23.301 0.283334 0.000658 0.101501 0.567083
23.401 0.291940 0.001565 0.104991 0.575737
23.501 0.308515 0.003423 0.113718 0.592415
23.601 0.322239 0.005057 0.122445 0.606236
23.701 0.338770 0.007184 0.132917 0.622904
23.801 0.349668 0.008651 0.134662 0.633900
23.901 0.362518 0.010419 0.138153 0.646871
24.004 0.379466 0.012793 0.140072 0.663985
24.103 0.390731 0.014391 0.141818 0.675362
24.201 0.402296 0.016057 0.145308 0.687046
24.301 0.422708 0.019096 0.148799 0.707683
24.401 0.434205 0.020861 0.154035 0.719315
24.501 0.445775 0.022662 0.155780 0.731025
24.601 0.459754 0.024869 0.154035 0.745177
24.702 0.476926 0.027525 0.152290 0.762552
24.801 0.488912 0.029264 0.138327 0.774664
24.901 0.509337 0.031799 0.110402 0.795246
25.001 0.521643 0.033103 0.105166 0.807621
25.101 0.533160 0.034303 0.103420 0.819200
25.216 0.551275 0.036146 0.098184 0.837409
25.301 0.589013 0.097563 0.120766 0.909494
25.401 0.616261 0.156832 0.157434 0.974726
25.502 0.633814 0.159341 0.131080 0.992458
25.602 0.651011 0.161377 0.111881 1.009775
25.701 0.660128 0.162320 0.099664 1.018940
25.801 0.678135 0.163953 0.087272 1.037022
25.901 0.692241 0.165182 0.085352 1.051181
26.001 0.709849 0.166689 0.085352 1.068854
26.101 0.721524 0.167688 0.085352 1.080571
26.201 0.733198 0.168687 0.083607 1.092288
26.307 0.753347 0.170310 0.078022 1.112502
26.401 0.764994 0.171206 0.076276 1.124184
26.502 0.777095 0.172131 0.076276 1.136319
26.602 0.797667 0.173525 0.060568 1.156939
26.702 0.809992 0.174101 0.043115 1.169277
26.801 0.821456 0.174555 0.039624 1.180751
26.901 0.842635 0.175374 0.037879 1.201945
27.001 0.854269 0.175740 0.025662 1.213585
27.101 0.866240 0.176004 0.016935 1.225559
27.201 0.877936 0.176159 0.008209 1.237256
27.302 0.898911 0.176043 -0.012910 1.258231
27.404 0.910485 0.175836 -0.016575 1.269807
27.505 0.925285 0.175581 -0.014830 1.284609
27.601 0.943345 0.175266 -0.018320 1.302672
27.702 0.954808 0.175056 -0.018320 1.314137
27.802 0.968846 0.174762 -0.021986 1.328178
27.901 0.986140 0.174402 -0.020240 1.345476
28.001 0.997991 0.174173 -0.018320 1.357329
28.103 1.013786 0.173900 -0.014830 1.373126
28.201 1.031801 0.173655 -0.011165 1.391143
28.301 1.043729 0.173539 -0.007499 1.403071
28.402 1.061475 0.173463 -0.002089 1.420818
28.501 1.085934 0.220238 -0.058902 1.473602
28.601 1.097722 0.219548 -0.057156 1.485410
28.712 1.115653 0.218528 -0.055237 1.503370
28.801 1.130432 0.217711 -0.055237 1.518171
28.901 1.141349 0.217107 -0.055237 1.529105
29.001 1.158155 0.216183 -0.053491 1.545936
29.101 1.172357 0.215437 -0.051746 1.560158
29.201 1.183701 0.214855 -0.050001 1.571517
29.301 1.197858 0.214166 -0.046510 1.585690
29.401 1.214958 0.213400 -0.041274 1.602808
29.501 1.227550 0.212904 -0.037783 1.615409
29.601 1.244662 0.212359 -0.030802 1.632530
29.701 1.258988 0.211983 -0.025566 1.646861
29.802 1.270604 0.211775 -0.015094 1.658479
29.901 1.284261 0.211673 -0.004622 1.672137
30.001 1.300273 0.211747 0.007770 1.688149
30.101 1.312669 0.211859 0.009515 1.700545
30.202 1.327205 0.212030 0.013180 1.715082
30.301 1.344676 0.212260 0.013180 1.732554
30.401 1.356369 0.212450 0.018416 1.744249
30.501 1.370844 0.212785 0.023827 1.758728
30.601 1.388902 0.213247 0.025572 1.776792
30.701 1.400825 0.213573 0.027317 1.788719
30.801 1.415517 0.213990 0.029063 1.803417
30.901 1.432317 0.214498 0.030808 1.820225
31.001 1.443215 0.214843 0.032553 1.831128
31.102 1.454984 0.215227 0.032553 1.842904
31.204 1.475280 0.215924 0.039535 1.863212
31.303 1.485985 0.216348 0.039535 1.873925
31.401 1.499291 0.216911 0.043025 1.887243
31.502 1.515381 0.217670 0.050181 1.903350
31.601 1.534412 0.235033 0.058438 1.929112
31.701 1.560656 0.292215 0.114739 1.992029
31.801 1.575392 0.293840 0.107758 2.006855
31.903 1.592921 0.295685 0.102522 2.024481
32.001 1.605457 0.296930 0.093796 2.037078
32.101 1.619769 0.298171 0.079833 2.051443
32.201 1.637392 0.299493 0.074597 2.069116
32.301 1.649091 0.300327 0.069361 2.080845
32.401 1.666471 0.301514 0.067616 2.098266
32.501 1.681822 0.302554 0.067616 2.113652
32.602 1.693819 0.303335 0.062380 2.125675
32.702 1.711347 0.304414 0.060634 2.143235
32.801 1.725856 0.305295 0.060634 2.157771
32.901 1.738006 0.306033 0.060634 2.169944
33.003 1.752453 0.306910 0.060634 2.184417
33.105 1.770089 0.307986 0.062380 2.202086
33.201 1.781575 0.308698 0.060634 2.213593
33.301 1.793707 0.309455 0.062380 2.225749
33.401 1.813937 0.310704 0.062380 2.246018
33.501 1.825955 0.311444 0.060634 2.258059
33.601 1.837565 0.312169 0.062380 2.269691
33.701 1.859063 0.313512 0.062380 2.291231
33.802 1.870418 0.314211 0.060634 2.302607
33.905 1.887772 0.315250 0.058889 2.319993
34.001 1.902142 0.316097 0.058889 2.334388
34.102 1.913072 0.316742 0.058889 2.345337
34.201 1.930267 0.317756 0.058889 2.362562
34.301 1.942025 0.318449 0.058889 2.374340
34.401 1.960366 0.319425 0.048417 2.392707
34.501 1.974832 0.320036 0.039690 2.407186
34.601 1.986218 0.320473 0.037945 2.418580
34.701 2.005474 0.340143 0.006929 2.446107
34.801 2.020037 0.384102 -0.054774 2.492415
34.901 2.031444 0.383471 -0.056693 2.503839
35.001 2.045836 0.382634 -0.060184 2.518255
35.101 2.063962 0.381537 -0.062104 2.536414
35.201 2.076012 0.380821 -0.058439 2.548486
35.301 2.090879 0.379977 -0.054774 2.563376
35.404 2.108928 0.379057 -0.049363 2.581449
35.502 2.121285 0.378462 -0.045872 2.593821
35.601 2.138456 0.377718 -0.042207 2.611008
35.701 2.153396 0.377108 -0.040462 2.625960
35.801 2.164273 0.376686 -0.036971 2.636845
35.901 2.180203 0.376161 -0.029990 2.652784
36.001 2.189066 0.375901 -0.028245 2.661651
36.101 2.209464 0.375341 -0.026499 2.682057
36.201 2.220911 0.375086 -0.019518 2.693506
36.301 2.237098 0.374785 -0.017773 2.709695
36.403 2.248089 0.374613 -0.014282 2.720688
36.502 2.265030 0.374485 -0.003461 2.737630
36.601 2.279647 0.374466 0.000204 2.752247
36.702 2.291946 0.374479 0.001950 2.764546
36.801 2.308782 0.374554 0.005615 2.781382
36.901 2.323083 0.374645 0.007360 2.795683
37.001 2.337748 0.374753 0.007360 2.810349
37.101 2.349761 0.374857 0.009105 2.822362
37.201 2.361487 0.374964 0.009105 2.834089
37.302 2.381392 0.375185 0.012596 2.853995
37.402 2.393048 0.375332 0.012596 2.865651
37.501 2.404554 0.375487 0.014341 2.877159
37.601 2.425259 0.375785 0.014341 2.897866
37.701 2.437230 0.375952 0.014341 2.909838
37.801 2.449185 0.376108 0.012596 2.921794
37.901 2.469445 0.376358 0.010851 2.942056
38.002 2.483283 0.470875 0.065646 3.037581
38.101 2.494214 0.475176 0.067715 3.049327
38.201 2.513649 0.476403 0.050436 3.068801
38.301 2.523273 0.476799 0.034379 3.078432
38.401 2.533230 0.477068 0.027572 3.088393
38.501 2.554211 0.477591 0.023907 3.109381
38.601 2.565012 0.477773 0.009944 3.120183
38.701 2.574885 0.477832 0.001217 3.130056
38.801 2.593277 0.477632 -0.024962 3.148450
38.902 2.604460 0.477284 -0.033689 3.159638
39.001 2.615970 0.476744 -0.053062 3.171161
39.101 2.634375 0.475429 -0.083082 3.189612
39.201 2.645390 0.474347 -0.105946 3.200680
39.309 2.660173 0.472596 -0.128810 3.215567
39.407 2.677144 0.470200 -0.146263 3.232706
39.503 2.690656 0.468070 -0.161971 3.246386
39.601 2.703802 0.465797 -0.175933 3.259726
39.701 2.713919 0.463892 -0.195132 3.270021
39.801 2.723669 0.461912 -0.205604 3.279970
39.901 2.741779 0.457983 -0.219567 3.298502
40.001 2.752223 0.455751 -0.205604 3.309181
40.101 2.761627 0.453883 -0.188151 3.318769
40.201 2.780001 0.450740 -0.151499 3.337410
40.301 2.791057 0.449258 -0.121828 3.348565
40.401 2.801898 0.448059 -0.100884 3.359472
40.501 2.817402 0.446831 -0.064232 3.375024
40.602 2.834363 0.446122 -0.025661 3.392000
40.702 2.849105 0.445986 0.000345 3.406743
40.811 2.860807 0.446161 0.019543 3.418446
40.901 2.874502 0.447459 0.035764 3.432202
41.001 2.917193 0.484132 0.016130 3.488482
41.102 2.929153 0.484425 0.028697 3.500446
41.201 2.943454 0.484967 0.042834 3.514757
41.301 2.959604 0.485854 0.060287 3.530931
41.401 2.970674 0.486606 0.074250 3.542027
41.501 2.981333 0.487472 0.084722 3.552721
41.602 3.000253 0.489179 0.088387 3.571718
41.702 3.011187 0.490068 0.075995 3.582688
41.801 3.022046 0.490885 0.075995 3.593577
41.901 3.042542 0.492328 0.069014 3.614125
42.001 3.054249 0.493127 0.067269 3.625858
42.102 3.065810 0.493901 0.065523 3.637445
42.201 3.086338 0.495222 0.063778 3.658016
42.301 3.098057 0.495971 0.063778 3.669759
42.401 3.110099 0.496730 0.062033 3.681825
42.501 3.130969 0.498000 0.060287 3.702733
42.601 3.142482 0.498695 0.060287 3.714267
42.701 3.160400 0.499786 0.062033 3.732218
42.801 3.171758 0.500477 0.060287 3.743598
42.905 3.182629 0.501119 0.056797 3.754488
43.001 3.202915 0.502272 0.056797 3.774806
43.101 3.214775 0.502942 0.055051 3.786685
43.202 3.232537 0.503936 0.055051 3.804475
43.301 3.244254 0.504602 0.056797 3.816211
43.401 3.258974 0.505439 0.056797 3.830955
43.501 3.277263 0.506479 0.056797 3.849274
43.602 3.288826 0.507142 0.058542 3.860855
43.701 3.303550 0.508025 0.060287 3.875605
43.801 3.315756 0.508789 0.063778 3.887836
43.901 3.332882 0.509932 0.069014 3.904999
44.001 3.344265 0.510735 0.069014 3.916411
44.101 3.387175 0.560726 0.071740 3.982292
44.201 3.421662 0.610832 0.076248 4.043120
44.301 3.432687 0.611693 0.077994 4.054178
44.401 3.447344 0.612844 0.071012 4.068880
44.505 3.464882 0.614008 0.064031 4.086457
44.601 3.476454 0.614695 0.055304 4.098050
44.701 3.497061 0.615499 0.027379 4.118672
44.801 3.509149 0.615731 0.016907 4.130762
44.901 3.520577 0.615924 0.016907 4.142192
45.001 3.535192 0.616156 0.016907 4.156808
45.101 3.552984 0.616457 0.016907 4.174603
45.201 3.564353 0.616669 0.018652 4.185974
45.301 3.578741 0.616954 0.020572 4.200365
45.401 3.596588 0.617364 0.024238 4.218217
45.501 3.608773 0.617675 0.025983 4.230405
45.601 3.628529 0.618245 0.029648 4.250170
45.703 3.639010 0.618576 0.031568 4.260656
45.801 3.650359 0.618950 0.033313 4.272012
45.902 3.668073 0.619540 0.033313 4.289735
46.001 3.681834 0.619990 0.031568 4.303504
46.101 3.698903 0.620518 0.029648 4.320581
46.201 3.707619 0.620777 0.029648 4.329301
46.301 3.725341 0.621265 0.025983 4.347029
46.401 3.740199 0.621589 0.020747 4.361891
46.501 3.757983 0.621918 0.015336 4.379678
46.601 3.769817 0.622079 0.015511 4.391513
46.701 3.786985 0.622352 0.017431 4.408683
46.801 3.795696 0.622504 0.017431 4.417396
46.902 3.813250 0.622830 0.019176 4.434952
47.001 3.830557 0.623241 0.029823 4.452264
47.101 3.839009 0.623512 0.033313 4.460720
47.201 3.858573 0.635120 0.035477 4.483469
47.302 3.889368 0.699250 0.046188 4.554610
47.401 3.901732 0.699735 0.028735 4.566983
47.501 3.919964 0.699757 -0.018563 4.585215
47.601 3.931654 0.699426 -0.029035 4.596909
47.702 3.952988 0.698775 -0.030781 4.618254
47.801 3.964757 0.698413 -0.030781 4.630028
47.901 3.976249 0.698064 -0.029035 4.641525
48.001 3.994404 0.697537 -0.029035 4.659689
48.101 4.008247 0.697144 -0.027290 4.673537
48.201 4.019733 0.696831 -0.027290 4.685027
48.301 4.038047 0.696299 -0.029035 4.703348
48.401 4.052593 0.695856 -0.030781 4.717901
48.501 4.064693 0.695484 -0.030781 4.730007
48.601 4.082096 0.694937 -0.030781 4.747418
48.702 4.096571 0.694491 -0.030781 4.761901
48.802 4.111243 0.694039 -0.030781 4.776579
48.903 4.123061 0.693696 -0.029035 4.788403
49.001 4.139991 0.693204 -0.029035 4.805340
49.101 4.154101 0.692795 -0.029035 4.819455
49.201 4.166370 0.692438 -0.029035 4.831730
49.301 4.183956 0.691932 -0.029035 4.849323
49.401 4.198555 0.691513 -0.029035 4.863928
49.501 4.210144 0.691172 -0.030781 4.875523
49.601 4.228005 0.690574 -0.036017 4.893393
49.701 4.240088 0.690096 -0.041253 4.905485
49.802 4.257840 0.689276 -0.046489 4.923256
49.901 4.272744 0.688563 -0.048234 4.938177
50.001 4.287540 0.687849 -0.048234 4.952991
50.101 4.299815 0.687256 -0.048234 4.965280
50.203 4.317081 0.686408 -0.049979 4.982567
50.301 4.328862 0.685823 -0.048234 4.994362
50.401 4.372005 0.823947 -0.064491 5.139067
50.501 4.386631 0.823008 -0.062746 5.153724
50.601 4.398412 0.822248 -0.067982 5.165529
50.703 4.413691 0.821102 -0.078628 5.180851
50.801 4.427911 0.819849 -0.094860 5.195126
50.901 4.439947 0.818566 -0.110742 5.207230
51.002 4.456853 0.816527 -0.130290 5.224259
51.101 4.469048 0.814820 -0.145998 5.236572
51.201 4.479054 0.813187 -0.172178 5.246711
51.302 4.494838 0.810109 -0.208830 5.262793
51.401 4.505359 0.807709 -0.231519 5.273583
51.502 4.519918 0.803968 -0.264680 5.288616
51.601 4.528793 0.801431 -0.282134 5.297846
51.702 4.545197 0.796522 -0.296096 5.314969
51.802 4.559180 0.792157 -0.306743 5.329617
51.902 4.569746 0.788734 -0.315644 5.340724
52.001 4.582793 0.784300 -0.333446 5.354504
52.105 4.590524 0.781829 -0.289813 5.362620
52.202 4.593628 0.780991 -0.253161 5.365835
52.301 4.594505 0.780800 -0.178112 5.366733
52.401 4.594433 0.780795 -0.074963 5.366805
52.503 4.592937 0.780794 0.059253 5.368301
52.601 4.592590 0.780767 0.195389 5.368649
52.701 4.592552 0.780762 0.308835 5.368688
52.801 4.593085 0.780968 0.399592 5.369259
52.904 4.599907 0.784652 0.537473 5.377012
53.001 4.606080 0.797310 0.679477 5.391096
53.101 4.590163 0.823495 0.842526 5.421739
53.204 4.596987 0.831984 0.924557 5.432631
53.301 4.607105 0.847902 1.064183 5.451492
53.415 4.614250 0.862978 1.168903 5.468175
53.502 4.630113 0.872022 1.237529 5.486435
53.601 4.664201 0.880537 1.329688 5.521571
53.702 4.666433 0.890797 1.375066 5.532071
53.801 4.668757 0.905674 1.444879 5.547128
53.930 4.670518 0.926337 1.519754 5.567867
54.011 4.670715 0.931901 1.540872 5.573433
54.101 4.670780 0.948367 1.587996 5.589900
54.201 4.733987 0.953392 1.531308 5.653307
54.302 4.734249 0.963873 1.553997 5.663791
54.404 4.734098 0.979122 1.602867 5.679041
54.501 4.733450 0.990869 1.641264 5.690807
54.604 4.732015 1.005191 1.688388 5.705200
54.701 4.729476 1.022444 1.735512 5.722639
54.801 4.727292 1.034062 1.768673 5.734460
54.901 4.723652 1.050126 1.814051 5.750931
55.001 4.719962 1.063850 1.843722 5.765143
55.101 4.716369 1.075987 1.868157 5.777800
55.201 4.712654 1.087301 1.897827 5.789708
55.302 4.687364 1.056909 1.889256 5.829246
55.401 4.683793 1.067336 1.910200 5.840268
55.501 4.680009 1.077588 1.932890 5.851195
55.602 4.672789 1.095630 1.967796 5.870629
55.701 4.668311 1.105891 1.986995 5.881824
55.803 4.661049 1.121556 2.011430 5.899091
55.901 4.655834 1.132424 2.023647 5.911146
56.001 4.648121 1.147616 2.067280 5.928183
56.101 4.640722 1.160481 2.112659 5.943024
56.201 4.634778 1.169966 2.133603 5.954217
56.301 4.627362 1.181595 2.142329 5.968010
56.401 4.618645 1.195088 2.145820 5.984074
56.501 4.612219 1.204984 2.147565 5.995873
56.601 4.605959 1.214570 2.149311 6.007322
56.702 4.595539 1.230465 2.152801 6.026329
56.802 4.588906 1.240497 2.156292 6.038355
56.904 4.581265 1.251951 2.161528 6.052124
57.002 4.571203 1.266478 2.196434 6.069795
57.102 4.564315 1.275637 2.227850 6.081255
57.202 4.555068 1.287166 2.261012 6.096034
57.302 4.543412 1.300638 2.302900 6.113849
57.401 4.535326 1.309318 2.330825 6.125711
57.502 4.524765 1.319932 2.369222 6.140684
57.601 4.511804 1.332111 2.391911 6.158469
57.701 4.502666 1.340596 2.393657 6.170940
57.801 4.436824 1.388375 2.482150 6.252291
57.902 4.418312 1.401360 2.487214 6.274903
58.001 4.408881 1.408594 2.487214 6.286788
58.101 4.394606 1.419651 2.476742 6.304845
58.201 4.383483 1.428466 2.468016 6.319037
58.303 4.374585 1.435625 2.462780 6.330458
58.402 4.363696 1.444503 2.454053 6.344507
58.507 4.351735 1.454448 2.443581 6.360063
58.603 4.343221 1.461731 2.429619 6.371266
58.701 4.334394 1.469423 2.417401 6.382975
58.801 4.319781 1.482684 2.398203 6.402708
58.901 4.312244 1.489662 2.392967 6.412979
59.005 4.304093 1.497286 2.385985 6.424140
59.101 4.289257 1.511398 2.377259 6.444616
59.204 4.281136 1.519244 2.370277 6.455908
59.301 4.272852 1.527354 2.365041 6.467501
59.401 4.258962 1.541366 2.342352 6.487230
59.501 4.251359 1.549283 2.333625 6.498207
59.605 4.244244 1.556799 2.328390 6.508557
59.701 4.240762 1.560472 2.330135 6.513618
59.801 4.240873 1.560356 2.330135 6.513778
59.901 4.240900 1.560326 2.330135 6.513818
60.001 4.240900 1.560326 2.330135 6.513818
60.101 4.240900 1.560326 2.330135 6.513818
60.201 4.240900 1.560326 2.330135 6.513818
60.302 4.240900 1.560326 2.330135 6.513818
60.401 4.240900 1.560326 2.330135 6.513818
60.501 4.240900 1.560326 2.330135 6.513818
60.603 4.240900 1.560326 2.330135 6.513818
60.702 4.240900 1.560326 2.330135 6.513818
60.801 4.240900 1.560326 2.330135 6.513818
60.901 4.240804 1.547037 2.214767 6.527108
61.001 4.216433 1.535005 2.148471 6.554287
61.103 4.216433 1.535005 2.148471 6.554287
61.201 4.216433 1.535005 2.148471 6.554287
61.301 4.216433 1.535005 2.148471 6.554287
61.401 4.216433 1.535005 2.148471 6.554287
61.502 4.216433 1.535005 2.148471 6.554287
61.601 4.216433 1.535005 2.148471 6.554287
61.701 4.216433 1.535005 2.148471 6.554287
61.801 4.216433 1.535005 2.148471 6.554287
61.902 4.216433 1.535005 2.148471 6.554287
62.002 4.216433 1.535005 2.148471 6.554287
62.106 4.216433 1.535005 2.148471 6.554287
62.205 4.216433 1.535005 2.148471 6.554287
62.302 4.216433 1.535005 2.148471 6.554287
62.401 4.216433 1.535005 2.148471 6.554287
62.501 4.216433 1.535005 2.148471 6.554287
62.601 4.216433 1.535005 2.148471 6.554287
62.701 4.216433 1.535005 2.148471 6.554287
62.801 4.216433 1.535005 2.148471 6.554287
62.901 4.216433 1.535005 2.148471 6.554287
63.001 4.216433 1.535005 2.148471 6.554287
63.101 4.216433 1.535005 2.148471 6.554287
63.201 4.216433 1.535005 2.148471 6.554287
63.306 4.216433 1.535005 2.148471 6.554287
63.401 4.216433 1.535005 2.148471 6.554287
63.501 4.216433 1.535005 2.148471 6.554287
63.602 4.216433 1.535005 2.148471 6.554287
63.702 4.217996 1.535005 2.148471 6.555849
63.801 4.217996 1.535005 2.148471 6.555849
63.901 4.217996 1.535005 2.148471 6.555849
64.001 4.217996 1.535005 2.148471 6.555849
64.104 4.217996 1.535005 2.148471 6.555849
64.201 4.217996 1.535005 2.148471 6.555849
64.301 4.217996 1.535005 2.148471 6.555849
64.401 4.217996 1.535005 2.148471 6.555849
64.501 4.217996 1.535005 2.148471 6.555849
64.601 4.217996 1.535005 2.148471 6.555849
64.701 4.217996 1.535005 2.148471 6.555849
64.801 4.217996 1.535005 2.148471 6.555849
64.901 4.217996 1.535005 2.148471 6.555849
65.001 4.216812 1.536815 2.150216 6.558012
65.101 4.210294 1.546743 2.153707 6.569889
65.202 4.205322 1.554348 2.143235 6.578974
65.301 4.194771 1.570977 2.131017 6.598668
65.401 4.188241 1.581367 2.131017 6.610940
65.502 4.182249 1.590901 2.132763 6.622200
65.601 4.172890 1.605764 2.132763 6.639765
65.701 4.163658 1.620387 2.134508 6.657058
65.801 4.158723 1.628060 2.148471 6.666181
65.902 4.149317 1.642283 2.165924 6.683233
66.001 4.141470 1.653493 2.192104 6.696917
66.101 4.134234 1.663303 2.214793 6.709107
66.201 4.124147 1.676192 2.247955 6.725473
66.301 4.114819 1.687318 2.279370 6.739993
66.401 4.109637 1.693222 2.296824 6.747848
66.501 4.097624 1.706135 2.333476 6.765485
66.601 4.087213 1.716693 2.359656 6.780313
66.702 4.075314 1.728038 2.396307 6.796754
66.801 4.066692 1.735965 2.396307 6.808466
66.901 4.059125 1.742980 2.392817 6.818784
67.003 3.991688 1.747037 2.443056 6.886342
67.103 3.983498 1.754048 2.423857 6.897124
67.201 3.975127 1.761502 2.409895 6.908332
67.301 3.960099 1.775465 2.380224 6.928846
67.414 3.951896 1.783476 2.362771 6.940312
67.515 3.943752 1.791736 2.340082 6.951911
67.601 3.930119 1.806297 2.317392 6.971859
67.701 3.922182 1.814957 2.312156 6.983605
67.801 3.914253 1.823694 2.305175 6.995405
67.902 3.903952 1.835292 2.291212 7.010916
68.002 3.896165 1.844255 2.282486 7.022789
68.102 3.890013 1.851419 2.278995 7.032232
68.201 3.882387 1.860425 2.270268 7.044033
68.301 3.875644 1.868495 2.265033 7.054549
68.401 3.872184 1.872652 2.265033 7.059958
68.501 3.871924 1.872963 2.265033 7.060363
68.601 3.872345 1.872458 2.265033 7.061021
68.705 3.872435 1.872349 2.265033 7.061162
68.801 3.872448 1.872334 2.265033 7.061182
68.901 3.872486 1.872289 2.265033 7.061241
69.001 3.872486 1.872289 2.265033 7.061241
69.101 3.872486 1.872289 2.265033 7.061241
69.201 3.871952 1.872930 2.265033 7.062074
69.304 3.867965 1.877724 2.263287 7.068310
69.401 3.862870 1.883883 2.261542 7.076303
69.506 3.852095 1.897008 2.256306 7.093284
69.601 3.845115 1.905566 2.254561 7.104327
69.705 3.837773 1.914576 2.254561 7.115950
69.801 3.824452 1.930981 2.252815 7.137082
69.905 3.817259 1.939838 2.252815 7.148493
70.001 3.810694 1.947909 2.254561 7.158896
70.102 3.808260 1.976715 2.094844 7.187805
70.202 3.802526 1.986635 2.096589 7.199263
70.302 3.793848 2.001358 2.108806 7.216353
70.401 3.786835 2.012855 2.124514 7.229820
70.504 3.779426 2.024279 2.159421 7.243436
70.601 3.773086 2.033427 2.187346 7.254567
70.701 3.763155 2.047173 2.204799 7.271525
70.801 3.756073 2.056509 2.225743 7.283244
70.901 3.744990 2.070561 2.250178 7.301140
71.001 3.735576 2.081915 2.267631 7.315889
71.103 3.729851 2.088634 2.283339 7.324716
71.201 3.715590 2.104489 2.316500 7.346041
71.301 3.707760 2.112842 2.328718 7.357490
71.401 3.700000 2.120963 2.339190 7.368723
71.502 3.685945 2.135131 2.365370 7.388680
71.601 3.677642 2.143132 2.379332 7.400210
71.701 3.669454 2.150942 2.381078 7.411525
71.803 3.654322 2.165221 2.390153 7.432331
71.901 3.645830 2.173096 2.397484 7.443912
72.001 3.637312 2.180883 2.404465 7.455453
72.101 3.622904 2.193788 2.417031 7.474796
72.201 3.614999 2.200722 2.424187 7.485312
72.302 3.605938 2.208591 2.427852 7.497312
72.401 3.590083 2.222192 2.435183 7.518201
72.501 3.580842 2.230057 2.438848 7.530336
72.601 3.572131 2.237422 2.440593 7.541743
72.702 3.555652 2.251225 2.446178 7.563240
72.801 3.546649 2.258725 2.447924 7.574957
72.909 3.533393 2.269692 2.451589 7.592162
73.001 3.524172 2.277295 2.453509 7.604114
73.105 3.515418 2.284491 2.453509 7.615445
73.201 3.498753 2.298193 2.453509 7.637020
73.302 3.431131 2.247874 2.609549 7.721309
73.401 3.409524 2.245133 2.626990 7.743089
73.502 3.394021 2.254193 2.603952 7.761046
73.601 3.385052 2.259627 2.591560 7.771532
73.701 3.375673 2.265558 2.568871 7.782629
73.806 3.358911 2.276956 2.523492 7.802899
73.901 3.350149 2.283277 2.512671 7.813703
74.003 3.341271 2.289936 2.488236 7.824801
74.101 3.325413 2.302329 2.475670 7.844927
74.201 3.316419 2.309448 2.470085 7.856398
74.301 3.308226 2.316102 2.454377 7.866952
74.401 3.295829 2.326600 2.428197 7.883197
74.502 3.287189 2.334245 2.414234 7.894734
74.601 3.277995 2.342524 2.403762 7.907106
74.702 3.263310 2.356497 2.356639 7.927377
74.803 3.255015 2.365032 2.330459 7.939279
74.901 3.246888 2.373656 2.325223 7.951128
75.001 3.233078 2.388379 2.323477 7.971315
75.101 3.227099 2.394763 2.323477 7.980062
75.201 3.212982 2.409911 2.319987 8.000768
75.301 3.204932 2.418567 2.319987 8.012588
75.404 3.197190 2.426913 2.318241 8.023972
75.502 3.183863 2.441734 2.293807 8.043904
75.602 3.176366 2.450475 2.276353 8.055419
75.702 3.168666 2.459522 2.274608 8.067299
75.801 3.155424 2.475130 2.272863 8.087768
75.901 3.147762 2.484181 2.272863 8.099627
76.002 3.138105 2.495598 2.272863 8.114580
76.101 3.127115 2.508607 2.271117 8.131610
76.201 3.119400 2.517744 2.271117 8.143568
76.302 3.111614 2.526966 2.272863 8.155638
76.406 2.981586 2.577535 2.212478 8.295152
76.512 2.974479 2.587021 2.214224 8.307006
76.601 2.967654 2.596123 2.214224 8.318382
76.701 2.955447 2.612384 2.214224 8.338715
76.801 2.948217 2.622025 2.214224 8.350766
76.903 2.941325 2.631216 2.214224 8.362254
77.001 2.929690 2.646732 2.214224 8.381648
77.101 2.922750 2.655987 2.214224 8.393216
77.202 2.914086 2.667549 2.214224 8.407664
77.301 2.903650 2.681457 2.215969 8.425052
77.401 2.895007 2.692917 2.221205 8.439405
77.501 2.887774 2.702293 2.233422 8.451248
77.601 2.876705 2.716411 2.231677 8.469187
77.702 2.869432 2.725935 2.219460 8.481170
77.802 2.859301 2.739691 2.200261 8.498255
77.901 2.850395 2.751903 2.200261 8.513369
78.001 2.843496 2.761376 2.200261 8.525089
78.110 2.834994 2.773007 2.203752 8.539495
78.202 2.825120 2.786466 2.205497 8.556188
78.308 2.818129 2.795985 2.205497 8.567998
78.402 2.807617 2.810296 2.198516 8.585755
78.501 2.802712 2.817147 2.189789 8.594181
78.601 2.790976 2.833935 2.177572 8.614665
78.703 2.784321 2.843522 2.177572 8.626334
78.801 2.777651 2.853132 2.177572 8.638033
78.901 2.766280 2.869470 2.179317 8.657939
79.001 2.759945 2.878512 2.186298 8.668979
79.101 2.753412 2.887530 2.202006 8.680115
79.202 2.741328 2.903469 2.226441 8.700116
79.301 2.735782 2.910680 2.226441 8.709214
79.401 2.723211 2.927015 2.228186 8.729826
79.501 2.662682 2.901600 2.256779 8.795474
79.602 2.655203 2.910735 2.256779 8.807280
79.701 2.641992 2.926772 2.279469 8.828057
79.802 2.634404 2.935226 2.316121 8.839417
79.901 2.626409 2.943491 2.351027 8.850917
80.001 2.615980 2.953512 2.392915 8.865380
80.101 2.602660 2.965098 2.445275 8.883034
80.201 2.593110 2.972712 2.480182 8.895247
80.301 2.576394 2.984775 2.544759 8.915861
80.401 2.566552 2.991210 2.574429 8.927621
80.501 2.556429 2.997183 2.625044 8.939374
80.601 2.538290 3.006324 2.710565 8.959687
80.702 2.528405 3.010599 2.747217 8.970456
80.804 2.518798 3.014298 2.785614 8.980751
80.901 2.503851 3.019283 2.827502 8.996507
81.002 2.502101 3.019852 2.827502 8.998347
81.101 2.502684 3.019662 2.827502 8.998960
81.203 2.527190 2.968303 2.822359 9.055866
81.302 2.541536 2.937807 2.819302 9.089569
81.401 2.541536 2.937807 2.819302 9.089569
81.501 2.538074 2.938951 2.822967 9.093214
81.601 2.526952 2.942536 2.839024 9.104901
81.706 2.517185 2.945476 2.852987 9.115101
81.801 2.498596 2.950613 2.886148 9.134386
81.904 2.488747 2.953065 2.902030 9.144536
82.001 2.478714 2.955336 2.926640 9.154823
82.101 2.459353 2.959074 2.970273 9.174541
82.202 2.448088 2.960842 2.991217 9.185944
82.302 2.437490 2.962326 3.008670 9.196646
82.405 2.419108 2.964538 3.033279 9.215160
82.501 2.409609 2.965496 3.045496 9.224707
82.601 2.400028 2.966415 3.047242 9.234332
82.701 2.384119 2.967731 3.062950 9.250295
82.801 2.367377 2.968948 3.071676 9.267082
82.901 2.353857 2.969876 3.073422 9.280633
83.001 2.342962 2.970601 3.075167 9.291553
83.101 2.328288 2.971561 3.076912 9.306258
83.201 2.311138 2.972672 3.076912 9.323444
83.301 2.299070 2.973401 3.082148 9.335534
83.401 2.286885 2.974115 3.083894 9.347740
83.501 2.266196 2.975294 3.085639 9.368463
83.601 2.254316 2.975955 3.087384 9.380361
83.708 2.242735 2.976583 3.087384 9.391959
83.803 2.228040 2.977360 3.089130 9.406674
83.902 2.210842 2.978248 3.090875 9.423895
84.005 2.199526 2.978818 3.092620 9.435225
84.101 2.184722 2.979543 3.092620 9.450047
84.201 2.166757 2.980392 3.094366 9.468033
84.302 2.155262 2.980916 3.096111 9.479539
84.401 2.096396 2.941934 -3.094725 9.550142
84.506 2.054302 2.916978 -3.051033 9.599078
84.602 2.042789 2.915922 -3.049288 9.610639
84.704 2.027883 2.914646 -3.059760 9.625599
84.801 2.010527 2.913274 -3.064996 9.643009
84.902 1.998893 2.912381 -3.064996 9.654678
85.001 1.984308 2.911277 -3.066741 9.669305
85.101 1.966991 2.909998 -3.068486 9.686669
85.201 1.955296 2.909158 -3.070232 9.698395
85.301 1.937667 2.907908 -3.071977 9.716068
85.401 1.920321 2.906714 -3.073722 9.733454
85.501 1.911517 2.906115 -3.073722 9.742279
85.601 1.893936 2.904951 -3.075468 9.759898
85.701 1.879568 2.904015 -3.077213 9.774297
85.801 1.867942 2.903265 -3.077213 9.785946
85.901 1.856287 2.902534 -3.078958 9.797625
86.001 1.836075 2.901322 -3.084194 9.817873
86.101 1.824271 2.900655 -3.085940 9.829696
86.201 1.812460 2.900007 -3.087685 9.841524
86.301 1.791666 2.898885 -3.087685 9.862349
86.401 1.780240 2.898288 -3.089430 9.873790
86.501 1.760098 2.897434 -3.103393 9.893950
86.601 1.748810 2.897017 -3.105138 9.905246
86.706 1.731291 2.896378 -3.105138 9.922777
86.810 1.722599 2.896066 -3.106884 9.931474
86.906 1.705320 2.895585 -3.119101 9.948761
87.004 1.688493 2.895291 -3.126257 9.965590
87.101 1.679529 2.895170 -3.128002 9.974555
87.201 1.662119 2.894988 -3.133587 9.991966
87.301 1.647292 2.895122 3.119927 10.006793
87.401 1.635378 2.895583 3.091828 10.018716
87.501 1.612464 2.893288 3.074977 10.041745
87.601 1.563157 2.870783 2.996428 10.095945
87.701 1.554699 2.872030 2.994508 10.104495
87.801 1.542875 2.873764 2.996428 10.116445
87.901 1.522089 2.876809 2.996428 10.137453
88.001 1.510688 2.878476 2.996428 10.148975
88.101 1.493144 2.881041 2.996428 10.166706
88.201 1.478996 2.883109 2.996428 10.181004
88.301 1.467859 2.884717 2.998173 10.192256
88.401 1.451363 2.887058 2.998348 10.208918
88.501 1.437560 2.889365 2.966932 10.222912
88.601 1.426566 2.891510 2.937087 10.234114
88.702 1.410605 2.894860 2.939007 10.250423
88.801 1.396220 2.897776 2.942672 10.265100
88.906 1.385729 2.899837 2.949828 10.275792
89.002 1.369743 2.902834 2.960474 10.292056
89.102 1.357143 2.905333 2.943021 10.304901
89.202 1.347731 2.907331 2.930629 10.314523
89.301 1.337302 2.909483 2.939356 10.325172
89.401 1.317904 2.913351 2.950002 10.344952
89.501 1.306381 2.915547 2.957158 10.356683
89.601 1.294615 2.917715 2.960823 10.368647
89.702 1.273574 2.921438 2.967979 10.390014
89.801 1.262034 2.923428 2.971644 10.401725
89.901 1.247641 2.925881 2.973564 10.416325
90.001 1.230299 2.928781 2.978975 10.433908
90.101 1.218490 2.930701 2.980895 10.445872
90.209 1.200895 2.933492 2.984560 10.463687
90.302 1.187010 2.935859 2.970423 10.477772
90.401 1.175475 2.937973 2.956460 10.489500
90.501 1.161505 2.940589 2.956460 10.503712
90.601 1.132103 2.928247 2.967701 10.535599
90.702 1.077377 2.872695 3.015100 10.613580
90.801 1.062596 2.874574 3.015100 10.628480
90.901 1.046110 2.876984 2.990317 10.645142
91.001 1.035349 2.878746 2.972863 10.656046
91.101 1.024803 2.880532 2.974609 10.666742
91.201 1.004839 2.883916 2.965882 10.686990
91.301 0.994843 2.885863 2.946683 10.697174
91.401 0.985338 2.887937 2.913522 10.706904
91.501 0.965477 2.892569 2.911602 10.727297
91.601 0.953637 2.895357 2.909857 10.739461
91.701 0.941910 2.898124 2.909857 10.751511
91.802 0.922043 2.902798 2.914918 10.771919
91.901 0.916531 2.903942 2.955236 10.777548
92.002 0.913190 2.904488 2.995378 10.780935
92.101 0.912750 2.904660 3.128023 10.781406
92.202 0.914842 2.904735 -3.073132 10.783499
92.302 0.917010 2.905003 -2.985865 10.785683
92.403 0.920271 2.905787 -2.834022 10.789038
92.505 0.922210 2.906519 -2.746755 10.791110
92.602 0.923882 2.907333 -2.655998 10.792970
92.705 0.927056 2.909403 -2.495428 10.796759
92.801 0.964816 2.879327 -2.351453 10.845033
92.901 0.970947 2.875439 -2.253185 10.852293
93.002 0.971197 2.875787 -2.101342 10.852721
93.101 0.971367 2.876127 -2.010584 10.853102
93.201 0.971787 2.877235 -1.877939 10.854286
93.302 0.971790 2.877164 -1.762748 10.854357
93.401 0.971688 2.876356 -1.675481 10.855172
93.502 0.952650 2.915762 -1.565730 10.898935
93.601 0.952755 2.914214 -1.483699 10.900487
93.701 0.953539 2.909365 -1.361526 10.905399
93.801 0.948800 2.913828 -1.245318 10.911908
93.913 0.937275 2.925750 -1.139377 10.928490
94.001 0.945002 2.911521 -1.024010 10.944682
94.101 0.952316 2.900930 -0.933428 10.957553
94.201 0.961082 2.889941 -0.872341 10.971610
94.301 0.969627 2.880326 -0.825217 10.984473
94.411 0.982901 2.867152 -0.748423 11.003175
94.503 0.992107 2.859162 -0.694318 11.015364
94.602 0.991249 2.837388 -0.622619 11.037156
94.701 1.002663 2.829790 -0.565024 11.050866
94.801 1.012193 2.824158 -0.516154 11.061937
94.901 1.027594 2.815843 -0.474266 11.079439
95.001 1.040730 2.809434 -0.439360 11.094055
95.102 0.999435 2.778595 -0.441455 11.145594
95.208 1.004622 2.770901 -0.425360 11.154873
95.301 1.022563 2.763421 -0.379982 11.174311
95.402 1.027464 2.761458 -0.381727 11.179590
95.501 1.028165 2.761177 -0.381727 11.180345
95.608 1.027995 2.761246 -0.383472 11.180529
95.704 1.028702 2.760965 -0.374746 11.181290
95.801 1.034311 2.758889 -0.341584 11.187270
95.902 1.046280 2.754939 -0.304932 11.199874
96.004 1.055211 2.752268 -0.282069 11.209197
96.101 1.064394 2.749735 -0.259379 11.218722
96.202 1.080457 2.745804 -0.226218 11.235259
96.303 1.090679 2.743703 -0.187821 11.245695
96.401 1.101203 2.741921 -0.152914 11.256369
96.501 1.120706 2.739623 -0.091828 11.276007
96.601 1.132673 2.738829 -0.051685 11.288000
96.702 1.154034 2.722390 -0.048316 11.314954
96.801 1.180386 2.705993 -0.017805 11.345992
96.902 1.191278 2.706064 0.020592 11.356884
97.001 1.202118 2.706577 0.067890 11.367736
97.101 1.221285 2.708494 0.127057 11.386998
97.201 1.231533 2.710041 0.161964 11.397362
97.301 1.242659 2.712091 0.195125 11.408675
97.401 1.262379 2.716494 0.238758 11.428881
97.501 1.273766 2.719507 0.268429 11.440660
97.601 1.285085 2.722845 0.298099 11.452461
97.701 1.304148 2.728799 0.290943 11.472432
97.801 1.315500 2.732139 0.280471 11.484266
97.901 1.349242 2.786146 0.256981 11.547946
98.001 1.362346 2.789395 0.236037 11.561448
98.101 1.373256 2.791811 0.209857 11.572622
98.201 1.390265 2.795088 0.174951 11.589944
98.301 1.401118 2.796888 0.160639 11.600945
98.401 1.417497 2.799168 0.127478 11.617481
98.501 1.432155 2.800870 0.106534 11.632238
98.601 1.443777 2.802028 0.095713 11.643917
98.702 1.458455 2.803379 0.090302 11.658658
98.801 1.476087 2.804945 0.086812 11.676360
98.906 1.487649 2.805788 0.069358 11.687952
99.002 1.502055 2.806618 0.051905 11.702382
99.102 1.519344 2.807415 0.041433 11.719689
99.201 1.531059 2.807891 0.039688 11.731413
99.301 1.545740 2.808458 0.037943 11.746106
99.401 1.563784 2.809104 0.034277 11.764161
99.502 1.575663 2.809490 0.032532 11.776047
99.601 1.590442 2.809901 0.027122 11.790831
99.701 1.608480 2.810385 0.027122 11.808876
99.801 1.620537 2.810712 0.027122 11.820938
99.901 1.632866 2.810961 0.013159 11.833269
100.001 1.653107 2.811083 0.000593 11.853510
100.101 1.665242 2.811090 0.000593 11.865645
100.201 1.680119 2.811099 0.000593 11.880522
100.301 1.697630 2.811110 0.000593 11.898033
100.401 1.709624 2.811117 0.000593 11.910028
100.501 1.723941 2.811155 0.002338 11.924344
100.601 1.741461 2.811249 0.006003 11.941864
100.701 1.753010 2.811339 0.007748 11.953414
100.801 1.770983 2.811538 0.011414 11.971388
100.902 1.785223 2.811701 0.011414 11.985629
101.001 1.796586 2.811803 0.007748 11.996993
101.101 1.853171 2.777503 -0.110815 12.063162
101.201 1.862296 2.776493 -0.109070 12.072343
101.301 1.881710 2.774601 -0.087952 12.091848
101.401 1.893180 2.773691 -0.073989 12.103354
101.501 1.904782 2.772856 -0.070498 12.114986
101.601 1.921998 2.771656 -0.068753 12.132244
101.701 1.939687 2.770468 -0.065262 12.149973
101.810 1.953991 2.769544 -0.063517 12.164306
101.901 1.964615 2.768882 -0.061772 12.174951
102.001 1.976928 2.768211 -0.049554 12.187283
102.103 1.994152 2.767383 -0.046064 12.204526
102.201 2.005751 2.766874 -0.040653 12.216137
102.301 2.019172 2.766402 -0.029832 12.229566
102.401 2.034585 2.766079 -0.017440 12.244982
102.501 2.046231 2.765917 -0.010459 12.256629
102.601 2.064070 2.765798 -0.005223 12.274469
102.703 2.078187 2.765759 -0.001732 12.288586
102.801 2.089902 2.765749 0.000013 12.300301
102.901 2.104218 2.765739 -0.001732 12.314617
103.001 2.122063 2.765713 0.000013 12.332462
103.101 2.132703 2.765727 0.001758 12.343102
103.201 2.149554 2.765797 0.005424 12.359953
103.309 2.157768 2.765876 0.010834 12.368168
103.401 2.176381 2.766243 0.024797 12.386784
103.501 2.187716 2.766519 0.026542 12.398122
103.601 2.199552 2.766823 0.024797 12.409962
103.701 2.217559 2.767306 0.028287 12.427976
103.809 2.232068 2.767722 0.030033 12.442491
103.901 2.249689 2.768205 0.026542 12.460118
104.001 2.261247 2.768496 0.023051 12.471680
104.101 2.273737 2.768649 0.005598 12.484171
104.201 2.291349 2.768589 -0.012204 12.501783
104.302 2.309060 2.785397 -0.007396 12.526199
104.401 2.332947 2.932056 0.082296 12.674792
104.507 2.353393 2.933251 0.038837 12.695273
104.601 2.364958 2.933483 0.008992 12.706841
104.701 2.376095 2.933496 0.000265 12.717977
104.802 2.396280 2.933401 -0.011952 12.738163
104.901 2.407700 2.933164 -0.024169 12.749585
105.001 2.422172 2.932646 -0.045113 12.764066
105.101 2.439369 2.931818 -0.052269 12.781283
105.201 2.451216 2.931177 -0.057680 12.793147
105.301 2.462996 2.930456 -0.063090 12.804950
105.401 2.484275 2.928882 -0.088048 12.826286
105.502 2.496241 2.927416 -0.138663 12.838342
105.602 2.510914 2.924852 -0.196259 12.853237
105.704 2.528127 2.921291 -0.208476 12.870815
105.801 2.539384 2.918863 -0.213712 12.882331
105.901 2.553296 2.915803 -0.213712 12.896575
106.001 2.570202 2.912134 -0.213712 12.913874
106.101 2.581880 2.909637 -0.210222 12.925817
106.201 2.596580 2.906533 -0.206731 12.940841
106.301 2.613530 2.903004 -0.203240 12.958154
106.401 2.624887 2.900674 -0.201495 12.969747
106.501 2.636069 2.898395 -0.199750 12.981160
106.602 2.653371 2.894871 -0.203240 12.998817
106.702 2.667296 2.891837 -0.220693 13.013069
106.801 2.678234 2.889253 -0.239892 13.024308
106.901 2.697621 2.884444 -0.245128 13.044282
107.002 2.709638 2.881399 -0.250364 13.056679
107.101 2.720814 2.878577 -0.246873 13.068206
107.201 2.740665 2.873575 -0.246873 13.088677
107.302 2.752057 2.870704 -0.246873 13.100426
107.401 2.763705 2.867747 -0.248619 13.112443
107.501 2.847478 2.884883 -0.318631 13.197951
107.601 2.861671 2.880224 -0.315141 13.212889
107.701 2.872672 2.876643 -0.313395 13.224458
107.801 2.886439 2.872198 -0.311650 13.238925
107.904 2.902630 2.867241 -0.276744 13.255857
108.001 2.913372 2.864392 -0.245328 13.266971
108.102 2.931279 2.860443 -0.192968 13.285309
108.202 2.941140 2.858729 -0.159632 13.295317
108.307 2.952198 2.857169 -0.130136 13.306485
108.402 2.970281 2.855293 -0.084757 13.324665
108.501 2.984444 2.854359 -0.051596 13.338859
108.601 2.998588 2.853960 -0.013199 13.353009
108.701 3.009433 2.853951 0.004254 13.363853
108.803 3.024704 2.854401 0.046142 13.379131
108.904 3.038891 2.855207 0.063596 13.393341
109.002 3.050695 2.856091 0.081049 13.405178
109.101 3.068692 2.857896 0.117701 13.423265
109.201 3.080070 2.859375 0.135154 13.434739
109.303 3.097509 2.862313 0.191005 13.452424
109.401 3.111930 2.865512 0.236209 13.467195
109.504 3.122887 2.868423 0.273035 13.478533
109.604 3.135636 2.872370 0.320159 13.491878
109.701 3.151039 2.877993 0.374264 13.508275
109.801 3.161212 2.882241 0.407425 13.519300
109.902 3.174149 2.888252 0.454549 13.533565
110.002 3.184029 2.893373 0.494692 13.544693
110.101 3.169168 2.966109 0.582790 13.618932
110.201 3.174680 2.992155 0.650677 13.645554
110.302 3.186046 3.001233 0.682093 13.660101
110.403 3.194761 3.008298 0.682093 13.671320
110.501 3.208267 3.019247 0.680348 13.688706
110.601 3.217639 3.026778 0.675112 13.700729
110.709 3.231728 3.038051 0.675112 13.718773
110.802 3.242764 3.046835 0.671621 13.732878
110.901 3.251433 3.053654 0.662895 13.743908
111.001 3.263561 3.063033 0.654168 13.759239
111.101 3.273609 3.070649 0.645441 13.771847
111.202 3.279788 3.075236 0.633224 13.779543
111.303 3.295005 3.086288 0.626243 13.798350
111.401 3.304353 3.092993 0.620832 13.809854
111.501 3.313821 3.099739 0.619087 13.821480
111.604 3.330732 3.111651 0.610011 13.842165
111.701 3.340378 3.118350 0.604601 13.853909
111.801 3.350044 3.125004 0.599190 13.865643
111.906 3.367079 3.136545 0.592034 13.886220
112.008 3.377232 3.143325 0.584878 13.898428
112.101 3.387069 3.149811 0.582959 13.910211
112.203 3.404562 3.161236 0.575803 13.931104
112.301 3.414206 3.167276 0.551368 13.942484
112.401 3.423701 3.172897 0.525188 13.953518
112.501 3.440711 3.182256 0.488536 13.972933
112.606 3.450318 3.187250 0.474574 13.983760
112.701 3.460396 3.192282 0.455201 13.995025
112.801 3.486963 3.202753 0.402275 14.023581
112.902 3.507897 3.202935 0.311012 14.044516
113.001 3.519529 3.206692 0.311012 14.056739
113.102 3.539215 3.213100 0.321484 14.077443
113.202 3.550331 3.216824 0.324974 14.089165
113.302 3.561925 3.220752 0.326720 14.101407
113.401 3.581221 3.227297 0.328465 14.121783
113.502 3.592671 3.231182 0.326720 14.133874
113.601 3.603534 3.234863 0.326720 14.145344
113.701 3.623249 3.241527 0.324974 14.166154
113.801 3.634306 3.245253 0.324974 14.177822
113.902 3.645848 3.249131 0.323229 14.189998
114.001 3.665319 3.255590 0.317993 14.210512
114.101 3.676801 3.259236 0.300365 14.222559
114.212 3.687625 3.262455 0.284657 14.233852
114.304 3.707374 3.267896 0.263539 14.254336
114.401 3.718897 3.270943 0.254812 14.266256
114.501 3.730329 3.273818 0.239104 14.278044
114.601 3.750094 3.278427 0.219905 14.298340
114.701 3.761452 3.280945 0.218160 14.309972
114.814 3.778878 3.284707 0.209259 14.327800
114.901 3.793579 3.287717 0.198787 14.342806
115.001 3.805559 3.290043 0.186570 14.355010
115.102 3.817188 3.292075 0.158644 14.366815
115.202 3.837458 3.294566 0.090577 14.387237
115.301 3.848134 3.295311 0.057415 14.397940
115.401 3.859588 3.295722 0.022509 14.409401
115.506 3.878920 3.295419 -0.047304 14.428735
115.601 3.889929 3.294652 -0.083956 14.439771
115.704 3.900194 3.293753 -0.085702 14.450075
115.801 3.920653 3.292025 -0.082211 14.470607
115.908 3.932255 3.291112 -0.074881 14.482245
116.003 3.943287 3.290368 -0.062489 14.493302
116.102 3.932895 3.372015 -0.152997 14.575607
116.201 3.942814 3.370553 -0.142176 14.585633
116.301 3.953889 3.368997 -0.138685 14.596818
116.401 3.974026 3.366278 -0.131704 14.617137
116.501 3.985024 3.364851 -0.128213 14.628227
116.604 3.994936 3.363626 -0.121232 14.638214
116.702 4.014699 3.361253 -0.119486 14.658120
116.801 4.026568 3.359828 -0.119486 14.670073
116.901 4.038016 3.358454 -0.119486 14.681604
117.006 4.056679 3.356218 -0.119486 14.700401
117.102 4.068094 3.354852 -0.119486 14.711897
117.201 4.079574 3.353474 -0.119486 14.723459
117.302 4.099978 3.351019 -0.121232 14.744010
117.401 4.111276 3.349643 -0.121232 14.755391
117.501 4.122626 3.348260 -0.121232 14.766826
117.601 4.142949 3.345758 -0.122977 14.787302
117.704 4.153825 3.344414 -0.122977 14.798261
117.801 4.164494 3.343081 -0.124722 14.809013
117.901 4.183804 3.340660 -0.124722 14.828474
118.002 4.195565 3.339170 -0.126468 14.840329
118.101 4.207541 3.337653 -0.126468 14.852401
118.201 4.228046 3.335030 -0.128213 14.873073
118.302 4.239247 3.333586 -0.128213 14.884367
118.401 4.250713 3.332108 -0.128213 14.895928
118.501 4.270698 3.329522 -0.129958 14.916079
118.601 4.281996 3.328045 -0.129958 14.927473
118.710 4.299252 3.325805 -0.128213 14.944874
118.801 4.307890 3.324691 -0.128213 14.953584
118.906 4.327808 3.322133 -0.128213 14.973665
119.001 4.336887 3.320963 -0.128213 14.982819
119.103 4.345580 3.319830 -0.129958 14.991586
119.218 4.385327 3.448250 -0.079095 15.126016
119.301 4.385674 3.448221 -0.082586 15.126364
119.405 4.390794 3.447630 -0.127964 15.131518
119.506 4.402085 3.445649 -0.208250 15.142981
119.601 4.407587 3.444292 -0.260610 15.148648
119.701 4.414661 3.442110 -0.325187 15.156051
119.802 4.422886 3.438928 -0.403727 15.164870
119.901 4.428531 3.436289 -0.457657 15.171102
120.002 4.435900 3.432286 -0.527645 15.179487
120.101 4.441900 3.428557 -0.560806 15.186552
120.201 4.444440 3.426961 -0.560806 15.189552
120.301 4.446473 3.425680 -0.564297 15.191954
120.402 4.457719 3.418367 -0.586986 15.205369
120.501 4.466303 3.412492 -0.609675 15.215772
120.601 4.475757 3.405626 -0.641091 15.227456
120.701 4.486594 3.397186 -0.674253 15.241191
120.802 4.493019 3.391949 -0.689961 15.249480
120.901 4.499011 3.386849 -0.712650 15.257349
121.001 4.520059 3.365647 -0.743307 15.287224
121.101 4.540595 3.343814 -0.764971 15.317197
121.210 4.546166 3.338251 -0.798132 15.325071
121.302 4.553177 3.330698 -0.826057 15.335376
121.402 4.553979 3.329830 -0.824312 15.336558
121.501 4.553875 3.329943 -0.824312 15.336712
121.602 4.553739 3.330122 -0.745772 15.336936
121.709 4.553226 3.330567 -0.698648 15.337615
121.801 4.553111 3.330642 -0.623599 15.337752
121.904 4.553291 3.330519 -0.592183 15.337971
122.001 4.553322 3.330496 -0.546804 15.338009
122.101 4.553641 3.330331 -0.489209 15.338369
122.201 4.553535 3.330383 -0.452382 15.338486
122.301 4.553828 3.330249 -0.393215 15.338808
122.410 4.553695 3.330303 -0.374191 15.338952
122.501 4.553223 3.332608 -0.370657 15.341305
122.614 4.537002 3.367635 -0.310808 15.379906
122.701 4.537002 3.367635 -0.310808 15.379906
122.801 4.537002 3.367635 -0.310808 15.379906
122.901 4.537002 3.367635 -0.310808 15.379906
123.001 4.536925 3.367660 -0.310808 15.379987
123.101 4.536906 3.367665 -0.310808 15.380006
123.201 4.536868 3.367678 -0.308888 15.380046
123.302 4.536868 3.367678 -0.308888 15.380046
123.402 4.536812 3.367695 -0.305397 15.380105
123.502 4.536717 3.367725 -0.305397 15.380205
123.601 4.536621 3.367755 -0.299987 15.380305
123.701 4.536659 3.367744 -0.298067 15.380345
123.802 4.536898 3.367671 -0.294576 15.380596
123.901 4.537514 3.367486 -0.289340 15.381239
124.001 4.537825 3.367395 -0.284104 15.381562
124.101 4.537863 3.367384 -0.280613 15.381602
124.201 4.537676 3.367437 -0.275377 15.381796
124.301 4.537516 3.367482 -0.271887 15.381963
124.404 4.537436 3.367504 -0.268396 15.382046
124.501 4.537478 3.367493 -0.263160 15.382090
124.602 4.537574 3.367467 -0.259669 15.382190
124.702 4.537593 3.367462 -0.256179 15.382209
124.801 4.537651 3.367447 -0.254433 15.382269
124.901 4.537478 3.367491 -0.249197 15.382448
125.001 4.537400 3.367511 -0.243961 15.382528
125.101 4.537380 3.367516 -0.242216 15.382548
125.201 4.537303 3.367535 -0.236980 15.382628
125.302 4.537263 3.367544 -0.231744 15.382669
125.403 4.537263 3.367544 -0.228253 15.382669
125.501 4.537398 3.367513 -0.226508 15.382808
125.602 4.537496 3.367491 -0.221272 15.382909
125.701 4.537672 3.367452 -0.217782 15.383089
125.801 4.537220 3.361083 -0.216495 15.389473
125.901 4.537040 3.358610 -0.210369 15.391953
126.002 4.536900 3.358640 -0.208624 15.392096
126.101 4.536862 3.358648 -0.205133 15.392135
126.201 4.536727 3.358676 -0.199897 15.392273
126.302 4.536727 3.358676 -0.198152 15.392273
126.412 4.536844 3.358653 -0.194661 15.392392
126.501 4.537162 3.358589 -0.198152 15.392717
126.601 4.537681 3.358485 -0.198152 15.393245
126.701 4.543913 3.357222 -0.199897 15.399604
126.802 4.553610 3.355258 -0.199897 15.409498
126.902 4.565419 3.352865 -0.199897 15.421548
127.001 4.572640 3.351402 -0.199897 15.428915
127.102 4.582669 3.349388 -0.198152 15.439144
127.201 4.594346 3.347033 -0.198152 15.451056
127.302 4.602198 3.345453 -0.199897 15.459065
127.402 4.611796 3.343529 -0.196406 15.468854
127.501 4.624153 3.341051 -0.198152 15.481458
127.602 4.631330 3.339614 -0.198152 15.488777
127.701 4.639303 3.338024 -0.196406 15.496908
127.801 4.651524 3.335596 -0.196406 15.509367
127.901 4.653295 3.335246 -0.194661 15.511172
128.003 4.653098 3.335285 -0.194661 15.511372
128.114 4.653075 3.335290 -0.194661 15.511396
128.203 4.653075 3.335290 -0.194661 15.511396
128.302 4.653075 3.335290 -0.194661 15.511396
128.401 4.653075 3.335290 -0.194661 15.511396
128.502 4.653053 3.335294 -0.194661 15.511418
128.601 4.652860 3.335332 -0.194661 15.511615
128.701 4.653016 3.335301 -0.194661 15.511775
128.801 4.652977 3.335309 -0.194661 15.511816
128.901 4.664564 3.356116 -0.171561 15.535631
129.001 4.664583 3.356112 -0.171561 15.535651
129.101 4.664583 3.356112 -0.171561 15.535651
129.201 4.664583 3.356112 -0.171561 15.535651
129.301 4.664642 3.356102 -0.171561 15.535711
129.401 4.664642 3.356102 -0.171561 15.535711
129.501 4.664642 3.356102 -0.171561 15.535711
129.601 4.664682 3.356095 -0.171561 15.535751
129.701 4.664682 3.356095 -0.171561 15.535751
129.801 4.664682 3.356095 -0.171561 15.535751
129.901 4.664682 3.356095 -0.171561 15.535751
130.001 4.664682 3.356095 -0.171561 15.535751
130.101 4.664682 3.356095 -0.171561 15.535751
130.201 4.664682 3.356095 -0.171561 15.535751
130.301 4.664682 3.356095 -0.171561 15.535751
130.402 4.664682 3.356095 -0.171561 15.535751
130.501 4.664682 3.356095 -0.171561 15.535751
130.601 4.664682 3.356095 -0.171561 15.535751
130.701 4.664682 3.356095 -0.171561 15.535751
130.801 4.664682 3.356095 -0.171561 15.535751
130.901 4.664682 3.356095 -0.171561 15.535751
131.001 4.664682 3.356095 -0.171561 15.535751
131.101 4.664682 3.356095 -0.171561 15.535751
131.201 4.664682 3.356095 -0.171561 15.535751
131.301 4.664682 3.356095 -0.171561 15.535751
131.402 4.664682 3.356095 -0.171561 15.535751
131.501 4.664682 3.356095 -0.171561 15.535751
131.601 4.664682 3.356095 -0.171561 15.535751
131.702 4.664682 3.356095 -0.171561 15.535751
131.805 4.664682 3.356095 -0.171561 15.535751
131.901 4.664672 3.356084 -0.171477 15.535766
132.003 4.664672 3.356084 -0.171477 15.535766
132.101 4.664672 3.356084 -0.171477 15.535766
132.201 4.664672 3.356084 -0.171477 15.535766
132.301 4.664672 3.356084 -0.171477 15.535766
132.401 4.664672 3.356084 -0.171477 15.535766
132.501 4.664672 3.356084 -0.171477 15.535766
132.601 4.664672 3.356084 -0.171477 15.535766
132.701 4.664672 3.356084 -0.171477 15.535766
132.801 4.664672 3.356084 -0.171477 15.535766
132.901 4.664672 3.356084 -0.171477 15.535766
133.001 4.664672 3.356084 -0.171477 15.535766
133.101 4.664672 3.356084 -0.171477 15.535766
133.201 4.664672 3.356084 -0.171477 15.535766
133.301 4.664672 3.356084 -0.171477 15.535766
133.401 4.664672 3.356084 -0.171477 15.535766
133.501 4.664672 3.356084 -0.171477 15.535766
133.602 4.664672 3.356084 -0.171477 15.535766
133.701 4.664672 3.356084 -0.171477 15.535766
133.801 4.664672 3.356084 -0.171477 15.535766
133.902 4.664672 3.356084 -0.171477 15.535766
134.001 4.664672 3.356084 -0.171477 15.535766
134.101 4.664672 3.356084 -0.171477 15.535766
134.201 4.664672 3.356084 -0.171477 15.535766
134.301 4.664672 3.356084 -0.171477 15.535766
134.401 4.664672 3.356084 -0.171477 15.535766
134.501 4.664652 3.356087 -0.171477 15.535786
134.601 4.664672 3.356084 -0.171477 15.535806
134.701 4.664692 3.356080 -0.171477 15.535826
134.801 4.664752 3.356070 -0.171477 15.535887
134.901 4.664752 3.356070 -0.171477 15.535887
135.001 4.664752 3.356070 -0.171478 15.535888
135.101 4.664752 3.356070 -0.171478 15.535888
135.201 4.664752 3.356070 -0.171478 15.535888
135.301 4.664752 3.356070 -0.171478 15.535888
135.401 4.664752 3.356070 -0.171478 15.535888
135.501 4.664752 3.356070 -0.171478 15.535888
135.601 4.664752 3.356070 -0.171478 15.535888
135.701 4.664752 3.356070 -0.171478 15.535888
135.801 4.664752 3.356070 -0.171478 15.535888
135.901 4.664752 3.356070 -0.171478 15.535888
136.001 4.664752 3.356070 -0.171478 15.535888
136.101 4.664752 3.356070 -0.171478 15.535888
136.201 4.664752 3.356070 -0.171478 15.535888
136.301 4.664752 3.356070 -0.171478 15.535888
136.401 4.664752 3.356070 -0.171478 15.535888
136.501 4.664752 3.356070 -0.171478 15.535888
136.602 4.664752 3.356070 -0.171478 15.535888
136.702 4.664752 3.356070 -0.171478 15.535888
136.801 4.664752 3.356070 -0.171478 15.535888
136.904 4.664752 3.356070 -0.171478 15.535888
137.001 4.664752 3.356070 -0.171478 15.535888
137.101 4.664752 3.356070 -0.171478 15.535888
137.201 4.664752 3.356070 -0.171478 15.535888
137.301 4.664752 3.356070 -0.171478 15.535888
137.401 4.664752 3.356070 -0.171478 15.535888
137.501 4.664752 3.356070 -0.171478 15.535888
137.601 4.664752 3.356070 -0.171478 15.535888
137.701 4.664752 3.356070 -0.171478 15.535888
137.801 4.664752 3.356070 -0.171478 15.535888
137.901 4.664752 3.356070 -0.171478 15.535888
138.001 4.664752 3.354369 -0.171476 15.537588
138.101 4.664751 3.351382 -0.171471 15.540575
138.201 4.664751 3.351382 -0.171471 15.540575
138.301 4.664751 3.351382 -0.171471 15.540575
138.401 4.664751 3.351382 -0.171471 15.540575
138.501 4.664751 3.351382 -0.171471 15.540575
138.601 4.664751 3.351382 -0.171471 15.540575
138.701 4.664751 3.351382 -0.171471 15.540575
138.801 4.664751 3.351382 -0.171471 15.540575
138.901 4.664751 3.351382 -0.171471 15.540575
139.001 4.664751 3.351382 -0.171471 15.540575
139.101 4.664771 3.351379 -0.171471 15.540596
139.201 4.664791 3.351375 -0.171471 15.540616
139.301 4.664811 3.351372 -0.171471 15.540635
139.401 4.664811 3.351372 -0.171471 15.540635
139.501 4.664791 3.351375 -0.171471 15.540655
139.601 4.664791 3.351375 -0.171471 15.540655
139.702 4.664791 3.351375 -0.171471 15.540655
139.801 4.664791 3.351375 -0.171471 15.540655
139.901 4.664791 3.351375 -0.171471 15.540655
140.001 4.664791 3.351375 -0.171471 15.540655
140.101 4.664791 3.351375 -0.171471 15.540655
140.201 4.664791 3.351375 -0.171471 15.540655
140.301 4.664791 3.351375 -0.171471 15.540655
140.401 4.664791 3.351375 -0.171471 15.540655
140.501 4.664791 3.351375 -0.171471 15.540655
140.601 4.664791 3.351375 -0.171471 15.540655
140.701 4.664791 3.351375 -0.171471 15.540655
140.801 4.664791 3.351375 -0.171471 15.540655
