# t_sec x y yaw_rad cum_dist_m
0.102 -0.010938 0.003125 -0.000000 0.000000
0.203 -0.010917 0.003125 -0.000000 0.000020
0.301 -0.010938 0.003125 -0.000000 0.000041
0.401 -0.011598 0.003115 0.031416 0.000701
0.516 -0.012926 0.001727 0.061087 0.002621
0.601 -0.012833 0.001575 0.083776 0.002799
0.701 -0.013111 0.001540 0.127409 0.003079
0.801 -0.013211 0.001529 0.169297 0.003180
0.901 -0.012903 0.001585 0.190241 0.003493
1.001 -0.013330 0.001491 0.235619 0.003930
1.101 -0.013255 0.001512 0.277507 0.004007
1.201 -0.012912 0.001616 0.298626 0.004366
1.301 -0.013063 0.001564 0.336849 0.004526
1.401 -0.012970 0.001600 0.373500 0.004626
1.501 -0.012877 0.001638 0.406662 0.004727
1.601 -0.012819 0.001663 0.446804 0.004790
1.701 -0.012818 0.001664 0.472810 0.004790
1.801 -0.012729 0.001711 0.498990 0.004891
1.902 -0.012713 0.001722 0.544543 0.004911
2.001 -0.012713 0.001720 0.577704 0.004912
2.101 -0.012679 0.001742 0.598648 0.004953
2.201 -0.012795 0.001662 0.645772 0.005094
2.301 -0.012587 0.001820 0.682424 0.005355
2.401 0.000244 0.008133 0.713744 0.019654
2.501 0.012629 0.014341 0.755133 0.033508
2.601 0.012602 0.014312 0.793530 0.033548
2.701 0.012575 0.014283 0.819710 0.033587
2.802 0.012623 0.014339 0.847635 0.033661
2.903 0.012690 0.014415 0.891268 0.033762
3.001 0.012681 0.014402 0.917623 0.033778
3.101 0.012543 0.014213 0.950784 0.034012
3.201 0.012545 0.014213 0.996337 0.034014
3.301 0.012555 0.014231 1.020772 0.034035
3.401 0.012576 0.014265 1.064405 0.034075
3.501 0.012557 0.014231 1.104548 0.034113
3.607 0.012477 0.014068 1.128982 0.034295
3.701 0.012634 0.014421 1.167379 0.034681
3.801 0.012488 0.014054 1.204031 0.035076
3.901 -0.008402 0.011026 1.241484 0.056184
4.003 -0.008358 0.011159 1.276390 0.056324
4.101 -0.008329 0.011264 1.311297 0.056433
4.201 -0.008394 0.011008 1.339222 0.056698
4.301 -0.008377 0.011094 1.386346 0.056786
4.401 -0.008377 0.011093 1.407290 0.056787
4.502 -0.008416 0.010856 1.461395 0.057027
4.604 -0.008389 0.011141 1.487575 0.057313
4.701 -0.008394 0.011059 1.498221 0.057396
4.801 -0.008399 0.011124 1.540109 0.057461
4.901 -0.008391 0.011547 1.561053 0.057884
5.001 -0.008384 0.011026 1.596134 0.058404
5.101 -0.008384 0.011004 1.641513 0.058426
5.201 -0.008384 0.011007 1.662457 0.058429
5.301 -0.008357 0.010748 1.700854 0.058689
5.401 -0.008436 0.011285 1.734190 0.059232
5.517 -0.008381 0.010993 1.764035 0.059529
5.602 -0.008408 0.011103 1.793706 0.059643
5.701 -0.038790 0.017244 1.847630 0.090640
5.801 -0.038714 0.016997 1.875555 0.090898
5.903 -0.038742 0.017069 1.913953 0.090976
6.001 -0.038826 0.017296 1.952350 0.091218
6.101 -0.038749 0.017112 1.971548 0.091416
6.202 -0.038645 0.016874 1.997728 0.091677
6.301 -0.038896 0.017386 2.051834 0.092247
6.401 -0.038785 0.017181 2.072777 0.092480
6.501 -0.038716 0.017059 2.102448 0.092620
6.601 -0.038878 0.017307 2.147827 0.092917
6.706 -0.038856 0.017275 2.179243 0.092956
6.802 -0.038844 0.017259 2.203677 0.092976
6.901 -0.038707 0.017087 2.252546 0.093196
7.003 -0.041665 0.021148 2.294231 0.098220
7.101 -0.041861 0.021366 2.316920 0.098514
7.201 -0.041440 0.020939 2.369280 0.099114
7.302 -0.041629 0.021114 2.393715 0.099372
7.401 -0.041662 0.021146 2.437348 0.099418
7.501 -0.041533 0.021041 2.467018 0.099584
7.602 -0.041724 0.021188 2.491453 0.099825
7.701 -0.041892 0.021309 2.536832 0.100032
7.801 -0.041710 0.021190 2.563012 0.100248
7.902 -0.041421 0.021010 2.606645 0.100589
8.001 -0.041663 0.021145 2.639806 0.100867
8.101 -0.041911 0.021278 2.665986 0.101148
8.201 -0.041558 0.021106 2.706303 0.101541
8.301 -0.041649 0.021147 2.734228 0.101641
8.412 -0.041447 0.021064 2.760408 0.101860
8.501 -0.036789 -0.002603 2.752789 0.125981
8.601 -0.036183 -0.002838 2.787695 0.126631
8.701 -0.036331 -0.002788 2.814050 0.126788
8.801 -0.036679 -0.002674 2.849131 0.127154
8.901 -0.036407 -0.002749 2.880547 0.127436
9.004 -0.036446 -0.002740 2.910217 0.127476
9.101 -0.036683 -0.002691 2.950360 0.127718
9.204 -0.036387 -0.002738 2.985266 0.128018
9.301 -0.036208 -0.002764 3.014763 0.128199
9.401 -0.036746 -0.002708 3.049669 0.128740
9.502 -0.036586 -0.002715 3.089986 0.128900
9.601 -0.036180 -0.002730 3.121402 0.129306
9.701 -0.036632 -0.002729 -3.135603 0.129758
9.803 -0.036771 -0.002724 -3.083243 0.129897
9.901 -0.036711 -0.002720 -3.055318 0.129957
10.001 -0.036915 -0.002741 -3.034374 0.130163
10.101 -0.002637 -0.020523 -2.945379 0.168780
10.202 -0.003124 -0.020630 -2.919199 0.169279
10.301 -0.003189 -0.020640 -2.889528 0.169344
10.401 -0.002916 -0.020568 -2.845895 0.169627
10.501 -0.002994 -0.020593 -2.819715 0.169708
10.601 -0.002843 -0.020539 -2.793535 0.169868
10.701 -0.002675 -0.020473 -2.744666 0.170048
10.803 -0.002836 -0.020546 -2.714995 0.170225
10.901 -0.002855 -0.020554 -2.688815 0.170245
11.003 -0.003039 -0.020651 -2.639946 0.170454
11.103 -0.003021 -0.020640 -2.615511 0.170475
11.201 -0.002951 -0.020599 -2.571878 0.170556
11.301 -0.002882 -0.020553 -2.545698 0.170639
11.401 -0.002709 -0.020429 -2.505556 0.170852
11.505 -0.003826 -0.020034 -2.467029 0.172036
11.603 -0.013443 -0.014664 -2.425078 0.183050
11.702 -0.013179 -0.014421 -2.388077 0.183409
11.802 -0.013375 -0.014614 -2.356661 0.183685
11.901 -0.013593 -0.014839 -2.326991 0.183998
12.001 -0.013123 -0.014333 -2.295400 0.184688
12.101 -0.013239 -0.014470 -2.251767 0.184867
12.202 -0.013218 -0.014439 -2.227332 0.184904
12.301 -0.013254 -0.014488 -2.192426 0.184965
12.401 -0.013312 -0.014574 -2.157519 0.185069
12.501 -0.013285 -0.014538 -2.113886 0.185113
12.602 -0.013324 -0.014605 -2.089451 0.185190
12.716 -0.013173 -0.014325 -2.056290 0.185509
12.801 -0.013129 -0.014225 -2.017718 0.185618
12.907 -0.013205 -0.014390 -1.982812 0.185800
13.008 -0.013181 -0.014335 -1.958377 0.185861
13.101 -0.013137 -0.014221 -1.925216 0.185982
13.201 -0.013122 -0.014192 -1.883328 0.186015
13.305 -0.013171 -0.014344 -1.858893 0.186174
13.402 -0.013153 -0.014280 -1.830968 0.186240
13.502 -0.005161 0.023857 -1.714809 0.225206
13.601 -0.005174 0.023759 -1.692120 0.225305
13.703 -0.005147 0.024018 -1.664195 0.225566
13.802 -0.005152 0.023955 -1.620561 0.225629
13.901 -0.005151 0.024017 -1.585655 0.225691
14.004 -0.005152 0.023997 -1.564711 0.225711
14.101 -0.005159 0.024116 -1.510606 0.225830
14.201 -0.005137 0.023816 -1.486171 0.226131
14.301 -0.005130 0.023756 -1.459991 0.226192
14.401 -0.005202 0.024283 -1.409377 0.226724
14.501 -0.005132 0.023898 -1.383197 0.227115
14.603 -0.005160 0.023990 -1.337818 0.227211
14.701 -0.005151 0.023953 -1.311638 0.227249
14.801 -0.020236 0.033726 -1.229951 0.245223
14.901 -0.025204 0.037248 -1.163353 0.251313
15.017 -0.025058 0.036925 -1.138918 0.251667
15.104 -0.025361 0.037527 -1.095285 0.252341
15.202 -0.025197 0.037229 -1.060378 0.252681
15.308 -0.025047 0.036966 -1.032453 0.252983
15.401 -0.025337 0.037433 -0.994056 0.253533
15.501 -0.025233 0.037277 -0.960545 0.253720
15.609 -0.025220 0.037261 -0.932795 0.253740
15.703 -0.025208 0.037246 -0.889161 0.253760
15.801 -0.025208 0.037246 -0.868217 0.253760
15.902 -0.025248 0.037290 -0.824584 0.253819
16.001 -0.025074 0.037111 -0.784442 0.254069
16.102 -0.025293 0.037321 -0.753026 0.254372
16.204 -0.025307 0.037334 -0.725100 0.254391
16.302 -0.025184 0.037233 -0.686703 0.254551
16.408 -0.025249 0.037279 -0.650051 0.254630
16.506 -0.020287 0.041498 -0.594296 0.261143
16.601 -0.020323 0.041522 -0.561135 0.261186
16.701 -0.020117 0.041396 -0.534955 0.261427
16.801 -0.020571 0.041653 -0.494812 0.261949
16.901 -0.020284 0.041506 -0.456415 0.262271
17.001 -0.020430 0.041570 -0.424999 0.262430
17.101 -0.020295 0.041512 -0.397074 0.262577
17.201 -0.020071 0.041428 -0.348204 0.262816
17.302 -0.020185 0.041468 -0.318534 0.262937
17.401 -0.020147 0.041456 -0.290609 0.262977
17.501 -0.020533 0.041557 -0.255702 0.263376
17.601 -0.020542 0.041561 -0.217305 0.263386
17.701 -0.020384 0.041529 -0.192696 0.263547
17.801 -0.011384 0.002873 -0.112738 0.303237
17.901 -0.011522 0.002889 -0.083067 0.303377
18.001 -0.011804 0.002906 -0.055142 0.303658
18.104 -0.011138 0.002883 -0.009763 0.304325
18.201 -0.011419 0.002880 0.016417 0.304605
18.301 -0.011502 0.002880 0.046087 0.304688
18.401 -0.011182 0.002900 0.093211 0.305009
18.501 -0.011364 0.002880 0.122882 0.305192
18.605 -0.011201 0.002901 0.126372 0.305356
18.701 -0.011261 0.002893 0.126372 0.305417
18.801 -0.011261 0.002893 0.126372 0.305417
18.901 -0.011261 0.002893 0.126372 0.305417
19.001 -0.011261 0.002893 0.126372 0.305417
19.101 -0.011261 0.002893 0.126372 0.305417
19.201 -0.011261 0.002893 0.126372 0.305417
19.304 -0.011261 0.002893 0.126372 0.305417
19.401 -0.011261 0.002893 0.126372 0.305417
19.503 -0.011261 0.002893 0.126372 0.305417
19.608 -0.011261 0.002893 0.126372 0.305417
19.702 -0.011261 0.002893 0.126372 0.305417
19.802 -0.011261 0.002893 0.126372 0.305417
19.901 -0.011261 0.002893 0.126372 0.305417
20.001 -0.011261 0.002893 0.126372 0.305417
20.101 -0.007609 0.003357 0.126372 0.309099
20.201 0.004820 0.004958 0.128118 0.321630
20.301 0.017720 0.006635 0.129863 0.334639
20.401 0.025100 0.007604 0.131608 0.342081
20.501 0.041685 0.009819 0.133354 0.358814
20.601 0.056726 0.011891 0.140335 0.373997
20.703 0.073503 0.014327 0.147316 0.390950
20.801 0.085193 0.016099 0.152727 0.402774
20.908 0.109450 0.019990 0.121900 0.427341
21.002 0.128385 0.022370 0.127311 0.446425
21.102 0.140481 0.023947 0.130976 0.458623
21.201 0.152289 0.025560 0.136212 0.470541
21.301 0.172610 0.028418 0.141448 0.491062
21.404 0.184354 0.030096 0.141448 0.502925
21.504 0.196450 0.031824 0.143193 0.515144
21.603 0.213778 0.034317 0.141448 0.532650
21.701 0.227917 0.036330 0.141448 0.546932
21.801 0.240279 0.038091 0.141448 0.559419
21.901 0.254166 0.040058 0.139703 0.573444
22.001 0.271637 0.042527 0.143193 0.591089
22.104 0.284188 0.044364 0.146684 0.603773
22.201 0.304409 0.047403 0.146684 0.624222
22.301 0.315909 0.048990 0.134467 0.635830
22.401 0.327176 0.050514 0.134467 0.647201
22.502 0.344198 0.052798 0.132721 0.664375
22.601 0.358314 0.054692 0.136212 0.678617
22.701 0.369535 0.056254 0.139703 0.689947
22.801 0.387229 0.058743 0.139703 0.707815
22.901 0.404969 0.061248 0.139703 0.725731
23.001 0.414465 0.062606 0.143193 0.735323
23.102 0.425896 0.064260 0.144939 0.746873
23.201 0.446183 0.067262 0.148429 0.767381
23.301 0.457859 0.069055 0.153840 0.779194
23.402 0.469301 0.070820 0.150524 0.790771
23.502 0.488422 0.073593 0.138132 0.810092
23.601 0.499858 0.075141 0.131151 0.821633
23.701 0.511574 0.076616 0.120679 0.833442
23.801 0.531647 0.078722 0.092579 0.853624
23.901 0.543095 0.079663 0.076696 0.865111
24.001 0.584455 0.222293 0.121860 1.013617
24.101 0.605150 0.224811 0.120115 1.034465
24.212 0.616778 0.226163 0.106152 1.046171
24.301 0.630658 0.227395 0.076482 1.060106
24.401 0.649461 0.228475 0.050127 1.078940
24.502 0.661342 0.228957 0.037735 1.090830
24.603 0.673927 0.229363 0.030405 1.103422
24.701 0.687292 0.229760 0.030405 1.116793
24.801 0.704192 0.230240 0.026914 1.133699
24.901 0.716363 0.230567 0.026914 1.145875
25.001 0.735893 0.231132 0.032325 1.165413
25.101 0.746133 0.231476 0.035815 1.175659
25.202 0.756501 0.231863 0.037735 1.186034
25.302 0.773915 0.232520 0.037735 1.203461
25.401 0.787538 0.233139 0.051872 1.217098
25.502 0.796640 0.233645 0.059028 1.226213
25.601 0.806250 0.234246 0.067755 1.235842
25.702 0.823016 0.235515 0.081718 1.252656
25.801 0.832464 0.236302 0.083463 1.262137
25.901 0.844401 0.237358 0.095680 1.274120
26.001 0.859143 0.238875 0.106152 1.288941
26.102 0.869652 0.240043 0.115053 1.299515
26.203 0.883029 0.241613 0.109817 1.312983
26.301 0.899208 0.243269 0.097600 1.329247
26.401 0.913525 0.244600 0.092364 1.343626
26.501 0.925283 0.245731 0.095855 1.355437
26.602 0.942780 0.247439 0.097600 1.373018
26.701 0.957410 0.248907 0.101265 1.387721
26.803 0.968970 0.250107 0.104930 1.399343
26.901 0.984503 0.251879 0.118893 1.414977
27.003 0.994593 0.253106 0.122384 1.425141
27.101 1.075660 0.317841 0.171880 1.528884
27.201 1.090239 0.320361 0.164899 1.543679
27.301 1.100177 0.321869 0.149191 1.553731
27.404 1.115545 0.323911 0.128422 1.569234
27.501 1.130439 0.325823 0.126502 1.584250
27.602 1.144975 0.327689 0.126502 1.598905
27.703 1.156097 0.329104 0.126502 1.610117
27.803 1.172361 0.331172 0.126502 1.626512
27.901 1.185756 0.332876 0.126502 1.640015
28.001 1.196370 0.334156 0.110794 1.650706
28.101 1.214184 0.336049 0.100322 1.668620
28.201 1.226225 0.337220 0.100322 1.680718
28.301 1.243031 0.338951 0.103813 1.697613
28.401 1.256890 0.340405 0.103813 1.711548
28.502 1.268331 0.341617 0.105558 1.723053
28.604 1.285891 0.343503 0.107303 1.740714
28.702 1.300581 0.345095 0.109049 1.755491
28.801 1.315334 0.346743 0.112714 1.770334
28.901 1.326976 0.348088 0.116379 1.782054
29.001 1.343776 0.350131 0.123535 1.798978
29.101 1.357315 0.351840 0.127025 1.812625
29.201 1.368206 0.353245 0.128771 1.823606
29.301 1.379250 0.354714 0.134007 1.834747
29.401 1.399372 0.357453 0.137497 1.855054
29.501 1.411168 0.359106 0.139243 1.866966
29.601 1.428841 0.361635 0.142733 1.884819
29.707 1.443776 0.363818 0.146224 1.899912
29.801 1.454833 0.365457 0.149889 1.911091
29.901 1.472748 0.368163 0.149889 1.929208
30.001 1.487609 0.370462 0.155300 1.944247
30.101 1.499380 0.372326 0.158790 1.956164
30.201 1.521035 0.432925 0.224984 2.020516
30.301 1.540383 0.466428 0.262567 2.059204
30.401 1.551489 0.469429 0.259077 2.070709
30.501 1.565042 0.472741 0.232897 2.084660
30.602 1.581423 0.476274 0.206542 2.101418
30.702 1.592505 0.478546 0.199561 2.112730
30.803 1.603897 0.480745 0.185424 2.124333
30.901 1.623985 0.484125 0.148772 2.144704
31.001 1.635364 0.485730 0.138300 2.156195
31.102 1.647400 0.487389 0.136555 2.168345
31.219 1.667355 0.490095 0.134809 2.188482
31.301 1.679083 0.491634 0.129573 2.200311
31.404 1.690817 0.493147 0.127828 2.212142
31.501 1.710653 0.495671 0.126083 2.232138
31.602 1.722295 0.497147 0.126083 2.243873
31.701 1.734145 0.498649 0.126083 2.255818
31.801 1.754713 0.501230 0.124337 2.276547
31.902 1.766409 0.502708 0.126083 2.288337
32.001 1.784192 0.504951 0.124337 2.306260
32.101 1.795816 0.506398 0.124337 2.317974
32.201 1.810430 0.508194 0.120847 2.332698
32.302 1.828088 0.510318 0.117181 2.350483
32.406 1.839563 0.511638 0.113691 2.362034
32.502 1.854201 0.513310 0.113691 2.376767
32.601 1.871738 0.515253 0.110026 2.394411
32.702 1.885743 0.516805 0.110026 2.408502
32.803 1.897208 0.518087 0.110026 2.420038
32.902 1.909191 0.519405 0.108280 2.432094
33.004 1.926225 0.521257 0.108280 2.449228
33.108 1.937776 0.522481 0.104615 2.460844
33.201 1.957796 0.524520 0.100950 2.480968
33.301 1.969859 0.525736 0.099205 2.493091
33.401 1.981222 0.534390 0.082814 2.507375
33.501 1.944531 0.576173 -0.006016 2.562981
33.601 1.962001 0.576022 -0.009507 2.580452
33.702 1.976467 0.575885 -0.009507 2.594919
33.801 1.988515 0.575741 -0.013172 2.606967
33.901 2.005869 0.575351 -0.027134 2.624325
34.001 2.020895 0.575044 -0.011426 2.639355
34.105 2.032330 0.574970 -0.002351 2.650790
34.216 2.046465 0.575047 0.013532 2.664926
34.301 2.061732 0.575463 0.034301 2.680198
34.401 2.071909 0.575904 0.046518 2.690384
34.501 2.083734 0.576470 0.048264 2.702223
34.601 2.104253 0.577502 0.051754 2.722768
34.701 2.115916 0.578111 0.053500 2.734447
34.801 2.127728 0.578753 0.056990 2.746277
34.901 2.146535 0.580067 0.077934 2.765129
35.002 2.157897 0.581087 0.100624 2.776536
35.102 2.169681 0.582426 0.119997 2.788397
35.201 2.184819 0.584472 0.137450 2.803672
35.304 2.201601 0.586848 0.142686 2.820622
35.401 2.213418 0.588575 0.151413 2.832564
35.504 2.233305 0.591984 0.183003 2.852741
35.601 2.244795 0.594131 0.184749 2.864430
35.701 2.256423 0.596351 0.188239 2.876268
35.802 2.275692 0.600016 0.188239 2.895883
35.910 2.285857 0.601948 0.188239 2.906229
36.008 2.295815 0.603818 0.186494 2.916361
36.101 2.312885 0.607049 0.188239 2.933734
36.210 2.330651 0.610401 0.186494 2.951814
36.301 2.345191 0.613145 0.186494 2.966610
36.403 2.356567 0.615291 0.186494 2.978187
36.501 2.388225 0.661583 0.202686 3.034269
36.601 2.435474 0.731131 0.210100 3.118348
36.701 2.445741 0.733259 0.195963 3.128833
36.802 2.455566 0.735102 0.180255 3.138830
36.901 2.472660 0.737851 0.138367 3.156144
37.001 2.481881 0.739014 0.122659 3.165437
37.104 2.494104 0.740413 0.108522 3.177741
37.201 2.514172 0.742352 0.092814 3.197902
37.306 2.524098 0.743197 0.080596 3.207864
37.403 2.540272 0.744434 0.073615 3.224085
37.501 2.552773 0.745321 0.070124 3.236617
37.601 2.569497 0.746392 0.057733 3.253376
37.701 2.578311 0.746859 0.052322 3.262202
37.803 2.595353 0.747632 0.041501 3.279262
37.902 2.608904 0.748095 0.030680 3.292821
38.003 2.621516 0.748388 0.019859 3.305436
38.101 2.632885 0.748569 0.012703 3.316806
38.201 2.649362 0.748672 0.002231 3.333284
38.301 2.663475 0.748614 -0.008241 3.347397
38.402 2.674379 0.748520 -0.006496 3.358301
38.501 2.686322 0.748469 -0.003005 3.370244
38.601 2.704190 0.748507 0.005722 3.388113
38.708 2.718022 0.748687 0.019684 3.401945
38.810 2.734818 0.749183 0.039232 3.418749
38.901 2.746506 0.749732 0.051449 3.430450
39.001 2.757981 0.750453 0.067332 3.441948
39.102 2.777385 0.751994 0.084960 3.461412
39.201 2.787760 0.752941 0.091941 3.471830
39.301 2.798762 0.754023 0.100668 3.482886
39.401 2.813733 0.755610 0.109394 3.497940
39.501 2.831221 0.757844 0.140810 3.515571
39.601 2.826778 0.803880 0.078545 3.561821
39.701 2.847181 0.806072 0.120433 3.582342
39.803 2.859060 0.807577 0.120433 3.594316
39.901 2.870375 0.808911 0.115197 3.605709
40.001 2.887400 0.810821 0.109961 3.622841
40.101 2.905472 0.812779 0.106470 3.641018
40.202 2.914555 0.813692 0.093904 3.650148
40.301 2.932429 0.815153 0.071040 3.668081
40.401 2.946684 0.816142 0.069295 3.682371
40.502 2.963898 0.817307 0.067549 3.699624
40.601 2.975502 0.818092 0.067549 3.711255
40.701 2.990101 0.819080 0.067549 3.725887
40.801 3.007576 0.820282 0.069295 3.743403
40.902 3.018993 0.821090 0.071040 3.754848
41.004 3.033171 0.822099 0.071040 3.769062
41.103 3.050281 0.823292 0.069295 3.786214
41.201 3.061388 0.824063 0.069295 3.797348
41.301 3.072211 0.824824 0.071040 3.808198
41.403 3.091461 0.826194 0.071040 3.827496
41.501 3.102853 0.827004 0.071040 3.838917
41.601 3.117759 0.827967 0.055332 3.853854
41.701 3.135237 0.828770 0.034388 3.871350
41.801 3.140894 0.828955 0.032643 3.877010
41.901 3.161682 0.829644 0.032643 3.897810
42.001 3.173375 0.830026 0.032643 3.909509
42.101 3.194115 0.830709 0.034388 3.930260
42.201 3.205860 0.831108 0.034388 3.942012
42.301 3.217738 0.831516 0.034388 3.953897
42.401 3.229237 0.831912 0.034388 3.965403
42.507 3.249943 0.832603 0.032643 3.986120
42.601 3.262367 0.833004 0.034388 3.998551
42.702 3.278853 0.833582 0.036133 4.015047
42.808 3.357078 0.914896 0.040173 4.127879
42.901 3.366027 0.915256 0.040173 4.136836
43.001 3.383190 0.915867 0.019229 4.154010
43.101 3.399702 0.915891 -0.015503 4.170521
43.201 3.407891 0.915720 -0.020914 4.178712
43.301 3.425993 0.915296 -0.026325 4.196819
43.401 3.440340 0.914939 -0.024579 4.211171
43.501 3.451101 0.914709 -0.019169 4.221935
43.601 3.462313 0.914514 -0.017423 4.233148
43.701 3.481860 0.914149 -0.019169 4.252699
43.801 3.493890 0.913918 -0.017423 4.264731
43.901 3.508538 0.913669 -0.017423 4.279381
44.001 3.525694 0.913407 -0.013758 4.296539
44.102 3.536191 0.913301 -0.008348 4.307036
44.205 3.546567 0.913255 -0.003112 4.317412
44.301 3.567088 0.913196 -0.001366 4.337933
44.401 3.578783 0.913180 -0.001366 4.349629
44.501 3.596344 0.913156 -0.001366 4.367189
44.601 3.611210 0.913121 -0.001366 4.382055
44.701 3.623127 0.913094 -0.001366 4.393972
44.802 3.640913 0.913060 -0.001366 4.411759
44.901 3.655600 0.913029 -0.001366 4.426446
45.001 3.667664 0.913013 -0.001366 4.438510
45.101 3.684937 0.913004 0.000379 4.455783
45.201 3.700208 0.913033 0.003870 4.471054
45.301 3.711570 0.913086 0.005615 4.482416
45.401 3.729088 0.913205 0.007360 4.499934
45.501 3.743742 0.913404 0.014342 4.514590
45.602 3.755745 0.913639 0.019578 4.526595
45.701 3.773216 0.914007 0.021323 4.544070
45.801 3.787626 0.914326 0.021323 4.558484
45.901 3.755554 1.035892 0.064836 4.684210
46.001 3.767430 1.036658 0.063090 4.696110
46.101 3.786916 1.037695 0.047382 4.715624
46.201 3.798172 1.038190 0.043892 4.726891
46.301 3.810042 1.038706 0.042146 4.738772
46.402 3.830563 1.039562 0.042146 4.759311
46.502 3.842314 1.040037 0.040401 4.771071
46.601 3.860070 1.040744 0.038656 4.788841
46.702 3.874786 1.041313 0.038656 4.803568
46.801 3.886192 1.041739 0.036910 4.814982
46.901 3.903815 1.042374 0.035165 4.832616
47.001 3.918271 1.042883 0.035165 4.847082
47.101 3.930613 1.043317 0.035165 4.859432
47.201 3.947322 1.043890 0.033420 4.876150
47.302 3.961773 1.044348 0.031674 4.890608
47.402 3.973491 1.044676 0.026264 4.902331
47.502 3.991013 1.045114 0.022599 4.919859
47.601 4.006325 1.045428 0.018934 4.935174
47.702 4.018331 1.045618 0.015443 4.947181
47.801 4.035846 1.045866 0.013523 4.964698
47.901 4.050566 1.046094 0.015443 4.979419
48.001 4.059510 1.046258 0.018934 4.988365
48.101 4.079723 1.046653 0.020853 5.008582
48.201 4.091253 1.046894 0.020853 5.020115
48.301 4.102854 1.047136 0.020853 5.031718
48.401 4.123595 1.047568 0.020853 5.052464
48.501 4.135388 1.047868 0.026264 5.064261
48.601 4.150281 1.048292 0.029755 5.079160
48.701 4.167777 1.048757 0.026264 5.096662
48.801 4.180262 1.049066 0.022599 5.109151
48.901 4.225561 1.092106 -0.004499 5.171636
49.001 4.255257 1.114704 -0.020830 5.208952
49.101 4.272560 1.114292 -0.026241 5.226261
49.203 4.287138 1.113867 -0.031651 5.240845
49.301 4.298674 1.113502 -0.031651 5.252386
49.405 4.313389 1.112982 -0.037062 5.267111
49.502 4.330370 1.112258 -0.047883 5.284107
49.602 4.341565 1.111690 -0.055039 5.295317
49.705 4.356831 1.110437 -0.097101 5.310635
49.801 4.368006 1.109114 -0.128517 5.321887
49.902 4.387682 1.106042 -0.166914 5.341802
50.001 4.399276 1.103987 -0.179132 5.353576
50.101 4.410932 1.101845 -0.184368 5.365427
50.201 4.431024 1.097961 -0.210548 5.385892
50.301 4.439085 1.096106 -0.233237 5.394163
50.401 4.457621 1.090961 -0.297814 5.413400
50.502 4.467080 1.088121 -0.287342 5.423277
50.601 4.477466 1.085071 -0.282106 5.434101
50.701 4.495858 1.079920 -0.269540 5.453201
50.801 4.507498 1.076760 -0.264129 5.465262
50.901 4.518538 1.073872 -0.251912 5.476673
51.001 4.535269 1.069789 -0.229223 5.493896
51.101 4.545575 1.067506 -0.211769 5.504451
51.201 4.557370 1.065142 -0.189080 5.516481
51.302 4.576085 1.061854 -0.162900 5.535483
51.401 4.585880 1.060385 -0.143702 5.545387
51.501 4.598927 1.058708 -0.122758 5.558541
51.601 4.615564 1.056580 -0.127994 5.575313
51.701 4.627780 1.054986 -0.131484 5.587633
51.801 4.641938 1.053099 -0.131484 5.601917
51.901 4.659077 1.050802 -0.133230 5.619209
52.001 4.670473 1.049274 -0.133230 5.630706
52.101 4.681918 1.047735 -0.133230 5.642255
52.201 4.706707 1.051575 -0.139772 5.667340
52.304 4.761169 1.103559 -0.165145 5.742628
52.416 4.771885 1.101748 -0.166891 5.753497
52.502 4.791300 1.098462 -0.168636 5.773187
52.601 4.799419 1.097209 -0.131984 5.781402
52.701 4.802484 1.096874 -0.084860 5.784486
52.801 4.804496 1.096764 -0.018538 5.786501
52.902 4.802176 1.096604 0.121263 5.788826
53.001 4.799886 1.096193 0.210101 5.791152
53.101 4.799156 1.096035 0.368926 5.791900
53.202 4.799228 1.096066 0.459683 5.791979
53.306 4.799720 1.096357 0.548694 5.792550
53.401 4.802652 1.098539 0.711010 5.796205
53.501 4.804637 1.100457 0.801767 5.798965
53.601 4.807002 1.103245 0.894270 5.802621
53.703 4.810751 1.108607 1.004225 5.809164
53.801 4.814216 1.114643 1.072293 5.816123
53.901 4.820998 1.149071 1.304282 5.851213
54.001 4.803336 1.167857 1.446315 5.876998
54.105 4.804446 1.181607 1.517873 5.890793
54.203 4.804654 1.192820 1.571979 5.902008
54.302 4.818462 1.169752 1.597890 5.928892
54.401 4.816955 1.190114 1.674510 5.949309
54.501 4.815400 1.202232 1.709417 5.961526
54.601 4.813706 1.212477 1.747989 5.971910
54.702 4.809662 1.231286 1.803839 5.991149
54.801 4.807014 1.241520 1.833684 6.001721
54.901 4.871421 1.274083 1.815822 6.073891
55.001 4.865958 1.294041 1.859455 6.094584
55.101 4.862470 1.304952 1.889126 6.106039
55.210 4.858593 1.315958 1.922287 6.117708
55.301 4.851561 1.333550 1.964175 6.136653
55.402 4.847179 1.343931 1.974647 6.147921
55.501 4.842613 1.354162 1.995591 6.159125
55.601 4.834816 1.370512 2.025261 6.177239
55.701 4.827355 1.385036 2.061913 6.193567
55.801 4.820775 1.396995 2.077621 6.207217
55.901 4.815306 1.406518 2.102056 6.218199
56.001 4.807013 1.420364 2.119509 6.234338
56.101 4.802429 1.427648 2.142198 6.242944
56.202 4.792268 1.442566 2.189322 6.260993
56.301 4.781978 1.456770 2.199794 6.278534
56.402 4.773833 1.467892 2.205030 6.292319
56.501 4.767238 1.476808 2.208521 6.303409
56.601 4.714922 1.504711 2.238636 6.362701
56.704 4.703946 1.518391 2.252598 6.380239
56.802 4.696527 1.527363 2.266561 6.391882
56.901 4.689408 1.535799 2.273542 6.402920
57.001 4.677810 1.549193 2.294486 6.420638
57.104 4.670563 1.557365 2.297977 6.431560
57.201 4.663048 1.565729 2.306704 6.442805
57.307 4.649701 1.580201 2.327648 6.462491
57.401 4.641882 1.588384 2.336374 6.473810
57.501 4.633952 1.596548 2.345101 6.485191
57.602 4.619521 1.611128 2.355573 6.505705
57.701 4.611186 1.619422 2.362554 6.517464
57.801 4.603872 1.626618 2.366045 6.527724
57.901 4.589927 1.640217 2.369535 6.547203
58.001 4.581540 1.648347 2.373026 6.558883
58.107 4.573179 1.656418 2.374771 6.570504
58.201 4.558349 1.670687 2.376517 6.591084
58.301 4.552378 1.676394 2.381753 6.599343
58.401 4.539455 1.688569 2.388734 6.617098
58.501 4.531200 1.696212 2.399206 6.628348
58.601 4.520070 1.706282 2.411423 6.643357
58.701 4.511495 1.713877 2.418405 6.654813
58.801 4.497343 1.726247 2.427306 6.673609
58.901 4.488809 1.733587 2.432716 6.684865
59.002 4.480276 1.740865 2.438127 6.696080
59.101 4.468062 1.751185 2.441792 6.712070
59.202 4.457088 1.760371 2.447377 6.726382
59.301 4.451052 1.765390 2.449122 6.734232
59.401 4.436767 1.777151 2.454707 6.752735
59.501 4.423407 1.788013 2.462038 6.769954
59.602 4.416926 1.793237 2.463783 6.778278
59.703 4.403511 1.803941 2.472859 6.795440
59.804 4.392435 1.812639 2.478444 6.809523
59.902 4.296885 1.764372 2.644051 6.916572
60.001 4.286599 1.769890 2.651033 6.928245
60.101 4.272097 1.777672 2.642132 6.944703
60.201 4.265771 1.781138 2.640386 6.951916
60.301 4.251540 1.789157 2.615777 6.968251
60.401 4.238433 1.796924 2.594659 6.983486
60.501 4.224968 1.805483 2.561497 6.999441
60.604 4.216234 1.811401 2.537063 7.009991
60.705 4.207878 1.817384 2.514373 7.020268
60.801 4.191845 1.829495 2.477722 7.040362
60.905 4.183456 1.836289 2.451542 7.051157
61.001 4.175330 1.843122 2.435834 7.061774
61.101 4.165668 1.851574 2.416635 7.074611
61.201 4.152749 1.863293 2.395691 7.092053
61.301 4.143714 1.871800 2.379983 7.104463
61.401 4.130835 1.884253 2.366020 7.122378
61.502 4.123293 1.891719 2.359039 7.132990
61.602 4.115665 1.899378 2.352058 7.143800
61.701 4.106266 1.908955 2.339841 7.157218
61.801 4.094454 1.921247 2.334605 7.174266
61.901 4.086405 1.929679 2.331114 7.185923
62.001 4.076668 1.939953 2.327623 7.200078
62.101 4.064880 1.952559 2.320642 7.217337
62.201 4.057163 1.960882 2.317151 7.228686
62.301 4.047645 1.971423 2.290971 7.242890
62.401 4.035743 1.985649 2.247338 7.261437
62.501 4.028853 1.994400 2.236866 7.272575
62.601 4.019852 2.005929 2.231630 7.287201
62.701 4.009429 2.019737 2.203705 7.304502
62.801 3.943036 1.982578 2.030563 7.380586
62.901 3.937635 1.993447 2.034053 7.392723
63.001 3.928367 2.011978 2.035799 7.413442
63.101 3.922923 2.022782 2.037544 7.425540
63.201 3.916106 2.036183 2.042780 7.440576
63.301 3.907946 2.051479 2.072451 7.457912
63.401 3.902049 2.061703 2.103866 7.469715
63.501 3.893421 2.075484 2.150990 7.485974
63.601 3.886281 2.085678 2.199860 7.498419
63.701 3.880168 2.093676 2.234766 7.508486
63.801 3.870061 2.105710 2.292362 7.524201
63.901 3.860674 2.116066 2.320287 7.538179
64.001 3.851065 2.126015 2.351703 7.552010
64.101 3.843180 2.133744 2.370902 7.563052
64.201 3.830300 2.145918 2.395336 7.580775
64.301 3.822006 2.153332 2.421516 7.591899
64.403 3.806668 2.166312 2.458168 7.611993
64.503 3.797477 2.173514 2.486094 7.623669
64.601 3.787837 2.180648 2.512274 7.635662
64.701 3.775767 2.189062 2.549100 7.650375
64.801 3.760605 2.198910 2.571789 7.668455
64.901 3.751260 2.204823 2.585926 7.679513
65.002 3.690840 2.210997 2.751244 7.740248
65.101 3.682511 2.214406 2.753164 7.749247
65.201 3.679590 2.215601 2.753164 7.752403
65.301 3.679227 2.215750 2.753164 7.752796
65.402 3.679263 2.215735 2.753164 7.752834
65.501 3.679263 2.215735 2.753164 7.752834
65.601 3.679263 2.215735 2.753164 7.752834
65.701 3.679263 2.215735 2.753164 7.752834
65.801 3.679263 2.215735 2.753164 7.752834
65.902 3.679263 2.215735 2.753164 7.752834
66.004 3.679263 2.215735 2.753164 7.752834
66.101 3.679263 2.215735 2.753164 7.752834
66.202 3.679263 2.215735 2.753164 7.752834
66.303 3.679263 2.215735 2.753164 7.752834
66.401 3.679263 2.215735 2.753164 7.752834
66.501 3.679263 2.215735 2.753164 7.752834
66.602 3.679263 2.215735 2.753164 7.752834
66.701 3.679263 2.215735 2.753164 7.752834
66.804 3.679263 2.215735 2.753164 7.752834
66.909 3.679263 2.215735 2.753164 7.752834
67.001 3.679263 2.215735 2.753164 7.752834
67.101 3.679263 2.215735 2.753164 7.752834
67.201 3.679263 2.215735 2.753164 7.752834
67.301 3.679263 2.215735 2.753164 7.752834
67.403 3.679263 2.215735 2.753164 7.752834
67.501 3.679263 2.215735 2.753164 7.752834
67.607 3.679263 2.215735 2.753164 7.752834
67.701 3.679263 2.215735 2.753164 7.752834
67.805 3.679263 2.215735 2.753164 7.752834
67.901 3.679263 2.215735 2.753164 7.752834
68.001 3.694314 2.190630 2.718900 7.782106
68.101 3.694314 2.190630 2.718900 7.782106
68.202 3.694314 2.190630 2.718900 7.782106
68.301 3.692204 2.191573 2.722565 7.784416
68.402 3.679752 2.197140 2.722565 7.798056
68.501 3.672071 2.200570 2.720645 7.806468
68.601 3.661486 2.205285 2.722565 7.818056
68.701 3.649804 2.210444 2.727975 7.830827
68.801 3.638768 2.215245 2.733560 7.842861
68.901 3.623366 2.221915 2.733560 7.859646
69.001 3.613053 2.226391 2.733560 7.870888
69.101 3.596400 2.233536 2.737226 7.889009
69.201 3.582939 2.239239 2.742636 7.903629
69.301 3.572544 2.243592 2.749792 7.914898
69.401 3.561920 2.247847 2.767420 7.926343
69.501 3.547080 2.253658 2.769340 7.942280
69.601 3.536172 2.257917 2.769340 7.953990
69.701 3.520564 2.263897 2.779812 7.970704
69.802 3.508736 2.268260 2.790633 7.983311
69.901 3.497905 2.272265 2.786967 7.994859
70.001 3.484029 2.277448 2.783302 8.009671
70.101 3.467469 2.283545 2.793949 8.027318
70.201 3.456859 2.287287 2.806341 8.038568
70.301 3.444282 2.291563 2.818732 8.051852
70.402 3.432994 2.295195 2.836535 8.063711
70.502 3.419505 2.299310 2.852243 8.077813
70.601 3.407539 2.302739 2.866554 8.090261
70.705 3.398029 2.305517 2.855908 8.100168
70.801 3.384791 2.309463 2.848578 8.113982
70.905 3.369405 2.313988 2.866031 8.130020
71.001 3.359353 2.316779 2.876677 8.140451
71.101 3.299576 2.274880 2.937966 8.213451
71.201 3.284862 2.278037 2.923655 8.228499
71.301 3.274001 2.280626 2.899046 8.239665
71.401 3.258517 2.284872 2.855412 8.255720
71.501 3.250440 2.287321 2.841275 8.264160
71.601 3.230497 2.293995 2.806369 8.285191
71.701 3.219390 2.298067 2.783505 8.297020
71.801 3.208341 2.302411 2.757325 8.308893
71.901 3.189611 2.310062 2.755579 8.329125
72.001 3.178573 2.314523 2.757499 8.341030
72.101 3.167667 2.318896 2.761165 8.352780
72.202 3.149011 2.326306 2.764830 8.372854
72.301 3.138432 2.330471 2.766575 8.384224
72.401 3.121988 2.336944 2.766575 8.401896
72.501 3.111264 2.341159 2.766575 8.413418
72.603 3.100300 2.345487 2.764830 8.425205
72.701 3.081419 2.352924 2.768495 8.445499
72.802 3.070407 2.357235 2.768495 8.457325
72.902 3.059887 2.361288 2.777571 8.468598
73.003 3.040546 2.368413 2.796944 8.489209
73.101 3.029054 2.372526 2.798864 8.501415
73.201 3.012490 2.378396 2.802529 8.518989
73.301 3.001248 2.382355 2.804274 8.530908
73.401 2.983872 2.388470 2.800784 8.549328
73.501 2.970489 2.393457 2.778094 8.563610
73.601 2.960024 2.397613 2.755405 8.574870
73.710 2.944065 2.404396 2.725560 8.592211
73.801 2.931110 2.410407 2.693969 8.606493
73.901 2.920734 2.415529 2.676516 8.618064
74.001 2.907506 2.422379 2.653827 8.632960
74.101 2.893532 2.429978 2.639515 8.648867
74.201 2.884638 2.434913 2.628869 8.659038
74.301 2.812152 2.378405 2.625511 8.750948
74.401 2.799091 2.385698 2.635983 8.765907
74.501 2.788949 2.391289 2.639648 8.777487
74.601 2.776176 2.398280 2.641568 8.792049
74.701 2.760811 2.406783 2.634237 8.809609
74.801 2.750687 2.412441 2.630572 8.821207
74.902 2.740710 2.418115 2.618180 8.832685
75.001 2.722395 2.428986 2.593397 8.853983
75.105 2.713140 2.434719 2.582576 8.864870
75.201 2.704155 2.440432 2.568613 8.875518
75.301 2.687794 2.451311 2.546971 8.895165
75.401 2.678209 2.457963 2.527947 8.906832
75.501 2.669529 2.464100 2.524456 8.917463
75.601 2.658655 2.471840 2.520965 8.930810
75.704 2.645758 2.481099 2.517475 8.946687
75.801 2.636916 2.487484 2.515729 8.957593
75.901 2.626435 2.495075 2.515729 8.970534
76.001 2.625549 2.495713 2.517475 8.971625
76.101 2.625549 2.495713 2.517475 8.971626
76.201 2.625531 2.495726 2.517475 8.971648
76.304 2.625531 2.495726 2.517475 8.971648
76.401 2.625531 2.495726 2.517475 8.971648
76.501 2.625531 2.495726 2.517475 8.971648
76.601 2.625531 2.495726 2.517475 8.971648
76.702 2.625531 2.495726 2.517475 8.971648
76.801 2.625531 2.495726 2.517475 8.971648
76.902 2.625531 2.495726 2.517475 8.971648
77.001 2.625531 2.495726 2.517475 8.971648
77.104 2.625531 2.495726 2.517475 8.971648
77.205 2.625531 2.495726 2.517475 8.971648
77.301 2.625531 2.495726 2.517475 8.971648
77.401 2.626289 2.459365 2.488995 9.008017
77.501 2.626289 2.459365 2.488995 9.008017
77.601 2.626289 2.459365 2.488995 9.008017
77.701 2.626289 2.459365 2.488995 9.008017
77.801 2.626289 2.459365 2.488995 9.008017
77.901 2.626289 2.459365 2.488995 9.008017
78.001 2.626289 2.459365 2.488995 9.008017
78.101 2.626289 2.459365 2.488995 9.008017
78.201 2.626289 2.459365 2.488995 9.008017
78.302 2.626289 2.459365 2.488995 9.008017
78.409 2.626289 2.459365 2.488995 9.008017
78.501 2.626289 2.459365 2.488995 9.008017
78.601 2.626289 2.459365 2.488995 9.008017
78.701 2.623888 2.461192 2.492486 9.011034
78.801 2.618127 2.465512 2.502958 9.018234
78.902 2.603411 2.476246 2.518491 9.036449
79.001 2.593637 2.483049 2.543100 9.048358
79.102 2.583879 2.489667 2.544671 9.060149
79.201 2.570238 2.498938 2.544671 9.076641
79.302 2.556464 2.508366 2.539260 9.093333
79.402 2.550246 2.512647 2.537341 9.100882
79.501 2.536980 2.521883 2.531930 9.117047
79.605 2.523470 2.531446 2.523203 9.133598
79.701 2.516856 2.536145 2.528439 9.141712
79.802 2.501395 2.546734 2.549558 9.160452
79.910 2.492504 2.552610 2.562124 9.171109
80.002 2.483827 2.558135 2.583068 9.181396
80.101 2.469918 2.566469 2.619720 9.197610
80.202 2.454785 2.574651 2.658292 9.214814
80.302 2.447208 2.578691 2.649391 9.223401
80.402 2.432058 2.586872 2.643980 9.240618
80.501 2.368928 2.572862 2.711222 9.305285
80.602 2.345779 2.576188 2.742198 9.328671
80.702 2.335306 2.580536 2.753019 9.340010
80.801 2.324635 2.584761 2.770472 9.351487
80.901 2.306985 2.591849 2.742547 9.370508
81.001 2.296885 2.596338 2.709211 9.381561
81.101 2.286847 2.600922 2.716193 9.392595
81.201 2.273658 2.606904 2.716193 9.407078
81.301 2.257532 2.614176 2.723348 9.424767
81.401 2.246356 2.619067 2.730330 9.436967
81.501 2.235373 2.623815 2.735915 9.448932
81.601 2.216966 2.631616 2.744816 9.468924
81.701 2.206188 2.636059 2.751972 9.480582
81.801 2.186979 2.643809 2.759128 9.501295
81.902 2.176231 2.648224 2.748481 9.512915
82.001 2.166690 2.652233 2.737835 9.523264
82.101 2.154759 2.657399 2.728759 9.536265
82.201 2.138842 2.664563 2.712702 9.553720
82.301 2.128171 2.669431 2.712702 9.565449
82.401 2.114367 2.675714 2.714447 9.580616
82.508 2.099514 2.682703 2.693503 9.597031
82.601 2.089123 2.687785 2.680937 9.608598
82.703 2.075996 2.694392 2.679192 9.623294
82.801 2.059984 2.702226 2.691583 9.641119
82.901 2.048994 2.707547 2.689838 9.653330
83.001 2.035829 2.713941 2.687918 9.667966
83.101 2.020726 2.721153 2.700310 9.684702
83.201 2.011113 2.725634 2.707640 9.695309
83.302 2.001595 2.730044 2.707640 9.705798
83.401 1.983912 2.738212 2.709386 9.725276
83.501 1.973622 2.742918 2.714796 9.736592
83.601 1.958205 2.749873 2.720032 9.753505
83.701 1.885980 2.721659 2.704058 9.831045
83.801 1.878833 2.724982 2.707549 9.838927
83.901 1.868539 2.729647 2.725002 9.850229
84.001 1.850431 2.737317 2.751531 9.869894
84.101 1.839928 2.741513 2.765494 9.881204
84.201 1.826478 2.746678 2.784867 9.895612
84.301 1.811112 2.752447 2.781202 9.912026
84.401 1.801466 2.756145 2.772300 9.922355
84.501 1.782406 2.763315 2.784692 9.942720
84.609 1.770983 2.767533 2.788357 9.954897
84.702 1.760559 2.771451 2.781202 9.966033
84.804 1.744469 2.777539 2.777536 9.983236
84.901 1.730925 2.782949 2.754673 9.997821
85.001 1.720319 2.787430 2.733554 10.009334
85.101 1.705614 2.793947 2.717497 10.025419
85.201 1.693606 2.799473 2.703360 10.038637
85.302 1.681757 2.804915 2.715577 10.051676
85.402 1.670650 2.809921 2.722733 10.063859
85.506 1.654198 2.817264 2.720813 10.081875
85.602 1.640766 2.823245 2.722733 10.096579
85.701 1.630685 2.827732 2.722733 10.107613
85.801 1.617303 2.833690 2.722733 10.122261
85.901 1.604794 2.839299 2.719068 10.135971
86.001 1.594137 2.844102 2.717148 10.147660
86.101 1.578166 2.851137 2.736521 10.165111
86.201 1.567342 2.855739 2.743502 10.176873
86.301 1.551041 2.862497 2.746993 10.194520
86.401 1.537629 2.868098 2.745248 10.209054
86.501 1.527111 2.872620 2.732856 10.220503
86.601 1.514203 2.878350 2.716973 10.234625
86.702 1.498311 2.885573 2.716973 10.252082
86.805 1.425524 2.856209 2.727848 10.330569
86.902 1.412511 2.861882 2.733433 10.344765
87.001 1.396854 2.868551 2.742335 10.361784
87.101 1.386235 2.873031 2.742335 10.373309
87.201 1.372867 2.878651 2.744080 10.387810
87.308 1.356727 2.885304 2.753156 10.405268
87.401 1.345456 2.889874 2.756821 10.417430
87.501 1.331820 2.895275 2.767642 10.432097
87.601 1.315336 2.901727 2.769387 10.449798
87.701 1.304738 2.905853 2.771307 10.461171
87.801 1.293751 2.910242 2.753854 10.473002
87.902 1.275388 2.917753 2.753854 10.492841
88.001 1.263908 2.922430 2.755599 10.505238
88.101 1.253131 2.926719 2.768165 10.516838
88.201 1.234046 2.933958 2.787888 10.537249
88.301 1.222866 2.938080 2.789633 10.549165
88.401 1.208731 2.943253 2.791553 10.564216
88.501 1.192075 2.949317 2.793298 10.581942
88.601 1.180894 2.953359 2.795218 10.593831
88.701 1.169584 2.957453 2.795218 10.605859
88.801 1.150504 2.964386 2.791553 10.626160
88.901 1.139401 2.968410 2.795218 10.637970
89.002 1.128006 2.972517 2.796963 10.650082
89.102 1.108591 2.979508 2.795218 10.670718
89.201 1.097211 2.983634 2.793298 10.682823
89.301 1.086089 2.987753 2.777590 10.694683
89.401 1.067146 2.995388 2.737273 10.715107
89.501 1.056253 3.000243 2.716155 10.727032
89.601 1.045416 3.005262 2.700272 10.738976
89.702 1.027082 3.014536 2.656639 10.759521
89.802 1.016842 3.020146 2.630459 10.771198
89.902 0.998761 3.025803 2.602103 10.790143
90.003 0.922097 2.969324 2.631869 10.885365
90.101 0.907367 2.977493 2.635534 10.902209
90.201 0.894673 2.984604 2.624887 10.916758
90.301 0.885319 2.989935 2.623142 10.927525
90.401 0.870366 2.998516 2.619477 10.944766
90.501 0.857570 3.005923 2.615812 10.959550
90.601 0.845099 3.013223 2.610226 10.974001
90.701 0.835584 3.018846 2.606561 10.985053
90.801 0.825456 3.024898 2.599405 10.996851
90.902 0.807492 3.035813 2.592075 11.017872
91.002 0.798255 3.041544 2.585094 11.028742
91.101 0.787573 3.048291 2.571131 11.041376
91.201 0.771464 3.059482 2.508299 11.060991
91.301 0.762079 3.066604 2.480374 11.072772
91.406 0.753201 3.073796 2.452449 11.084198
91.501 0.738044 3.086892 2.424523 11.104229
91.601 0.729572 3.094304 2.422778 11.115486
91.702 0.720243 3.102496 2.421033 11.127901
91.801 0.705083 3.115444 2.445467 11.147838
91.901 0.695978 3.122972 2.454194 11.159651
92.001 0.682104 3.133955 2.487355 11.177347
92.101 0.672835 3.141232 2.468157 11.189131
92.201 0.659307 3.152268 2.443722 11.206590
92.301 0.652484 3.158030 2.440231 11.215520
92.401 0.637473 3.170747 2.438486 11.235194
92.501 0.628837 3.178086 2.436741 11.246527
92.601 0.615993 3.188806 2.448958 11.263257
92.701 0.607638 3.195620 2.468157 11.274038
92.801 0.594307 3.205993 2.492591 11.290930
92.913 0.582495 3.214513 2.534479 11.305494
93.001 0.572607 3.221115 2.562404 11.317383
93.101 0.501846 3.179596 2.589287 11.399425
93.201 0.486517 3.188508 2.636411 11.417156
93.301 0.476635 3.193771 2.661020 11.428353
93.401 0.463255 3.200529 2.683884 11.443342
93.506 0.447652 3.207862 2.711809 11.460582
93.601 0.436212 3.212917 2.734499 11.473089
93.702 0.420324 3.219587 2.752301 11.490320
93.801 0.406936 3.224897 2.773419 11.504724
93.901 0.393817 3.229765 2.792793 11.518717
94.002 0.383290 3.233477 2.806930 11.529878
94.101 0.372857 3.237008 2.815656 11.540893
94.201 0.366929 3.239117 2.791222 11.547184
94.301 0.364560 3.240061 2.735371 11.549735
94.401 0.362714 3.241007 2.604472 11.551810
94.501 0.361588 3.241786 2.520696 11.553179
94.601 0.358597 3.244183 2.431684 11.557012
94.701 0.355137 3.247585 2.323474 11.561864
94.805 0.345194 3.260087 2.196065 11.577838
94.901 0.338442 3.270526 2.117525 11.590270
95.007 0.329867 3.294120 1.977639 11.615375
95.102 0.324848 3.317427 1.812844 11.639216
95.201 0.322654 3.328452 1.741286 11.650457
95.302 0.320554 3.349162 1.619113 11.671273
95.404 0.320394 3.360575 1.565007 11.682687
95.502 0.320878 3.371668 1.507412 11.693791
95.601 0.322518 3.387421 1.439344 11.709628
95.701 0.305006 3.415848 1.397999 11.743016
95.804 0.307778 3.428681 1.331851 11.756146
95.901 0.310673 3.439075 1.279492 11.766935
96.006 0.313892 3.448853 1.235858 11.777229
96.101 0.319782 3.463728 1.162554 11.793228
96.201 0.295495 3.473027 1.116190 11.819235
96.301 0.292974 3.483047 1.079604 11.829567
96.401 0.302597 3.499454 1.013282 11.848587
96.501 0.307885 3.507477 0.973139 11.858196
96.601 0.313456 3.515298 0.939978 11.867798
96.701 0.325547 3.530719 0.880637 11.887394
96.801 0.332507 3.538810 0.847301 11.898067
96.901 0.339447 3.546488 0.826182 11.908418
97.001 0.352461 3.559784 0.775568 11.927022
97.101 0.360280 3.567200 0.749388 11.937799
97.201 0.368330 3.574484 0.728444 11.948655
97.301 0.359554 3.601660 0.738117 11.977213
97.401 0.367081 3.608410 0.725899 11.987323
97.507 0.374957 3.615286 0.711937 11.997778
97.604 0.385233 3.623827 0.677030 12.011140
97.701 0.395384 3.631636 0.638633 12.023947
97.801 0.401859 3.636277 0.614198 12.031914
97.901 0.416346 3.645911 0.568645 12.049312
98.005 0.424053 3.650652 0.542640 12.058360
98.101 0.438173 3.658776 0.516460 12.074651
98.201 0.451999 3.666323 0.488535 12.090402
98.301 0.466301 3.673742 0.469336 12.106514
98.401 0.474720 3.677892 0.451883 12.115900
98.501 0.490174 3.685120 0.427448 12.132961
98.601 0.506819 3.692337 0.390796 12.151103
98.701 0.514879 3.695534 0.371597 12.159774
98.801 0.530852 3.701451 0.348908 12.176808
98.901 0.547705 3.707377 0.333026 12.194673
99.001 0.555807 3.710143 0.326044 12.203233
99.101 0.583131 3.775011 0.268231 12.273621
99.201 0.594257 3.777922 0.243622 12.285122
99.302 0.603228 3.780042 0.227914 12.294340
99.411 0.605276 3.780513 0.226169 12.296441
99.501 0.606910 3.780888 0.224423 12.298118
99.602 0.610034 3.781601 0.224423 12.301322
99.703 0.612007 3.782057 0.234895 12.303347
99.801 0.612607 3.782217 0.283764 12.303968
99.901 0.612869 3.782296 0.343106 12.304242
100.002 0.612605 3.782199 0.432117 12.304524
100.101 0.612713 3.782253 0.507167 12.304645
100.201 0.612564 3.782154 0.597749 12.304824
100.302 0.612652 3.782211 0.711370 12.304929
100.401 0.612145 3.781710 0.795146 12.305642
100.501 0.610564 3.779825 0.910338 12.308102
100.602 0.609032 3.777506 1.041237 12.310881
100.712 0.608126 3.775750 1.130249 12.312857
100.804 0.607298 3.773670 1.234969 12.315095
100.905 0.566845 3.767311 1.414798 12.356046
101.001 0.561253 3.764457 1.496722 12.362324
101.101 0.561302 3.761074 1.648566 12.365707
101.201 0.561573 3.759089 1.747875 12.367710
101.302 0.562064 3.757003 1.833570 12.369854
101.401 0.563169 3.753987 1.992395 12.373066
101.504 0.564066 3.752241 2.077917 12.375028
101.602 0.565112 3.750585 2.168674 12.376987
101.702 0.596880 3.728783 2.319109 12.415517
101.802 0.600834 3.725628 2.459667 12.420576
101.902 0.600575 3.725797 2.527735 12.420885
102.005 0.596220 3.728359 2.663871 12.425937
102.102 0.611624 3.730108 2.812648 12.441441
102.207 0.606769 3.731280 2.971473 12.446436
102.301 0.602551 3.731723 3.063976 12.450677
102.403 0.609569 3.739473 -3.088171 12.461132
102.501 0.592159 3.737140 -2.941563 12.478697
102.601 0.581361 3.734509 -2.882222 12.489812
102.701 0.569391 3.730852 -2.826371 12.502328
102.801 0.553899 3.737298 -2.765877 12.519107
102.904 0.536268 3.737746 -2.688950 12.536744
103.003 0.525655 3.732207 -2.641826 12.548716
103.101 0.513236 3.724743 -2.575504 12.563205
103.201 0.499555 3.715127 -2.495219 12.579928
103.303 0.494781 3.711378 -2.470784 12.585998
103.401 0.454032 3.700503 -2.419447 12.628173
103.501 0.424773 3.690342 -2.379626 12.659145
103.602 0.418064 3.683600 -2.337913 12.668656
103.701 0.409865 3.674346 -2.257453 12.681021
103.802 0.405190 3.668281 -2.208758 12.688678
103.901 0.399920 3.660603 -2.145926 12.697990
104.014 0.396023 3.654305 -2.119572 12.705397
104.101 0.389920 3.643671 -2.074193 12.717658
104.201 0.384804 3.633763 -2.033876 12.728809
104.308 0.375812 3.613860 -1.962492 12.750649
104.401 0.367290 3.584600 -1.974595 12.781125
104.502 0.362828 3.573223 -1.948715 12.793346
104.601 0.358134 3.560624 -1.910317 12.806791
104.701 0.353193 3.545390 -1.868429 12.822805
104.801 0.350405 3.535647 -1.838759 12.832940
104.902 0.347183 3.522982 -1.807343 12.846008
105.003 0.344025 3.508708 -1.779418 12.860627
105.102 0.342336 3.500068 -1.756728 12.869431
105.201 0.339989 3.486733 -1.735784 12.882971
105.303 0.337446 3.469337 -1.702623 12.900552
105.401 0.335965 3.457779 -1.695642 12.912204
105.501 0.334679 3.447156 -1.686915 12.922905
105.601 0.332724 3.429223 -1.674698 12.940944
105.701 0.331748 3.419586 -1.669462 12.950630
105.801 0.330443 3.405337 -1.658990 12.964939
105.901 0.329394 3.392711 -1.646773 12.977609
106.016 0.329069 3.387740 -1.632810 12.982590
106.101 0.355325 3.348546 -1.610694 13.029767
106.202 0.354940 3.334788 -1.589750 13.043530
106.301 0.354672 3.317498 -1.586260 13.060822
106.410 0.354468 3.302595 -1.584514 13.075726
106.501 0.354305 3.291400 -1.584514 13.086922
106.602 0.354075 3.277156 -1.588005 13.101168
106.701 0.353768 3.260178 -1.589750 13.118149
106.801 0.353527 3.248551 -1.591496 13.129778
106.901 0.353124 3.230988 -1.594986 13.147346
107.005 0.352739 3.215764 -1.596732 13.162574
107.101 0.352275 3.203615 -1.624657 13.174732
107.201 0.350753 3.187041 -1.690980 13.191377
107.303 0.348667 3.173268 -1.743339 13.205307
107.402 0.346480 3.162479 -1.786973 13.216314
107.504 0.343535 3.150246 -1.818389 13.228897
107.602 0.339410 3.135151 -1.849805 13.244546
107.701 0.336215 3.124388 -1.869003 13.255773
107.801 0.332796 3.113566 -1.882966 13.267123
107.901 0.326279 3.094218 -1.905655 13.287538
108.002 0.322476 3.083645 -1.921363 13.298775
108.104 0.318375 3.072742 -1.938816 13.310423
108.201 0.310884 3.054873 -1.987860 13.329799
108.301 0.306120 3.044638 -2.017531 13.341088
108.401 0.298324 3.029005 -2.050866 13.358558
108.503 0.291434 3.016277 -2.080712 13.373031
108.601 0.285715 3.006358 -2.103575 13.384480
108.701 0.363538 2.962166 -2.212774 13.473975
108.801 0.354365 2.950199 -2.237383 13.489053
108.904 0.347127 2.941344 -2.265134 13.500490
109.009 0.335651 2.928170 -2.298644 13.517961
109.101 0.326189 2.917719 -2.314352 13.532060
109.202 0.318570 2.909570 -2.330409 13.543216
109.302 0.306388 2.897119 -2.363745 13.560635
109.401 0.298137 2.889229 -2.386609 13.572051
109.502 0.285052 2.877575 -2.430067 13.589573
109.602 0.274308 2.868503 -2.451186 13.603635
109.715 0.266045 2.861798 -2.465323 13.614277
109.801 0.252991 2.851568 -2.488361 13.630861
109.901 0.241912 2.843289 -2.504418 13.644692
110.002 0.230002 2.834623 -2.516810 13.659421
110.102 0.220232 2.827680 -2.527631 13.671407
110.202 0.210656 2.821007 -2.534787 13.683078
110.301 0.193933 2.809754 -2.553986 13.703235
110.401 0.185452 2.804136 -2.560967 13.713408
110.501 0.172670 2.795772 -2.564458 13.728683
110.601 0.163768 2.789976 -2.564458 13.739306
110.703 0.167368 2.745227 -2.634846 13.784199
110.801 0.154008 2.737863 -2.643573 13.799455
110.902 0.150476 2.735946 -2.645318 13.803474
111.001 0.146017 2.733540 -2.648809 13.808540
111.101 0.143233 2.732046 -2.650554 13.811700
111.202 0.139810 2.730222 -2.654045 13.815579
111.301 0.136991 2.728729 -2.655790 13.818768
111.401 0.134097 2.727206 -2.657536 13.822039
111.501 0.131763 2.725984 -2.659281 13.824673
111.608 0.127337 2.723677 -2.661026 13.829665
111.701 0.124521 2.722209 -2.661026 13.832841
111.802 0.121738 2.720758 -2.661026 13.835979
111.902 0.116515 2.718045 -2.662772 13.841864
112.001 0.112590 2.716010 -2.664517 13.846286
112.101 0.105147 2.712172 -2.666262 13.854659
112.202 0.090551 2.704686 -2.669753 13.871064
112.301 0.082711 2.700694 -2.671498 13.879861
112.402 0.073235 2.695727 -2.648809 13.890560
112.509 0.054954 2.685614 -2.624374 13.911452
112.601 0.045140 2.679844 -2.598194 13.922836
112.705 0.031134 2.670938 -2.561543 13.939435
112.804 0.019290 2.662856 -2.528381 13.953773
112.901 0.010470 2.656439 -2.503947 13.964680
113.002 0.001176 2.649280 -2.474276 13.976412
113.103 -0.010472 2.639670 -2.439195 13.991512
113.203 -0.016252 2.634638 -2.416506 13.999176
113.310 -0.026462 2.625264 -2.390151 14.013037
113.401 -0.032804 2.619298 -2.382821 14.021743
113.510 -0.038868 2.613454 -2.367113 14.030165
113.602 -0.049436 2.602931 -2.349311 14.045079
113.702 -0.056198 2.595959 -2.333603 14.054791
113.842 -0.062225 2.589614 -2.326272 14.063542
113.901 -0.078502 2.557207 -2.404522 14.099807
114.001 -0.084003 2.552177 -2.397366 14.107262
114.101 -0.096449 2.541167 -2.428957 14.123879
114.213 -0.106357 2.532843 -2.453391 14.136819
114.301 -0.120294 2.522034 -2.502435 14.154456
114.401 -0.132182 2.513676 -2.551304 14.168989
114.501 -0.139422 2.509128 -2.600173 14.177539
114.602 -0.150425 2.503133 -2.673477 14.190069
114.701 -0.160391 2.498554 -2.727582 14.201037
114.801 -0.170718 2.494226 -2.757253 14.212234
114.902 -0.184271 2.489025 -2.788669 14.226750
115.004 -0.199939 2.483713 -2.827066 14.243294
115.101 -0.208966 2.480944 -2.851501 14.252736
115.201 -0.220006 2.477819 -2.879426 14.264210
115.301 -0.236411 2.473537 -2.893389 14.281165
115.401 -0.247697 2.470692 -2.895134 14.292804
115.501 -0.258944 2.467845 -2.881171 14.304405
115.605 -0.263377 2.466611 -2.863718 14.309007
115.701 -0.282620 2.443306 -2.852147 14.339230
115.805 -0.296207 2.439286 -2.857383 14.353400
115.903 -0.302522 2.437449 -2.859128 14.359976
116.011 -0.321178 2.430899 -2.770116 14.379749
116.101 -0.332271 2.426171 -2.719502 14.391807
116.201 -0.341995 2.421595 -2.705539 14.402554
116.301 -0.352069 2.416904 -2.707285 14.413667
116.401 -0.362841 2.411913 -2.703794 14.425539
116.501 -0.373097 2.406566 -2.639217 14.437106
116.612 -0.377143 2.404241 -2.613037 14.441772
116.701 -0.389726 2.396035 -2.522280 14.456794
116.805 -0.399213 2.388612 -2.448976 14.468840
116.902 -0.403850 2.384516 -2.400107 14.475026
117.001 -0.408914 2.379619 -2.356473 14.482071
117.101 -0.415330 2.372782 -2.298877 14.491447
117.204 -0.421888 2.364964 -2.260480 14.501652
117.301 -0.423384 2.363150 -2.260480 14.504003
117.406 -0.423567 2.362928 -2.260480 14.504291
117.501 -0.423567 2.362928 -2.260480 14.504291
117.611 -0.423567 2.362928 -2.260480 14.504291
117.701 -0.408017 2.344130 -2.214821 14.528687
117.801 -0.408017 2.344130 -2.214821 14.528687
117.901 -0.408017 2.344130 -2.214821 14.528687
118.001 -0.408017 2.344130 -2.214821 14.528687
118.101 -0.408017 2.344130 -2.214821 14.528687
118.202 -0.408017 2.344130 -2.214821 14.528687
118.301 -0.408017 2.344130 -2.214821 14.528687
118.401 -0.408017 2.344130 -2.214821 14.528687
118.502 -0.408017 2.344130 -2.214821 14.528687
118.601 -0.408017 2.344130 -2.214821 14.528687
118.701 -0.408017 2.344130 -2.214821 14.528687
118.801 -0.408017 2.344130 -2.214821 14.528687
118.908 -0.408017 2.344130 -2.214821 14.528687
119.001 -0.408017 2.344130 -2.214821 14.528687
119.101 -0.408017 2.344130 -2.214821 14.528687
119.201 -0.408017 2.344130 -2.214821 14.528687
119.301 -0.408017 2.344130 -2.214821 14.528687
119.401 -0.408017 2.344130 -2.214821 14.528687
119.501 -0.408017 2.344130 -2.214821 14.528687
119.612 -0.408017 2.344130 -2.214821 14.528687
119.701 -0.408017 2.344130 -2.214821 14.528687
119.801 -0.408017 2.344130 -2.214821 14.528687
119.901 -0.408017 2.344130 -2.214821 14.528687
120.002 -0.408017 2.344130 -2.214821 14.528687
120.102 -0.408017 2.344130 -2.214821 14.528687
120.202 -0.408017 2.344130 -2.214821 14.528687
120.301 -0.408017 2.344130 -2.214821 14.528687
120.401 -0.408017 2.344130 -2.214821 14.528687
120.502 -0.408017 2.344130 -2.214821 14.528687
120.618 -0.408017 2.344130 -2.214821 14.528687
120.702 -0.408017 2.344130 -2.214821 14.528687
120.801 -0.405703 2.359429 -2.254820 14.544160
120.903 -0.405429 2.361139 -2.260245 14.545892
121.001 -0.405429 2.361139 -2.260245 14.545892
121.101 -0.405429 2.361139 -2.260245 14.545892
121.203 -0.405429 2.361139 -2.260245 14.545892
121.301 -0.405429 2.361139 -2.260245 14.545892
121.401 -0.405429 2.361139 -2.260245 14.545892
121.501 -0.405429 2.361139 -2.260245 14.545892
121.601 -0.405429 2.361139 -2.260245 14.545892
121.702 -0.405429 2.361139 -2.260245 14.545892
121.801 -0.405429 2.361139 -2.260245 14.545892
121.902 -0.405429 2.361139 -2.260245 14.545892
122.001 -0.405429 2.361139 -2.260245 14.545892
122.101 -0.405429 2.361139 -2.260245 14.545892
122.201 -0.405429 2.361139 -2.260245 14.545892
122.301 -0.405429 2.361139 -2.260245 14.545892
122.401 -0.405429 2.361139 -2.260245 14.545892
122.501 -0.405429 2.361139 -2.260245 14.545892
122.601 -0.405429 2.361139 -2.260245 14.545892
122.701 -0.405429 2.361139 -2.260245 14.545892
122.804 -0.405429 2.361139 -2.260245 14.545892
122.911 -0.405429 2.361139 -2.260245 14.545892
123.001 -0.405429 2.361139 -2.260245 14.545892
123.101 -0.405052 2.361636 -2.179786 14.546515
123.201 -0.405120 2.361519 -2.120619 14.546650
123.301 -0.405057 2.361666 -1.986229 14.546810
123.401 -0.405145 2.361460 -1.850093 14.547034
123.501 -0.405175 2.361326 -1.783771 14.547172
123.601 -0.405132 2.361761 -1.644144 14.547610
123.701 -0.405146 2.361564 -1.528952 14.547808
123.801 -0.406802 2.354661 -1.406710 14.554907
123.901 -0.408484 2.347029 -1.243493 14.562722
124.004 -0.408434 2.346916 -1.128302 14.562844
124.101 -0.408354 2.346783 -1.037544 14.563000
124.201 -0.422358 2.371295 -0.843084 14.591230
124.301 -0.423024 2.372202 -0.748899 14.592355
124.401 -0.423012 2.372186 -0.637372 14.592375
124.501 -0.423031 2.372184 -0.496001 14.592395
124.601 -0.423233 2.372266 -0.405244 14.592613
124.701 -0.425957 2.371539 -0.310516 14.595432
124.801 -0.444324 2.365851 -0.122267 14.614660
124.901 -0.443844 2.365813 -0.033255 14.615142
125.001 -0.444018 2.365802 0.060993 14.615317
125.101 -0.443802 2.365505 0.221727 14.615685
125.206 -0.418567 2.320252 0.337894 14.667498
125.301 -0.418662 2.320222 0.454831 14.667598
125.402 -0.418720 2.320183 0.589222 14.667668
125.501 -0.418660 2.320233 0.683469 14.667746
125.601 -0.418672 2.320235 0.819605 14.667758
125.704 -0.406529 2.259763 0.951471 14.729436
125.801 -0.406504 2.259794 1.040483 14.729476
125.904 -0.406615 2.259580 1.176618 14.729717
126.001 -0.406654 2.259443 1.295301 14.729859
126.101 -0.406638 2.259501 1.384313 14.729920
126.202 -0.406623 2.259536 1.522194 14.729957
126.302 -0.406622 2.259309 1.639131 14.730184
126.402 -0.541692 2.302562 1.604858 14.872011
126.501 -0.541683 2.302381 1.742739 14.872192
126.601 -0.541693 2.302420 1.835242 14.872232
126.701 -0.510762 2.293433 1.963718 14.904442
126.801 -0.509426 2.293066 2.080318 14.905828
126.901 -0.509416 2.293049 2.174566 14.905847
127.001 -0.509422 2.293051 2.310702 14.905854
127.101 -0.509027 2.292924 2.423965 14.906269
127.201 -0.441222 2.265868 2.487405 14.979272
127.302 -0.441428 2.266008 2.623366 14.979521
127.406 -0.441502 2.266039 2.736812 14.979601
127.503 -0.441555 2.266065 2.829489 14.979660
127.605 -0.441284 2.266727 2.966202 14.980375
127.701 -0.412638 2.300709 3.094510 15.024821
127.801 -0.412593 2.300716 -3.052365 15.024866
127.901 -0.412802 2.300691 -2.940664 15.025076
128.001 -0.412525 2.300767 -2.846416 15.025363
128.101 -0.387892 2.315194 -2.716704 15.053910
128.204 -0.387952 2.315157 -2.601513 15.053979
128.301 -0.387935 2.315155 -2.463632 15.053996
128.401 -0.387856 2.315229 -2.348440 15.054104
128.501 -0.387835 2.315244 -2.234994 15.054130
128.604 -0.386708 2.334936 -2.136459 15.073854
128.701 -0.385955 2.346294 -2.053493 15.085237
128.802 -0.386002 2.346205 -1.999213 15.085337
128.902 -0.386066 2.346051 -1.945282 15.085504
129.001 -0.386068 2.346007 -1.849289 15.085548
129.101 -0.385897 2.346686 -1.798675 15.086248
129.210 -0.413047 2.356788 -1.789832 15.115216
129.301 -0.412658 2.359235 -1.693839 15.117694
129.401 -0.412503 2.361203 -1.611809 15.119668
129.501 -0.412500 2.362985 -1.528033 15.121451
129.602 -0.412575 2.363540 -1.377935 15.122010
129.701 -0.412563 2.363498 -1.311612 15.122054
129.801 -0.412410 2.362986 -1.177222 15.122588
129.907 -0.412173 2.362502 -1.098682 15.123127
130.001 -0.422427 2.370322 -0.969973 15.136023
130.103 -0.422075 2.369887 -0.828602 15.136582
130.202 -0.419329 2.367227 -0.758789 15.140406
130.304 -0.410080 2.359374 -0.666286 15.152538
130.401 -0.403388 2.354515 -0.605200 15.160809
130.507 -0.396441 2.348684 -0.520928 15.169879
130.602 -0.389468 2.344954 -0.477294 15.177786
130.701 -0.373301 2.337645 -0.390028 15.195529
130.801 -0.364507 2.334303 -0.346395 15.204937
130.901 -0.355191 2.331228 -0.302761 15.214747
131.001 -0.334596 2.325701 -0.232948 15.236071
131.101 -0.317519 2.310503 -0.215769 15.258931
131.210 -0.302965 2.300761 -0.198765 15.276444
131.302 -0.284623 2.297743 -0.139423 15.295034
131.401 -0.273794 2.296469 -0.104517 15.305937
131.501 -0.263753 2.295657 -0.066120 15.316010
131.601 -0.245808 2.295089 -0.005033 15.333964
131.701 -0.234215 2.295203 0.019402 15.345558
131.807 -0.222127 2.295684 0.050818 15.357656
131.901 -0.203878 2.297090 0.096196 15.375959
132.003 -0.193009 2.298334 0.122376 15.386899
132.101 -0.179785 2.300183 0.153792 15.400251
132.202 -0.151119 2.296853 0.130769 15.429110
132.301 -0.139321 2.298666 0.165675 15.441047
132.401 -0.127768 2.300828 0.195346 15.452800
132.502 -0.109111 2.305087 0.242470 15.471937
132.601 -0.097506 2.308174 0.270395 15.483946
132.701 -0.086505 2.311451 0.300065 15.495424
132.805 -0.067427 2.317714 0.327991 15.515504
132.902 -0.057367 2.321288 0.347189 15.526180
133.001 -0.046825 2.325227 0.366388 15.537434
133.101 -0.028087 2.332857 0.401295 15.557666
133.201 -0.017523 2.337501 0.422239 15.569205
133.302 -0.006911 2.342269 0.422239 15.580839
133.401 0.010902 2.350304 0.423984 15.600381
133.501 0.020943 2.354857 0.425729 15.611406
133.601 0.031001 2.359476 0.430965 15.622473
133.701 0.027924 2.389429 0.413457 15.652584
133.801 0.038969 2.394305 0.418868 15.664657
133.901 0.050078 2.399250 0.418868 15.676817
134.002 0.068974 2.407824 0.429514 15.697567
134.101 0.079323 2.412586 0.433005 15.708959
134.202 0.089665 2.417377 0.434750 15.720357
134.301 0.106357 2.425129 0.434750 15.738762
134.401 0.115931 2.429575 0.434750 15.749318
134.501 0.125460 2.434000 0.434750 15.759823
134.601 0.143487 2.442372 0.434750 15.779700
134.708 0.152868 2.446728 0.434750 15.790042
134.802 0.161852 2.450900 0.434750 15.799948
134.901 0.173345 2.456237 0.434750 15.812620
135.002 0.188349 2.463194 0.433005 15.829158
135.101 0.197408 2.467382 0.433005 15.839139
135.201 0.208278 2.472407 0.433005 15.851114
135.302 0.222770 2.479095 0.431260 15.867075
135.401 0.232273 2.483468 0.431260 15.877535
135.501 0.249638 2.491430 0.429340 15.896639
135.602 0.258844 2.495650 0.431260 15.906766
135.701 0.269218 2.500417 0.431260 15.918183
135.804 0.287320 2.508742 0.426024 15.938107
135.901 0.297407 2.513313 0.424104 15.949181
136.001 0.310080 2.518991 0.420439 15.963068
136.101 0.319880 2.523363 0.418693 15.973800
136.201 0.333598 2.529426 0.415028 15.988798
136.301 0.345989 2.534886 0.415028 16.002338
136.403 0.360826 2.541378 0.411538 16.018533
136.501 0.370130 2.545425 0.408047 16.028680
136.602 0.379751 2.549584 0.408047 16.039161
136.701 0.395581 2.556323 0.395830 16.056365
136.801 0.396155 2.620492 0.359509 16.120537
136.914 0.403692 2.639843 0.336235 16.141304
137.001 0.422158 2.645861 0.301328 16.160726
137.101 0.433594 2.649253 0.280384 16.172655
137.201 0.444874 2.652357 0.264676 16.184354
137.301 0.463627 2.657380 0.259441 16.203768
137.401 0.474478 2.660283 0.269912 16.215000
137.501 0.485695 2.663476 0.282130 16.226663
137.601 0.502625 2.668595 0.303074 16.244350
137.701 0.519555 2.673884 0.303074 16.262087
137.802 0.533323 2.678157 0.290856 16.276502
137.902 0.543540 2.681123 0.280384 16.287141
138.002 0.559135 2.685348 0.255950 16.303299
138.101 0.567614 2.687536 0.250714 16.312055
138.201 0.583344 2.691446 0.236577 16.328265
138.302 0.600165 2.695298 0.218949 16.345521
138.402 0.613387 2.698179 0.213538 16.359053
138.501 0.623665 2.700431 0.217029 16.369575
138.601 0.633691 2.702704 0.226105 16.379855
138.701 0.650691 2.706699 0.236577 16.397318
138.802 0.667902 2.710972 0.250539 16.415052
138.911 0.675420 2.712916 0.254205 16.422817
139.002 0.690253 2.716948 0.268167 16.438188
139.102 0.703685 2.720731 0.278639 16.452143
139.203 0.719943 2.725537 0.296092 16.469096
139.301 0.728992 2.728364 0.308484 16.478576
139.401 0.738799 2.731563 0.324192 16.488892
139.504 0.756670 2.738157 0.373061 16.507941
139.605 0.766644 2.742279 0.404303 16.518733
139.701 0.777202 2.746904 0.420185 16.530260
139.801 0.790822 2.753204 0.444794 16.545266
139.902 0.804461 2.759857 0.462248 16.560441
140.002 0.827470 2.823517 0.506234 16.628132
140.102 0.837986 2.829242 0.495762 16.640105
140.202 0.847439 2.834344 0.494017 16.650847
140.301 0.860588 2.841310 0.481799 16.665728
140.401 0.876791 2.849526 0.450384 16.683894
140.501 0.887451 2.854531 0.429265 16.695671
140.601 0.905532 2.862285 0.387377 16.715345
140.704 0.916273 2.866585 0.375160 16.726915
140.801 0.927394 2.870755 0.348980 16.738791
140.903 0.945652 2.877050 0.319135 16.758104
141.001 0.955854 2.880297 0.303427 16.768811
141.104 0.967531 2.883692 0.268520 16.780970
141.201 0.987190 2.888407 0.221222 16.801187
141.301 0.998491 2.890887 0.212495 16.812757
141.401 1.009768 2.893253 0.205514 16.824280
141.501 1.026935 2.896843 0.207259 16.841818
141.602 1.045115 2.900677 0.209004 16.860398
141.702 1.053839 2.902533 0.210750 16.869317
141.802 1.071584 2.906351 0.212495 16.887469
141.901 1.088858 2.910099 0.212495 16.905144
142.001 1.097262 2.911922 0.212495 16.913744
142.101 1.114411 2.915378 0.191551 16.931237
142.201 1.128715 2.917977 0.177589 16.945776
142.304 1.140588 2.920060 0.170607 16.957830
142.401 1.152147 2.922046 0.168687 16.969558
142.502 1.172006 2.925134 0.145998 16.989656
142.601 1.183334 2.926634 0.126799 17.001083
142.701 1.197514 2.928466 0.128545 17.015381
142.805 1.214239 2.930628 0.128545 17.032245
142.901 1.225324 2.932081 0.130290 17.043425
143.001 1.238548 2.933828 0.132035 17.056763
143.101 1.256082 2.936157 0.132035 17.074452
143.205 1.268403 2.937793 0.132035 17.086881
143.301 1.309054 2.977020 0.032155 17.143373
143.401 1.330108 2.977616 0.021683 17.164435
143.501 1.341952 2.977863 0.028664 17.176281
143.602 1.353373 2.978254 0.037391 17.187709
143.701 1.376988 2.979858 0.093241 17.211378
143.802 1.385756 2.980826 0.117676 17.220200
143.904 1.403218 2.983441 0.170036 17.237857
144.001 1.419369 2.986564 0.194470 17.254307
144.101 1.422518 2.987184 0.194470 17.257516
144.204 1.424816 2.987636 0.194470 17.259858
144.302 1.424728 2.987619 0.194470 17.259948
144.401 1.425757 2.987822 0.194470 17.260997
144.502 1.432393 2.989112 0.190980 17.267757
144.601 1.447453 2.992056 0.196216 17.283103
144.701 1.459790 2.994553 0.203197 17.295690
144.802 1.471800 2.997054 0.208433 17.307957
144.901 1.483146 2.999482 0.212098 17.319560
145.004 1.502943 3.003842 0.219079 17.339832
145.101 1.508560 3.005091 0.217334 17.345586
145.201 1.508933 3.005173 0.217334 17.345967
145.301 1.508483 3.005074 0.217334 17.346428
145.401 1.508424 3.005061 0.217334 17.346488
145.501 1.508424 3.005061 0.217334 17.346488
145.601 1.508424 3.005061 0.217334 17.346488
145.701 1.508424 3.005061 0.217334 17.346488
145.801 1.508424 3.005061 0.217334 17.346488
145.909 1.508424 3.005061 0.217334 17.346488
146.001 1.508424 3.005061 0.217334 17.346488
146.102 1.508424 3.005061 0.217334 17.346488
146.201 1.489818 3.029530 0.235439 17.377228
146.301 1.477183 3.044976 0.247294 17.397183
146.402 1.477183 3.044976 0.247294 17.397183
146.501 1.477183 3.044976 0.247294 17.397183
146.602 1.477183 3.044976 0.247294 17.397183
146.701 1.477183 3.044976 0.247294 17.397183
146.801 1.477183 3.044976 0.247294 17.397183
146.901 1.477183 3.044976 0.247294 17.397183
147.002 1.477183 3.044976 0.247294 17.397183
147.101 1.477183 3.044976 0.247294 17.397183
147.202 1.477183 3.044976 0.247294 17.397183
147.301 1.477183 3.044976 0.247294 17.397183
147.401 1.477183 3.044976 0.247294 17.397183
147.501 1.477183 3.044976 0.247294 17.397183
147.602 1.477183 3.044976 0.247294 17.397183
147.701 1.477183 3.044976 0.247294 17.397183
147.801 1.477183 3.044976 0.247294 17.397183
147.904 1.477183 3.044976 0.247294 17.397183
148.001 1.477183 3.044976 0.247294 17.397183
148.101 1.477183 3.044976 0.247294 17.397183
148.201 1.477183 3.044976 0.247294 17.397183
148.301 1.477183 3.044976 0.247294 17.397183
148.403 1.477506 3.045058 0.249039 17.397516
148.501 1.485973 3.047274 0.257766 17.406268
148.602 1.498048 3.050631 0.278710 17.418801
148.701 1.510982 3.054560 0.306635 17.432319
148.801 1.521755 3.058166 0.334560 17.443680
148.902 1.537456 3.063787 0.352188 17.460356
149.002 1.550029 3.068527 0.369641 17.473793
149.102 1.560202 3.072659 0.390585 17.484773
149.201 1.575634 3.079334 0.423921 17.501587
149.301 1.587732 3.100954 0.487877 17.526362
149.401 1.597802 3.106297 0.487877 17.537761
149.503 1.611961 3.113822 0.489622 17.553796
149.601 1.624379 3.120417 0.487877 17.567856
149.701 1.634613 3.125842 0.486131 17.579439
149.801 1.649190 3.133545 0.486131 17.595926
149.901 1.661762 3.140183 0.486131 17.610143
150.001 1.672234 3.145693 0.484386 17.621976
150.102 1.687505 3.153700 0.482641 17.639219
150.201 1.700778 3.160579 0.470423 17.654169
150.301 1.711431 3.165896 0.458206 17.666075
150.402 1.727022 3.173366 0.439007 17.683363
150.501 1.738540 3.178649 0.419809 17.696035
150.601 1.747425 3.182557 0.407592 17.705741
150.701 1.759585 3.187663 0.390138 17.718930
150.801 1.775199 3.193958 0.377746 17.735765
150.904 1.785521 3.197947 0.363609 17.746831
151.001 1.797559 3.202445 0.353137 17.759682
151.101 1.812987 3.208035 0.347901 17.776092
151.202 1.824252 3.212071 0.344411 17.788057
151.301 1.840607 3.217833 0.337255 17.805398
151.401 1.854213 3.222561 0.333764 17.819802
151.501 1.865794 3.226577 0.333764 17.832059
151.604 1.879946 3.231484 0.333764 17.847038
151.701 1.896874 3.237359 0.335509 17.864956
151.801 1.907888 3.241194 0.335509 17.876619
151.905 1.919945 3.245398 0.335509 17.889387
152.001 1.938866 3.251981 0.326783 17.909422
152.103 1.948868 3.255196 0.305839 17.919927
152.201 1.961202 3.258855 0.274423 17.932793
152.302 1.978541 3.263327 0.236026 17.950699
152.402 1.983845 3.310840 0.199609 17.998506
152.501 1.997637 3.331146 0.168081 18.023054
152.601 2.010111 3.333157 0.152373 18.035689
152.701 2.021590 3.334781 0.133000 18.047282
152.801 2.039853 3.336982 0.105074 18.065677
152.902 2.053452 3.338269 0.082385 18.079337
153.002 2.064156 3.339031 0.061441 18.090068
153.101 2.080396 3.339919 0.050969 18.106333
153.203 2.095089 3.340631 0.043813 18.121042
153.301 2.104586 3.340973 0.031247 18.130546
153.401 2.117321 3.341254 0.015190 18.143284
153.503 2.123448 3.341326 0.009779 18.149411
153.602 2.137790 3.341352 -0.004532 18.163753
153.701 2.145407 3.341284 -0.011514 18.171371
153.802 2.157560 3.341058 -0.023731 18.183525
153.903 2.169052 3.340723 -0.032458 18.195023
154.001 2.186936 3.339947 -0.053402 18.212923
154.101 2.199687 3.339202 -0.063874 18.225696
154.203 2.209890 3.338469 -0.074346 18.235925
154.302 2.227110 3.337166 -0.076091 18.253195
154.401 2.241691 3.336034 -0.077836 18.267820
154.501 2.253036 3.335149 -0.077836 18.279199
154.602 2.264942 3.334221 -0.077836 18.291141
154.701 2.283607 3.332893 -0.065619 18.309853
154.801 2.293868 3.332286 -0.056892 18.320132
154.901 2.304604 3.331792 -0.041184 18.330880
155.001 2.324204 3.331174 -0.023731 18.350490
155.101 2.334860 3.330950 -0.018495 18.361148
155.201 2.346175 3.330756 -0.015004 18.372465
155.301 2.363306 3.330624 -0.001042 18.389596
155.404 2.372928 3.330632 0.002623 18.399218
155.502 2.384313 3.330711 0.009779 18.410603
155.602 2.376553 3.361931 -0.040596 18.442773
155.706 2.387601 3.361537 -0.031695 18.453828
155.802 2.398915 3.361261 -0.020874 18.465146
155.901 2.418449 3.361182 0.008971 18.484680
156.007 2.431016 3.361416 0.022934 18.497249
156.102 2.445079 3.362023 0.054350 18.511326
156.201 2.462010 3.363272 0.084020 18.528302
156.301 2.473766 3.364289 0.087686 18.540102
156.401 2.485736 3.365370 0.091351 18.552121
156.501 2.505992 3.367366 0.108979 18.572475
156.605 2.517316 3.368685 0.119451 18.583875
156.701 2.528989 3.370101 0.122941 18.595635
156.801 2.540527 3.371547 0.126432 18.607262
156.901 2.560588 3.374158 0.131842 18.627493
157.001 2.571156 3.375575 0.133762 18.638155
157.101 2.587841 3.377912 0.142489 18.655003
157.203 2.605172 3.380494 0.151216 18.672525
157.302 2.614292 3.381900 0.154706 18.681753
157.402 2.634892 3.385197 0.160117 18.702615
157.501 2.645672 3.386972 0.163607 18.713540
157.601 2.656888 3.388859 0.167098 18.724914
157.701 2.673824 3.391746 0.168843 18.742095
157.801 2.691509 3.394756 0.168843 18.760034
157.901 2.706190 3.397247 0.168843 18.774925
158.002 2.718109 3.399274 0.167098 18.787015
158.101 2.729834 3.401252 0.167098 18.798905
158.201 2.750135 3.404629 0.163607 18.819485
158.301 2.759122 3.406140 0.167098 18.828599
158.405 2.779497 3.409598 0.167098 18.849265
158.501 2.791278 3.411585 0.167098 18.861212
158.601 2.802846 3.413510 0.165353 18.872939
158.702 2.814759 3.513126 0.276647 18.973265
158.801 2.826143 3.516385 0.280137 18.985106
158.901 2.839639 3.520048 0.257448 18.999090
159.001 2.850358 3.522757 0.241740 19.010147
159.101 2.866722 3.526479 0.210324 19.026928
159.203 2.882393 3.529464 0.173498 19.042881
159.301 2.890867 3.530849 0.157790 19.051468
159.401 2.908426 3.533373 0.127945 19.069207
159.501 2.922694 3.535122 0.119218 19.083582
159.601 2.939810 3.537097 0.112237 19.100811
159.701 2.952202 3.538455 0.107001 19.113278
159.801 2.963543 3.539673 0.107001 19.124684
159.901 2.983776 3.541847 0.107001 19.145033
160.002 2.995640 3.543121 0.107001 19.156965
160.102 3.006658 3.544211 0.094783 19.168037
160.202 3.020770 3.545428 0.080821 19.182201
160.301 3.039064 3.546276 0.023399 19.200515
160.401 3.050494 3.546281 -0.015172 19.211945
160.502 3.065305 3.545712 -0.051824 19.226767
160.602 3.083518 3.544277 -0.097203 19.245036
160.704 3.094724 3.543174 -0.098948 19.256296
160.801 3.115354 3.540988 -0.114656 19.277042
160.901 3.126011 3.539680 -0.126873 19.287780
161.001 3.135957 3.538292 -0.144327 19.297822
161.101 3.155253 3.535432 -0.147817 19.317328
161.201 3.167494 3.533587 -0.149563 19.329708
161.301 3.178581 3.532026 -0.137345 19.340904
161.401 3.197472 3.529636 -0.119892 19.359945
161.501 3.208444 3.528396 -0.107675 19.370988
161.601 3.219419 3.527272 -0.097203 19.382020
161.703 3.239689 3.525463 -0.081495 19.402371
161.801 3.294205 3.583243 -0.137344 19.481810
161.902 3.311523 3.586514 -0.129753 19.499434
162.006 3.323514 3.585018 -0.121027 19.511518
162.101 3.339610 3.583242 -0.098337 19.527712
162.205 3.350939 3.582234 -0.084375 19.539085
162.304 3.370923 3.580831 -0.061336 19.559119
162.401 3.382673 3.580272 -0.038472 19.570882
162.501 3.393719 3.579911 -0.031666 19.581934
162.601 3.411570 3.579471 -0.021194 19.599790
162.701 3.423552 3.579217 -0.021194 19.611775
162.803 3.435323 3.578973 -0.019448 19.623548
162.901 3.453199 3.578625 -0.019448 19.641428
163.001 3.468013 3.578337 -0.019448 19.656244
163.102 3.479989 3.578104 -0.019448 19.668222
163.201 3.500728 3.577727 -0.017703 19.688966
163.305 3.512326 3.577521 -0.017703 19.700565
163.414 3.526285 3.577274 -0.017703 19.714526
163.502 3.538351 3.577082 -0.015958 19.726593
163.601 3.556920 3.576808 -0.014212 19.745164
163.701 3.567806 3.576653 -0.014212 19.756052
163.802 3.588669 3.576393 -0.012467 19.776917
163.901 3.600171 3.576264 -0.010722 19.788419
164.001 3.609813 3.576150 -0.010722 19.798062
164.102 3.611324 3.576134 -0.010722 19.799573
164.202 3.611185 3.576135 -0.010722 19.799712
164.301 3.611185 3.576135 -0.010722 19.799712
164.402 3.611185 3.576135 -0.010722 19.799712
164.501 3.611185 3.576135 -0.010722 19.799712
164.602 3.611185 3.576135 -0.010722 19.799712
164.701 3.612506 3.576121 -0.010722 19.801033
164.801 3.624157 3.575982 -0.012467 19.812685
164.907 3.634266 3.575856 -0.012467 19.822795
165.002 3.651791 3.575637 -0.012467 19.840321
165.101 3.628329 3.726910 0.070006 19.993403
165.201 3.639888 3.727731 0.071751 20.004992
165.306 3.654881 3.728760 0.063025 20.020020
165.401 3.669889 3.729592 0.054298 20.035051
165.514 3.686924 3.730142 0.017646 20.052095
165.601 3.701365 3.730242 -0.005043 20.066536
165.701 3.712697 3.730046 -0.025987 20.077869
165.802 3.727301 3.729384 -0.055658 20.092489
165.901 3.745297 3.727946 -0.095800 20.110542
166.001 3.756101 3.726711 -0.123725 20.121416
166.103 3.770907 3.724610 -0.151651 20.136370
166.201 3.784138 3.722274 -0.190048 20.149806
166.303 3.800118 3.718856 -0.224954 20.166148
166.401 3.814380 3.715348 -0.251134 20.180835
166.501 3.825811 3.712274 -0.268588 20.192673
166.603 3.841971 3.707542 -0.296513 20.209511
166.701 3.855148 3.703338 -0.314315 20.223342
166.801 3.865579 3.699882 -0.326358 20.234331
166.901 3.875250 3.696493 -0.342241 20.244578
167.002 3.893093 3.689753 -0.377147 20.263652
167.105 3.903690 3.685382 -0.398091 20.275115
167.201 3.919804 3.678290 -0.426016 20.292720
167.301 3.928701 3.674169 -0.439979 20.302526
167.401 3.942932 3.667221 -0.462668 20.318362
167.501 3.955293 3.661120 -0.452196 20.332147
167.611 3.966318 3.655860 -0.441724 20.344362
167.701 3.981783 3.648790 -0.429507 20.361367
167.812 3.994017 3.643029 -0.443470 20.374889
167.902 4.003190 3.638572 -0.455687 20.385088
168.001 4.080323 3.641051 -0.517752 20.462261
168.101 4.087449 3.636943 -0.526478 20.470485
168.203 4.101883 3.628588 -0.517752 20.487164
168.301 4.108287 3.625015 -0.503789 20.494497
168.401 4.116815 3.620483 -0.474119 20.504154
168.502 4.123881 3.616994 -0.446193 20.512035
168.601 4.129252 3.614493 -0.425075 20.517960
168.701 4.134050 3.612404 -0.402560 20.523192
168.803 4.142172 3.609160 -0.363814 20.531938
168.902 4.146826 3.607448 -0.342870 20.536897
169.001 4.154221 3.604942 -0.316341 20.544706
169.102 4.160420 3.603026 -0.293477 20.551194
169.201 4.164477 3.601857 -0.272533 20.555416
169.303 4.170957 3.600116 -0.260316 20.562125
169.401 4.172633 3.599670 -0.260316 20.563859
169.502 4.172190 3.599788 -0.262061 20.564317
169.601 4.172072 3.599820 -0.262061 20.564440
169.701 4.172072 3.599820 -0.262061 20.564440
169.807 4.172072 3.599820 -0.262061 20.564440
169.905 4.172032 3.599831 -0.260316 20.564482
170.002 4.174782 3.599133 -0.242862 20.567319
170.101 4.178100 3.598326 -0.239372 20.570734
170.201 4.187414 3.596127 -0.228900 20.580304
170.301 4.193829 3.594652 -0.225409 20.586886
170.402 4.195570 3.594259 -0.220173 20.588671
170.502 4.205726 3.592068 -0.204465 20.599061
170.601 4.210646 3.591065 -0.199229 20.604082
170.702 4.214117 3.590367 -0.195739 20.607622
170.807 4.213979 3.590395 -0.193993 20.607763
170.901 4.216966 3.589820 -0.188757 20.610805
171.001 4.224517 3.591454 -0.180026 20.618530
171.101 4.233402 3.622901 -0.131992 20.651209
171.209 4.234573 3.622749 -0.126756 20.652390
171.301 4.236177 3.622548 -0.125011 20.654006
171.402 4.243255 3.621646 -0.126756 20.661142
171.501 4.249684 3.620839 -0.123265 20.667621
171.601 4.255912 3.620061 -0.118029 20.673897
171.702 4.256206 3.620026 -0.116284 20.674194
171.801 4.256872 3.619947 -0.118029 20.674864
171.901 4.256627 3.619976 -0.116284 20.675111
172.001 4.256806 3.619955 -0.116284 20.675290
172.101 4.256806 3.619955 -0.118029 20.675290
172.203 4.261075 3.619442 -0.119775 20.679590
172.302 4.269428 3.618437 -0.119775 20.688003
172.401 4.277187 3.617510 -0.119775 20.695818
172.501 4.291021 3.615852 -0.118029 20.709750
172.602 4.298247 3.614989 -0.118029 20.717028
172.701 4.306675 3.614004 -0.116284 20.725513
172.801 4.320515 3.612388 -0.116284 20.739447
172.901 4.328471 3.611458 -0.116284 20.747457
173.001 4.336631 3.610509 -0.116284 20.755673
173.101 4.349816 3.608976 -0.114539 20.768946
173.204 4.357548 3.608073 -0.116284 20.776731
173.301 4.365548 3.607138 -0.116284 20.784785
173.401 4.379024 3.605588 -0.114539 20.798350
173.501 4.384989 3.604902 -0.114539 20.804354
173.601 4.398823 3.603310 -0.114539 20.818280
173.701 4.406496 3.602427 -0.114539 20.826004
173.801 4.418285 3.601071 -0.114539 20.837870
173.902 4.422652 3.600569 -0.114539 20.842266
174.001 4.423530 3.600468 -0.114539 20.843150
174.109 4.429867 3.606051 -0.108226 20.851596
174.202 4.461480 3.633735 -0.073852 20.893617
174.303 4.461480 3.633735 -0.073852 20.893617
174.401 4.461480 3.633735 -0.073852 20.893617
174.507 4.461480 3.633735 -0.073852 20.893617
174.607 4.461480 3.633735 -0.073852 20.893617
174.701 4.461480 3.633735 -0.073852 20.893617
174.801 4.461480 3.633735 -0.073852 20.893617
174.901 4.461480 3.633735 -0.073852 20.893617
175.001 4.461320 3.633747 -0.073852 20.893778
175.101 4.461281 3.633749 -0.073852 20.893817
175.201 4.461443 3.633737 -0.073852 20.893980
175.301 4.461423 3.633739 -0.073852 20.894001
175.402 4.461423 3.633739 -0.073852 20.894001
175.503 4.461442 3.633738 -0.073852 20.894020
175.601 4.461442 3.633738 -0.073852 20.894020
175.701 4.461442 3.633738 -0.073852 20.894020
175.801 4.461483 3.633735 -0.073852 20.894061
175.901 4.461483 3.633735 -0.073852 20.894061
176.001 4.461483 3.633735 -0.073852 20.894061
176.102 4.461483 3.633735 -0.073852 20.894061
176.201 4.461483 3.633735 -0.073852 20.894061
176.301 4.461483 3.633735 -0.073852 20.894061
176.401 4.461483 3.633735 -0.073852 20.894061
176.501 4.461483 3.633735 -0.073852 20.894061
176.601 4.461483 3.633735 -0.073852 20.894061
176.701 4.461483 3.633735 -0.073852 20.894061
176.801 4.461483 3.633735 -0.073852 20.894061
176.901 4.461483 3.633735 -0.073852 20.894061
177.001 4.461483 3.633735 -0.073852 20.894061
177.109 4.461483 3.633735 -0.073852 20.894061
177.201 4.461483 3.633735 -0.073852 20.894061
177.301 4.461099 3.642734 -0.071591 20.903068
177.401 4.461099 3.642734 -0.071591 20.903068
177.501 4.461099 3.642734 -0.071591 20.903068
177.601 4.461099 3.642734 -0.071591 20.903068
177.701 4.461099 3.642734 -0.071591 20.903068
177.801 4.461099 3.642734 -0.071591 20.903068
177.901 4.461099 3.642734 -0.071591 20.903068
178.001 4.461099 3.642734 -0.071591 20.903068
178.101 4.461099 3.642734 -0.071591 20.903068
178.202 4.461099 3.642734 -0.071591 20.903068
178.301 4.461099 3.642734 -0.071591 20.903068
178.401 4.461099 3.642734 -0.071591 20.903068
178.501 4.461099 3.642734 -0.071591 20.903068
178.601 4.461099 3.642734 -0.071591 20.903068
178.701 4.461099 3.642734 -0.071591 20.903068
178.801 4.461099 3.642734 -0.071591 20.903068
178.903 4.461099 3.642734 -0.071591 20.903068
179.001 4.461099 3.642734 -0.071591 20.903068
179.101 4.461099 3.642734 -0.071591 20.903068
179.201 4.461099 3.642734 -0.071591 20.903068
179.301 4.461099 3.642734 -0.071591 20.903068
179.401 4.461099 3.642734 -0.071591 20.903068
179.501 4.461099 3.642734 -0.071591 20.903068
179.601 4.461099 3.642734 -0.071591 20.903068
179.701 4.461099 3.642734 -0.071591 20.903068
179.801 4.461099 3.642734 -0.071591 20.903068
179.901 4.461099 3.642734 -0.071591 20.903068
180.001 4.461099 3.642734 -0.071591 20.903068
180.101 4.461099 3.642734 -0.071591 20.903068
180.201 4.461099 3.644095 -0.071591 20.904429
180.301 4.461099 3.644297 -0.071591 20.904631
180.401 4.461099 3.644297 -0.071591 20.904631
180.501 4.461099 3.644297 -0.071591 20.904631
180.601 4.461099 3.644297 -0.071591 20.904631
180.701 4.461099 3.644297 -0.071591 20.904631
180.801 4.461099 3.644297 -0.071591 20.904631
180.902 4.461099 3.644297 -0.071591 20.904631
181.001 4.461099 3.644297 -0.071591 20.904631
181.101 4.461079 3.644298 -0.071591 20.904651
181.202 4.461079 3.644298 -0.071591 20.904651
181.301 4.461138 3.644294 -0.071591 20.904711
181.401 4.461138 3.644294 -0.071591 20.904711
181.501 4.461138 3.644294 -0.071591 20.904711
181.601 4.461118 3.644295 -0.071591 20.904731
181.701 4.461118 3.644295 -0.071591 20.904731
181.801 4.461118 3.644295 -0.071591 20.904731
181.901 4.461118 3.644295 -0.071591 20.904731
182.001 4.461118 3.644295 -0.071591 20.904731
182.101 4.461118 3.644295 -0.071591 20.904731
182.202 4.461118 3.644295 -0.071591 20.904731
182.301 4.461118 3.644295 -0.071591 20.904731
182.402 4.461118 3.644295 -0.071591 20.904731
182.501 4.461118 3.644295 -0.071591 20.904731
182.601 4.461118 3.644295 -0.071591 20.904731
182.701 4.461118 3.644295 -0.071591 20.904731
182.801 4.461118 3.644295 -0.071591 20.904731
182.901 4.461118 3.644295 -0.071591 20.904731
183.001 4.461118 3.644295 -0.071591 20.904731
183.104 4.461118 3.644295 -0.071591 20.904731
183.201 4.461118 3.644295 -0.071591 20.904731
183.301 4.461118 3.644295 -0.071591 20.904731
183.401 4.461111 3.647420 -0.071593 20.907856
183.501 4.461111 3.647420 -0.071593 20.907856
183.601 4.461111 3.647420 -0.071593 20.907856
183.702 4.461111 3.647420 -0.071593 20.907856
183.801 4.461111 3.647420 -0.071593 20.907856
183.902 4.461111 3.647420 -0.071593 20.907856
184.001 4.461111 3.647420 -0.071593 20.907856
184.101 4.461111 3.647420 -0.071593 20.907856
184.201 4.461111 3.647420 -0.071593 20.907856
184.301 4.461111 3.647420 -0.071593 20.907856
184.401 4.461111 3.647420 -0.071593 20.907856
184.501 4.461111 3.647420 -0.071593 20.907856
184.601 4.461111 3.647420 -0.071593 20.907856
184.701 4.461111 3.647420 -0.071593 20.907856
184.801 4.461111 3.647420 -0.071593 20.907856
184.901 4.461111 3.647420 -0.071593 20.907856
185.001 4.461111 3.647420 -0.071593 20.907856
185.101 4.461111 3.647420 -0.071593 20.907856
185.201 4.461111 3.647420 -0.071593 20.907856
185.302 4.461111 3.647420 -0.071593 20.907856
185.401 4.461111 3.647420 -0.071593 20.907856
185.501 4.461111 3.647420 -0.071593 20.907856
185.601 4.461111 3.647420 -0.071593 20.907856
185.701 4.461111 3.647420 -0.071593 20.907856
185.801 4.461111 3.647420 -0.071593 20.907856
185.901 4.461111 3.647420 -0.071593 20.907856
186.001 4.461111 3.647420 -0.071593 20.907856
186.103 4.461111 3.647420 -0.071593 20.907856
186.201 4.461111 3.647420 -0.071593 20.907856
186.301 4.461111 3.647420 -0.071593 20.907856
186.401 4.461111 3.647420 -0.071593 20.907856
186.502 4.461111 3.644307 -0.071593 20.910970
186.601 4.461111 3.644295 -0.071593 20.910981
186.701 4.461111 3.644295 -0.071593 20.910981
186.801 4.461111 3.644295 -0.071593 20.910981
186.901 4.461111 3.644295 -0.071593 20.910981
187.001 4.461111 3.644295 -0.071593 20.910981
187.101 4.461111 3.644295 -0.071593 20.910981
187.201 4.461111 3.644295 -0.071593 20.910981
187.301 4.461111 3.644295 -0.071593 20.910981
