# t_sec x y yaw_rad cum_dist_m
0.102 0.003184 0.004687 0.000000 0.000000
0.201 0.003184 0.004687 0.000000 0.000000
0.301 0.003164 0.004687 0.000000 0.000020
0.401 0.003164 0.004687 0.000000 0.000020
0.501 0.003164 0.004687 0.000000 0.000020
0.602 0.003164 0.004687 0.000000 0.000020
0.701 0.003164 0.004687 0.000000 0.000020
0.801 0.003164 0.004687 0.000000 0.000020
0.901 0.003164 0.004687 0.000000 0.000020
1.001 0.003164 0.004687 0.000000 0.000020
1.101 0.003164 0.004687 0.000000 0.000020
1.202 0.003164 0.004687 0.000000 0.000020
1.301 0.002970 0.004495 -0.000004 0.000293
1.401 0.001598 0.003130 -0.000030 0.002228
1.502 0.001598 0.003130 -0.000030 0.002228
1.601 0.001598 0.003130 -0.000030 0.002228
1.701 0.001598 0.003130 -0.000030 0.002228
1.801 0.001598 0.003130 -0.000030 0.002228
1.904 0.001618 0.003130 -0.000030 0.002248
2.001 0.001295 0.003129 0.026150 0.002571
2.101 0.001396 0.003133 0.047094 0.002672
2.201 0.001596 0.003146 0.076764 0.002873
2.301 0.001637 0.003149 0.106435 0.002913
2.403 0.001615 0.003149 0.148323 0.002935
2.501 0.001577 0.003141 0.174503 0.002974
2.603 0.001908 0.003209 0.207664 0.003312
2.702 0.001820 0.003180 0.254788 0.003405
2.801 0.001895 0.003203 0.282713 0.003484
2.901 0.002163 0.003286 0.317620 0.003765
3.001 0.001953 0.003209 0.359508 0.003990
3.101 0.002292 0.003344 0.387433 0.004354
3.201 0.002361 0.003369 0.417104 0.004428
3.301 0.002268 0.003331 0.460737 0.004529
3.403 0.002232 0.003313 0.488662 0.004569
3.501 0.002507 0.003473 0.539277 0.004887
3.602 0.002474 0.003451 0.570693 0.004927
3.701 0.002421 0.003416 0.595127 0.004990
3.801 0.009080 0.005620 0.650315 0.012005
3.902 0.039806 0.015586 0.701422 0.044307
4.001 0.039821 0.015601 0.729348 0.044328
4.101 0.039778 0.015559 0.776472 0.044389
4.201 0.039919 0.015702 0.809633 0.044590
4.301 0.039975 0.015763 0.835813 0.044672
4.402 0.039882 0.015653 0.870719 0.044816
4.501 0.040204 0.016063 0.907371 0.045337
4.601 0.040324 0.016224 0.947514 0.045538
4.701 0.040144 0.015965 0.980675 0.045853
4.801 0.040231 0.016100 1.006855 0.046013
4.902 0.040291 0.016201 1.045078 0.046131
5.001 0.040449 0.016481 1.087140 0.046453
5.101 0.040287 0.016160 1.116811 0.046813
5.215 0.040432 0.016487 1.158699 0.047171
5.301 0.040448 0.016530 1.190115 0.047217
5.402 0.040405 0.016411 1.223276 0.047343
5.501 0.006964 0.006886 1.259301 0.082114
5.602 0.006922 0.006737 1.294208 0.082269
5.701 0.006961 0.006890 1.322133 0.082427
5.801 0.006910 0.006657 1.367512 0.082667
5.902 0.006961 0.006950 1.405909 0.082964
6.002 0.007029 0.007388 1.430344 0.083408
6.102 0.006968 0.006857 1.466996 0.083942
6.202 0.006991 0.007255 1.510629 0.084341
6.302 0.006993 0.007253 1.540299 0.084344
6.401 0.006991 0.007164 1.566479 0.084433
6.501 0.006991 0.007377 1.610113 0.084646
6.601 0.007008 0.007036 1.639783 0.084988
6.702 0.006972 0.007439 1.669454 0.085392
6.801 0.007009 0.007225 1.716578 0.085609
6.902 0.006989 0.007343 1.739267 0.085729
7.001 -0.010421 0.014741 1.772757 0.104646
7.102 -0.010400 0.014644 1.795621 0.104746
7.203 -0.010353 0.014457 1.822679 0.104939
7.325 -0.010460 0.014832 1.875906 0.105330
7.402 -0.010542 0.015077 1.905577 0.105588
7.501 -0.010461 0.014865 1.942229 0.105815
7.601 -0.010442 0.014806 1.984116 0.105876
7.702 -0.010648 0.015254 2.008551 0.106370
7.805 -0.010422 0.014805 2.048694 0.106873
7.904 -0.010565 0.015068 2.087091 0.107173
8.006 -0.010586 0.015105 2.113271 0.107215
8.101 -0.010826 0.015493 2.125488 0.107671
8.201 -0.010911 0.015630 2.139451 0.107833
8.301 -0.010845 0.015529 2.162140 0.107954
8.401 -0.010719 0.015349 2.197047 0.108174
8.505 -0.042131 0.030656 2.219712 0.143118
8.602 -0.042118 0.030640 2.251128 0.143138
8.731 -0.041816 0.030279 2.293016 0.143610
8.802 -0.041796 0.030257 2.326177 0.143639
8.901 -0.041853 0.030316 2.355848 0.143720
9.001 -0.041911 0.030373 2.382028 0.143802
9.105 -0.041714 0.030196 2.432642 0.144067
9.201 -0.041548 0.030055 2.458822 0.144284
9.301 -0.041864 0.030305 2.481512 0.144686
9.402 -0.041640 0.030141 2.530381 0.144964
9.506 -0.041923 0.030329 2.561797 0.145303
9.605 -0.041493 0.030059 2.586057 0.145811
9.714 -0.041462 0.030037 2.635101 0.145849
9.802 -0.041389 0.030001 2.666517 0.145931
9.901 -0.041463 0.030035 2.692697 0.146012
10.001 -0.035046 0.004759 2.718507 0.172091
10.101 -0.035013 0.004744 2.750098 0.172127
10.201 -0.034901 0.004700 2.776278 0.172248
10.301 -0.034688 0.004624 2.825321 0.172473
10.401 -0.034949 0.004706 2.851676 0.172746
10.501 -0.034891 0.004690 2.879426 0.172807
10.602 -0.034274 0.004531 2.928470 0.173443
10.701 -0.034647 0.004608 2.949589 0.173824
10.802 -0.034094 0.004523 2.994793 0.174383
10.904 -0.034509 0.004571 3.029699 0.174800
11.002 -0.034748 0.004596 3.055879 0.175041
11.109 -0.034187 0.004556 3.101432 0.175604
11.202 -0.034426 0.004561 3.129358 0.175843
11.301 -0.033858 0.004572 -3.111940 0.176410
11.402 0.000192 -0.000769 -3.059768 0.210877
11.510 0.071939 -0.011852 -2.997592 0.283475
11.602 0.072356 -0.011785 -2.962685 0.283897
11.702 0.072022 -0.011853 -2.920798 0.284238
11.802 0.072236 -0.011802 -2.891127 0.284458
11.902 0.072312 -0.011780 -2.861456 0.284537
12.003 0.072424 -0.011740 -2.819568 0.284656
12.102 0.072575 -0.011687 -2.788153 0.284816
12.201 0.072500 -0.011715 -2.754991 0.284896
12.301 0.072484 -0.011726 -2.709613 0.284916
12.401 0.072412 -0.011761 -2.688669 0.284995
12.501 0.072875 -0.011523 -2.652017 0.285515
12.601 0.072488 -0.011742 -2.611874 0.285960
12.701 0.072707 -0.011603 -2.580458 0.286218
12.801 0.073218 -0.011272 -2.552533 0.286827
12.901 0.068931 -0.012115 -2.502729 0.291196
13.002 0.061875 -0.012952 -2.476523 0.298301
13.104 0.061767 -0.013040 -2.452089 0.298440
13.201 0.061779 -0.013020 -2.399729 0.298463
13.301 0.061722 -0.013073 -2.371804 0.298542
13.402 0.061552 -0.013245 -2.342133 0.298783
13.502 0.061991 -0.012776 -2.295009 0.299426
13.601 0.061720 -0.013094 -2.268655 0.299844
13.702 0.062027 -0.012703 -2.235668 0.300341
13.801 0.062125 -0.012578 -2.193605 0.300500
13.902 0.062006 -0.012745 -2.164109 0.300705
14.001 0.062017 -0.012729 -2.134439 0.300724
14.101 0.061951 -0.012846 -2.090631 0.300858
14.201 0.062279 -0.012251 -2.060960 0.301538
14.302 0.062233 -0.012342 -2.033035 0.301640
14.402 0.062330 -0.012107 -1.984166 0.301894
14.510 0.063338 0.020224 -1.924195 0.334240
14.601 0.063321 0.020499 -1.892299 0.334516
14.701 0.063305 0.020442 -1.852331 0.334576
14.801 0.063373 0.020694 -1.824406 0.334837
14.901 0.063528 0.021340 -1.796481 0.335501
15.001 0.063451 0.020938 -1.747612 0.335910
15.102 0.063465 0.021053 -1.716196 0.336027
15.201 0.063475 0.021114 -1.690016 0.336088
15.301 0.063476 0.021155 -1.644637 0.336129
15.401 0.063494 0.021441 -1.614967 0.336415
15.501 0.063488 0.021280 -1.594023 0.336576
15.601 0.063476 0.021862 -1.541663 0.337158
15.701 0.063494 0.021482 -1.513737 0.337538
15.801 0.063525 0.021041 -1.485812 0.337980
15.901 0.063406 0.022214 -1.436943 0.339158
16.001 0.063489 0.021677 -1.410763 0.339701
16.102 0.044890 0.044686 -1.285674 0.369287
16.202 0.044881 0.044725 -1.250767 0.369327
16.301 0.044841 0.044830 -1.221096 0.369439
16.401 0.044680 0.045256 -1.187935 0.369895
16.502 0.044937 0.044656 -1.147793 0.370548
16.601 0.044714 0.045130 -1.116377 0.371072
16.701 0.044757 0.045051 -1.084961 0.371162
16.807 0.044645 0.045234 -1.041327 0.371376
16.902 0.044540 0.045403 -1.011657 0.371576
17.002 0.044575 0.045357 -0.975005 0.371634
17.101 0.044648 0.045264 -0.933117 0.371752
17.201 0.044781 0.045087 -0.911999 0.371973
17.301 0.044317 0.045665 -0.885819 0.372714
17.407 0.044642 0.045302 -0.840266 0.373202
17.501 0.012668 0.041845 -0.778217 0.405363
17.602 0.012560 0.041954 -0.739645 0.405516
17.702 0.012684 0.041842 -0.699502 0.405683
17.801 0.012219 0.042224 -0.669832 0.406285
17.902 0.012617 0.041922 -0.638416 0.406784
18.002 0.012108 0.042274 -0.596528 0.407403
18.102 0.012246 0.042184 -0.566857 0.407568
18.201 0.012430 0.042064 -0.526715 0.407788
18.301 0.012269 0.042156 -0.505771 0.407974
18.401 0.012327 0.042127 -0.460392 0.408038
18.501 0.011950 0.042300 -0.423740 0.408452
18.611 0.011915 0.042315 -0.399306 0.408490
18.701 0.011935 0.042308 -0.355672 0.408511
18.801 0.011348 0.042506 -0.312039 0.409130
18.901 0.011537 0.042448 -0.292840 0.409327
19.002 0.011632 0.042419 -0.250953 0.409426
19.103 0.012501 0.030905 -0.197573 0.420973
19.201 0.012852 0.018710 -0.166214 0.433173
19.302 0.012435 0.018777 -0.126072 0.433596
19.402 0.012557 0.018761 -0.082439 0.433718
19.501 0.012701 0.018752 -0.059749 0.433863
19.601 0.012702 0.018749 -0.023097 0.433866
19.701 0.012329 0.018753 0.022281 0.434240
19.801 0.012401 0.018755 0.043225 0.434312
19.901 0.012049 0.018726 0.086858 0.434666
20.020 0.011987 0.018721 0.128921 0.434728
20.101 0.012207 0.018752 0.149690 0.434950
20.201 0.011362 0.018609 0.167143 0.435807
20.301 0.011164 0.018576 0.167143 0.436007
20.401 0.013593 -0.034544 0.169946 0.489182
20.507 0.013593 -0.034544 0.169946 0.489182
20.601 0.013593 -0.034544 0.169946 0.489182
20.701 0.013593 -0.034544 0.169946 0.489182
20.801 0.013593 -0.034544 0.169946 0.489182
20.901 0.013593 -0.034544 0.169946 0.489182
21.002 0.013593 -0.034544 0.169946 0.489182
21.101 0.013593 -0.034544 0.169946 0.489182
21.201 0.013593 -0.034544 0.169946 0.489182
21.304 0.013593 -0.034544 0.169946 0.489182
21.401 0.018886 -0.033683 0.157380 0.494544
21.505 0.026555 -0.032506 0.148304 0.502304
21.602 0.035485 -0.031196 0.146559 0.511329
21.701 0.055975 -0.028270 0.141148 0.532027
21.801 0.067658 -0.026811 0.114968 0.543801
21.901 0.081319 -0.025437 0.090359 0.557531
22.002 0.098535 -0.023893 0.086868 0.574816
22.101 0.110727 -0.022847 0.085123 0.587052
22.201 0.125134 -0.021613 0.086868 0.601512
22.301 0.142996 -0.020041 0.090359 0.619443
22.402 0.154719 -0.018969 0.092104 0.631215
22.501 0.165992 -0.017913 0.093850 0.642538
22.602 0.186802 -0.015849 0.100831 0.663449
22.701 0.199199 -0.014578 0.102576 0.675912
22.801 0.210604 -0.013254 0.125440 0.687393
22.901 0.230454 -0.010530 0.148304 0.707429
23.001 0.242450 -0.008743 0.150049 0.719558
23.102 0.260324 -0.006005 0.151969 0.737640
23.201 0.277646 -0.003278 0.157380 0.755175
23.301 0.286161 -0.001922 0.159125 0.763797
23.401 0.303596 0.000913 0.162790 0.781462
23.501 0.331303 0.017020 0.152629 0.813510
23.601 0.403631 0.082990 0.107978 0.911405
23.701 0.421477 0.084940 0.109724 0.929357
23.801 0.436070 0.086547 0.109724 0.944039
23.901 0.446849 0.087735 0.109724 0.954882
24.001 0.463131 0.089674 0.121941 0.971280
24.101 0.474074 0.091073 0.128922 0.982311
24.201 0.489916 0.093141 0.130668 0.998289
24.301 0.503411 0.094929 0.132413 1.011901
24.402 0.513581 0.096383 0.146376 1.022174
24.502 0.528535 0.098743 0.163829 1.037313
24.601 0.542544 0.101034 0.162084 1.051508
24.701 0.554693 0.103021 0.162084 1.063819
24.801 0.571696 0.105837 0.165749 1.081054
24.901 0.587058 0.108413 0.167494 1.096630
25.001 0.598982 0.110412 0.165749 1.108721
25.101 0.615963 0.113253 0.165749 1.125938
25.201 0.629556 0.115506 0.163829 1.139717
25.301 0.640444 0.117285 0.160164 1.150748
25.401 0.656681 0.119903 0.158418 1.167195
25.501 0.667308 0.121584 0.156499 1.177954
25.601 0.683569 0.124120 0.152833 1.194412
25.701 0.697065 0.126184 0.151088 1.208065
25.801 0.708767 0.127987 0.152833 1.219904
25.901 0.723778 0.130323 0.154753 1.235097
26.001 0.740316 0.132904 0.152833 1.251835
26.101 0.750642 0.134505 0.152833 1.262284
26.201 0.767738 0.137112 0.151088 1.279578
26.301 0.782844 0.139412 0.151088 1.294858
26.401 0.794537 0.141192 0.151088 1.306686
26.508 0.806217 0.142986 0.152833 1.318502
26.601 0.840941 0.246610 0.217532 1.427790
26.702 0.850740 0.248808 0.222942 1.437832
26.802 0.864010 0.251681 0.208805 1.451409
26.902 0.881348 0.255217 0.194668 1.469104
27.001 0.893002 0.257401 0.180706 1.480961
27.102 0.904605 0.259385 0.163252 1.492732
27.202 0.925887 0.262814 0.159762 1.514288
27.303 0.937624 0.264705 0.159762 1.526177
27.402 0.949794 0.266682 0.161507 1.538506
27.501 0.969632 0.269910 0.161507 1.558605
27.602 0.980837 0.271730 0.159762 1.569957
27.705 0.992508 0.273611 0.159762 1.581779
27.802 1.012931 0.276891 0.158016 1.602464
27.903 1.024822 0.278786 0.158016 1.614505
28.002 1.040051 0.281044 0.140563 1.629900
28.101 1.057357 0.283253 0.117699 1.647346
28.202 1.068815 0.284624 0.117699 1.658887
28.301 1.086403 0.286756 0.123110 1.676603
28.401 1.098445 0.288318 0.130091 1.688746
28.502 1.107822 0.289565 0.133582 1.698205
28.602 1.118282 0.290980 0.135327 1.708761
28.701 1.137727 0.293695 0.142308 1.728395
28.802 1.148136 0.295187 0.142308 1.738910
28.901 1.158074 0.296610 0.142308 1.748949
29.001 1.175508 0.299182 0.149290 1.766572
29.101 1.186299 0.300895 0.159762 1.777498
29.201 1.197476 0.302696 0.159762 1.788820
29.301 1.212418 0.305125 0.161507 1.803958
29.402 1.229338 0.307914 0.165172 1.821106
29.501 1.241164 0.309891 0.167092 1.833096
29.601 1.261288 0.313301 0.168837 1.853507
29.701 1.273112 0.315316 0.168837 1.865501
29.801 1.253521 0.399665 0.200188 1.952095
29.901 1.264514 0.401884 0.198268 1.963311
30.001 1.280092 0.404891 0.182560 1.979176
30.101 1.292945 0.407139 0.166852 1.992224
30.202 1.302988 0.408849 0.168598 2.002412
30.301 1.318647 0.411505 0.168598 2.018294
30.401 1.332688 0.413869 0.166852 2.032533
30.502 1.344614 0.415878 0.166852 2.044627
30.602 1.361911 0.418577 0.149399 2.062133
30.702 1.376323 0.420645 0.138927 2.076692
30.801 1.387496 0.422208 0.138927 2.087975
30.901 1.405587 0.424737 0.138927 2.106241
31.002 1.419839 0.426740 0.138927 2.120633
31.101 1.432206 0.428492 0.140673 2.133124
31.204 1.445992 0.430454 0.142418 2.147049
31.301 1.462630 0.432844 0.144163 2.163858
31.401 1.474634 0.434587 0.144163 2.175988
31.502 1.488852 0.436671 0.145909 2.190357
31.601 1.506214 0.439233 0.147654 2.207907
31.703 1.517811 0.440963 0.149399 2.219633
31.802 1.532365 0.443154 0.149399 2.234351
31.901 1.550028 0.445854 0.154635 2.252219
32.002 1.559941 0.447451 0.163362 2.262260
32.101 1.574503 0.449934 0.172438 2.277032
32.202 1.589225 0.452526 0.176103 2.291981
32.301 1.601049 0.454646 0.177848 2.303993
32.401 1.615661 0.457314 0.183084 2.318846
32.504 1.628181 0.459656 0.186575 2.331583
32.614 1.645414 0.462946 0.190065 2.349128
32.701 1.659157 0.465606 0.191811 2.363126
32.801 1.676445 0.469021 0.198792 2.380748
32.901 1.708009 0.560885 0.259764 2.477884
33.001 1.718942 0.563813 0.263429 2.489203
33.102 1.739263 0.569375 0.265175 2.510271
33.205 1.750667 0.572258 0.242485 2.522033
33.302 1.763438 0.575151 0.207579 2.535128
33.401 1.780495 0.578307 0.167436 2.552475
33.501 1.791741 0.579961 0.132530 2.563841
33.601 1.806174 0.581818 0.127294 2.578393
33.711 1.823808 0.583970 0.120312 2.596158
33.801 1.835393 0.585350 0.118567 2.607825
33.901 1.849756 0.587061 0.118567 2.622289
34.001 1.861710 0.588485 0.118567 2.634329
34.101 1.878723 0.590481 0.116822 2.651458
34.202 1.895737 0.592478 0.116822 2.668589
34.301 1.910254 0.594172 0.113331 2.683204
34.401 1.921701 0.595425 0.108095 2.694719
34.501 1.935560 0.596900 0.104604 2.708657
34.601 1.947259 0.598117 0.102685 2.720419
34.702 1.965707 0.599991 0.100939 2.738962
34.802 1.980667 0.601312 0.081741 2.753980
34.901 1.998272 0.602592 0.067604 2.771632
35.002 2.009551 0.603402 0.073014 2.782940
35.102 2.021490 0.604307 0.078425 2.794913
35.201 2.041999 0.605945 0.081915 2.815487
35.301 2.053431 0.606910 0.085580 2.826960
35.401 2.065187 0.607957 0.089246 2.838763
35.504 2.085404 0.609828 0.094656 2.859066
35.601 2.091407 0.610398 0.094656 2.865096
35.701 2.112211 0.612384 0.094656 2.885995
35.801 2.129066 0.614024 0.098147 2.902929
35.906 2.140486 0.615149 0.098147 2.914404
36.003 2.145953 0.615692 0.098147 2.919898
36.102 2.177410 0.696441 0.084335 3.006558
36.201 2.189129 0.697402 0.080845 3.018316
36.302 2.200431 0.698287 0.077354 3.029653
36.402 2.220709 0.699449 0.044193 3.049965
36.501 2.232262 0.699756 0.016093 3.061521
36.601 2.243789 0.699828 0.000385 3.073048
36.702 2.262906 0.699432 -0.031031 3.092170
36.802 2.274360 0.699096 -0.029286 3.103629
36.901 2.286112 0.698742 -0.029286 3.115386
37.001 2.305902 0.698176 -0.025795 3.135185
37.102 2.317569 0.697885 -0.022304 3.146855
37.202 2.328899 0.697667 -0.015323 3.158187
37.301 2.347091 0.697645 0.009286 3.176379
37.401 2.357315 0.697776 0.018013 3.186603
37.502 2.367890 0.698042 0.030405 3.197182
37.602 2.385048 0.698868 0.061995 3.214359
37.702 2.399941 0.700053 0.088001 3.229300
37.802 2.411908 0.701109 0.088001 3.241314
37.905 2.432446 0.702937 0.089746 3.261932
38.008 2.443804 0.703939 0.088001 3.273335
38.102 2.454447 0.704878 0.088001 3.284019
38.201 2.474506 0.706622 0.086255 3.304153
38.302 2.486406 0.707646 0.084510 3.316097
38.402 2.500034 0.708801 0.084510 3.329774
38.504 2.512673 0.709849 0.082765 3.342457
38.601 2.529975 0.711284 0.082765 3.359818
38.701 2.538888 0.712001 0.080845 3.368760
38.803 2.550348 0.712915 0.077354 3.380257
38.911 2.568533 0.714342 0.077354 3.398498
39.002 2.579356 0.715155 0.073689 3.409351
39.101 2.642539 0.775809 0.073323 3.496935
39.202 2.681164 0.803764 0.071312 3.544615
39.304 2.692832 0.804598 0.071312 3.556313
39.402 2.711735 0.805694 0.051764 3.575248
39.501 2.721888 0.806175 0.046354 3.585412
39.601 2.736707 0.806760 0.033962 3.600243
39.701 2.748603 0.807127 0.028726 3.612145
39.801 2.765656 0.807520 0.018254 3.629201
39.901 2.782780 0.807757 0.011272 3.646327
40.001 2.790548 0.807819 0.006036 3.654095
40.101 2.808141 0.807805 -0.004436 3.671689
40.201 2.819515 0.807700 -0.011417 3.683063
40.301 2.831051 0.807518 -0.018398 3.694601
40.401 2.842691 0.807263 -0.025380 3.706244
40.501 2.862907 0.806644 -0.035851 3.726469
40.601 2.874812 0.806190 -0.041087 3.738383
40.701 2.892255 0.805443 -0.046323 3.755842
40.801 2.907414 0.804719 -0.049814 3.771017
40.905 2.918793 0.804146 -0.051559 3.782411
41.002 2.936319 0.803216 -0.055050 3.799962
41.106 2.941818 0.802904 -0.056795 3.805469
41.201 2.961412 0.801740 -0.060286 3.825098
41.301 2.979240 0.800664 -0.060286 3.842959
41.401 2.987247 0.800270 -0.041087 3.850975
41.502 3.001742 0.799914 -0.007926 3.865474
41.601 3.011406 0.799988 0.016508 3.875139
41.701 3.028643 0.800693 0.060142 3.892390
41.801 3.038499 0.801477 0.091558 3.902278
41.902 3.049248 0.802555 0.098539 3.913080
42.001 3.060097 0.803756 0.114421 3.923996
42.101 3.067800 0.804705 0.125068 3.931757
42.201 3.084781 0.813769 0.120660 3.951006
42.301 3.100017 0.854155 0.063972 3.994170
42.401 3.109281 0.854742 0.063972 4.003453
42.501 3.120689 0.855416 0.058561 4.014880
42.601 3.144136 0.856817 0.060307 4.038369
42.701 3.153145 0.857383 0.063972 4.047396
42.801 3.170602 0.858501 0.063972 4.064889
42.902 3.184407 0.859409 0.067463 4.078723
43.001 3.195982 0.860171 0.065717 4.090323
43.101 3.207677 0.860920 0.062052 4.102042
43.202 3.227040 0.862150 0.063972 4.121444
43.301 3.237781 0.862839 0.063972 4.132207
43.401 3.254912 0.863925 0.062052 4.149373
43.501 3.266833 0.864672 0.060307 4.161317
43.601 3.284365 0.865979 0.079680 4.178898
43.705 3.293333 0.866747 0.088407 4.187899
43.801 3.311648 0.868468 0.093643 4.206294
43.901 3.328989 0.870096 0.093643 4.223712
44.001 3.343567 0.871491 0.095388 4.238357
44.106 3.355486 0.872637 0.097133 4.250330
44.201 3.372710 0.874315 0.097133 4.267636
44.310 3.381259 0.875148 0.097133 4.276225
44.402 3.399191 0.876885 0.095388 4.294241
44.501 3.410539 0.877970 0.095388 4.305641
44.601 3.430661 0.879896 0.095388 4.325855
44.701 3.441872 0.880958 0.093643 4.337116
44.801 3.453207 0.882023 0.093643 4.348501
44.901 3.473534 0.883917 0.091897 4.368916
45.001 3.485499 0.885035 0.093643 4.380933
45.102 3.497034 0.886118 0.093643 4.392519
45.201 3.517556 0.888045 0.093643 4.413131
45.301 3.526743 0.957779 0.085568 4.483467
45.404 3.538184 0.975793 0.083567 4.504808
45.502 3.558855 0.977525 0.083567 4.525551
45.603 3.570515 0.978502 0.083567 4.537252
45.701 3.581997 0.979458 0.081822 4.548773
45.801 3.603308 0.981190 0.080077 4.570155
45.901 3.614676 0.982069 0.074666 4.581557
46.003 3.626271 0.982893 0.067336 4.593181
46.101 3.647572 0.984150 0.053024 4.614519
46.201 3.659655 0.984791 0.053024 4.626619
46.301 3.671202 0.985404 0.053024 4.638182
46.401 3.691595 0.986487 0.053024 4.658604
46.503 3.703235 0.987124 0.056515 4.670262
46.602 3.714892 0.987753 0.053024 4.681935
46.701 3.734667 0.988848 0.054769 4.701741
46.802 3.746586 0.989480 0.053024 4.713677
46.901 3.757743 0.990072 0.053024 4.724849
47.001 3.777419 0.991136 0.054769 4.744554
47.102 3.788979 0.991801 0.058434 4.756133
47.203 3.806446 0.992812 0.058434 4.773629
47.301 3.820594 0.993623 0.056515 4.787801
47.401 3.831592 0.994267 0.058434 4.798818
47.501 3.847507 0.995207 0.061925 4.814760
47.601 3.862247 0.996149 0.063845 4.829530
47.701 3.874382 0.996957 0.067336 4.841692
47.801 3.891912 0.998142 0.063845 4.859262
47.902 3.903846 0.998916 0.063845 4.871221
48.001 3.915546 0.999679 0.065590 4.882946
48.101 3.936115 1.001025 0.065590 4.903559
48.201 3.944915 1.001619 0.067336 4.912379
48.301 3.964931 1.002996 0.069256 4.932443
48.401 3.976821 1.003857 0.072746 4.944363
48.501 3.987221 1.004626 0.074666 4.954792
48.604 4.029312 1.027898 0.079292 5.002888
48.701 4.101916 1.086831 0.091544 5.096400
48.801 4.116759 1.088194 0.091544 5.111306
48.901 4.133668 1.089489 0.070426 5.128264
49.008 4.145316 1.090250 0.066935 5.139937
49.104 4.155935 1.090958 0.065190 5.150579
49.202 4.176216 1.092266 0.063444 5.170903
49.301 4.187897 1.092987 0.059779 5.182606
49.401 4.199187 1.093643 0.058034 5.193914
49.504 4.219961 1.094849 0.058034 5.214724
49.604 4.231295 1.095523 0.059779 5.226077
49.702 4.243083 1.096245 0.063444 5.237888
49.802 4.263142 1.097520 0.063444 5.257987
49.901 4.274776 1.098259 0.063444 5.269644
50.007 4.285986 1.099016 0.068855 5.280880
50.101 4.306717 1.100525 0.076011 5.301666
50.202 4.317913 1.101403 0.079676 5.312896
50.301 4.328240 1.102228 0.079676 5.323256
50.401 4.347977 1.103907 0.086832 5.343064
50.501 4.358762 1.104865 0.088577 5.353892
50.601 4.376995 1.106563 0.093988 5.372203
50.703 4.391552 1.107971 0.099224 5.386829
50.801 4.402738 1.109075 0.099224 5.398069
50.901 4.414684 1.110253 0.097478 5.410073
51.001 4.435424 1.112282 0.097478 5.430912
51.101 4.447174 1.113420 0.095733 5.442717
51.201 4.452372 1.113928 0.097478 5.447940
51.307 4.476435 1.116244 0.095733 5.472114
51.401 4.487579 1.117314 0.095733 5.483309
51.511 4.499268 1.118416 0.093988 5.495050
51.604 4.519725 1.120344 0.093988 5.515597
51.701 4.531906 1.121503 0.095733 5.527834
51.801 4.543619 1.122638 0.097478 5.539601
51.901 4.570701 1.153881 0.101371 5.580948
52.001 4.594307 1.212591 0.110774 5.644227
52.101 4.605854 1.213689 0.086339 5.655826
52.202 4.624583 1.214844 0.040961 5.674591
52.302 4.635839 1.215122 0.014781 5.685851
52.402 4.644444 1.215138 0.006054 5.694455
52.501 4.648139 1.215203 0.025427 5.698151
52.601 4.648587 1.215159 0.105713 5.698601
52.702 4.646357 1.214841 0.163309 5.700854
52.801 4.644238 1.214374 0.306426 5.703023
52.901 4.644369 1.214428 0.393692 5.703165
53.001 4.645456 1.214969 0.487940 5.704379
53.101 4.649601 1.217663 0.646765 5.709322
53.201 4.653662 1.221164 0.737522 5.714685
53.301 4.659901 1.227481 0.824788 5.723563
53.401 4.668394 1.238281 0.953943 5.737302
53.501 4.677509 1.253293 1.074370 5.754865
53.601 4.683790 1.266684 1.170363 5.769656
53.703 4.615956 1.258200 1.417106 5.838018
53.821 4.615672 1.274547 1.504930 5.854367
53.901 4.616158 1.288894 1.555544 5.868723
54.005 4.616017 1.300150 1.597432 5.879980
54.102 4.683052 1.297345 1.617706 5.947073
54.202 4.681529 1.315111 1.680538 5.964904
54.301 4.679976 1.326750 1.715445 5.976646
54.401 4.677553 1.340977 1.755587 5.991079
54.501 4.674263 1.356247 1.802711 6.006698
54.601 4.671435 1.367468 1.827146 6.018271
54.702 4.668076 1.379484 1.850010 6.030747
54.801 4.662793 1.397218 1.860656 6.049251
54.901 4.662133 1.399432 1.860656 6.051562
55.002 4.670886 1.411441 1.760681 6.066422
55.101 4.670879 1.411480 1.764346 6.066463
55.201 4.669657 1.417110 1.794017 6.072223
55.302 4.667824 1.424538 1.825433 6.079874
55.401 4.663996 1.437542 1.883029 6.093430
55.502 4.661444 1.444848 1.919681 6.101169
55.603 4.658567 1.452391 1.945861 6.109242
55.701 4.654850 1.461232 1.984258 6.118833
55.807 4.650225 1.471094 2.026146 6.129725
55.902 4.646955 1.477455 2.055816 6.136878
56.002 4.638190 1.493113 2.094214 6.154822
56.103 4.631883 1.503684 2.115158 6.167131
56.202 4.626138 1.512999 2.132611 6.178075
56.302 4.615270 1.529658 2.160536 6.197966
56.405 4.608700 1.539203 2.177989 6.209553
56.501 4.602133 1.548470 2.193697 6.220911
56.601 4.593769 1.559503 2.244312 6.234756
56.701 4.582883 1.572109 2.312380 6.251412
56.807 4.574852 1.580439 2.352522 6.262983
56.901 4.518181 1.585161 2.409369 6.319851
57.001 4.507326 1.594404 2.453002 6.334108
57.101 4.492636 1.605654 2.508853 6.352611
57.201 4.483045 1.612596 2.519325 6.364451
57.303 4.473160 1.619481 2.540269 6.376497
57.402 4.455515 1.631540 2.543759 6.397869
57.501 4.445892 1.638080 2.545505 6.409504
57.602 4.433805 1.646267 2.547250 6.424103
57.701 4.419240 1.656116 2.547250 6.441685
57.802 4.411134 1.661595 2.547250 6.451469
57.902 4.408252 1.663537 2.548995 6.454944
58.001 4.408304 1.663503 2.548995 6.455006
58.101 4.408370 1.663458 2.548995 6.455087
58.202 4.408370 1.663458 2.548995 6.455087
58.301 4.408370 1.663458 2.548995 6.455087
58.401 4.408370 1.663458 2.548995 6.455087
58.502 4.408370 1.663458 2.548995 6.455087
58.602 4.408370 1.663458 2.548995 6.455087
58.701 4.408370 1.663458 2.548995 6.455087
58.801 4.408370 1.663458 2.548995 6.455087
58.901 4.408370 1.663458 2.548995 6.455087
59.002 4.408370 1.663458 2.548995 6.455087
59.101 4.408370 1.663458 2.548995 6.455087
59.203 4.408370 1.663458 2.548995 6.455087
59.301 4.408370 1.663458 2.548995 6.455087
59.401 4.408370 1.663458 2.548995 6.455087
59.508 4.408370 1.663458 2.548995 6.455087
59.601 4.408370 1.663458 2.548995 6.455087
59.701 4.408370 1.663458 2.548995 6.455087
59.803 4.408370 1.663458 2.548995 6.455087
59.901 4.408370 1.663458 2.548995 6.455087
60.001 4.408370 1.663458 2.548995 6.455087
60.101 4.407712 1.662800 2.549803 6.456018
60.202 4.402314 1.657479 2.556304 6.463597
60.302 4.402314 1.657479 2.556304 6.463597
60.401 4.402314 1.657479 2.556304 6.463597
60.502 4.402314 1.657479 2.556304 6.463597
60.601 4.402314 1.657479 2.556304 6.463597
60.703 4.402314 1.657479 2.556304 6.463597
60.801 4.402314 1.657479 2.556304 6.463597
60.901 4.402314 1.657479 2.556304 6.463597
61.003 4.402314 1.657479 2.556304 6.463597
61.104 4.402314 1.657479 2.556304 6.463597
61.202 4.402314 1.657479 2.556304 6.463597
61.302 4.402314 1.657479 2.556304 6.463597
61.401 4.402314 1.657479 2.556304 6.463597
61.501 4.402314 1.657479 2.556304 6.463597
61.601 4.402314 1.657479 2.556304 6.463597
61.701 4.402314 1.657479 2.556304 6.463597
61.801 4.402314 1.657479 2.556304 6.463597
61.902 4.402314 1.657479 2.556304 6.463597
62.001 4.402314 1.657479 2.556304 6.463597
62.101 4.402314 1.657479 2.556304 6.463597
62.202 4.402314 1.657479 2.556304 6.463597
62.302 4.402314 1.657479 2.556304 6.463597
62.401 4.402314 1.657479 2.556304 6.463597
62.502 4.402314 1.657479 2.556304 6.463597
62.601 4.402314 1.657479 2.556304 6.463597
62.701 4.402314 1.657479 2.556304 6.463597
62.801 4.402314 1.657479 2.556304 6.463597
62.901 4.402314 1.657479 2.556304 6.463597
63.001 4.400752 1.655916 2.556304 6.465806
63.101 4.400752 1.655916 2.556304 6.465806
63.201 4.400752 1.655916 2.556304 6.465806
63.301 4.400752 1.655916 2.556304 6.465806
63.401 4.400752 1.655916 2.556304 6.465806
63.501 4.400752 1.655916 2.556304 6.465806
63.603 4.400752 1.655916 2.556304 6.465806
63.701 4.400752 1.655916 2.556304 6.465806
63.801 4.400752 1.655916 2.556304 6.465806
63.901 4.400752 1.655916 2.556304 6.465806
64.001 4.400752 1.655916 2.556304 6.465806
64.101 4.400752 1.655916 2.556304 6.465806
64.201 4.400752 1.655916 2.556304 6.465806
64.305 4.400752 1.655916 2.556304 6.465806
64.402 4.400752 1.655916 2.556304 6.465806
64.503 4.400752 1.655916 2.556304 6.465806
64.601 4.400752 1.655916 2.556304 6.465806
64.702 4.400752 1.655916 2.556304 6.465806
64.801 4.400752 1.655916 2.556304 6.465806
64.901 4.400752 1.655916 2.556304 6.465806
65.001 4.400752 1.655916 2.556304 6.465806
65.101 4.400752 1.655916 2.556304 6.465806
65.202 4.400752 1.655916 2.556304 6.465806
65.301 4.400752 1.655916 2.556304 6.465806
65.405 4.400752 1.655916 2.556304 6.465806
65.508 4.400752 1.655916 2.556304 6.465806
65.602 4.400752 1.655916 2.556304 6.465806
65.701 4.400752 1.655916 2.556304 6.465806
65.803 4.400752 1.655916 2.556304 6.465806
65.901 4.400752 1.655916 2.556304 6.465806
66.006 4.400752 1.655916 2.556304 6.465806
66.101 4.407311 1.662216 2.559069 6.474901
66.202 4.408616 1.663472 2.559621 6.476712
66.302 4.408616 1.663472 2.559621 6.476712
66.401 4.408616 1.663472 2.559621 6.476712
66.501 4.408616 1.663472 2.559621 6.476712
66.601 4.408616 1.663472 2.559621 6.476712
66.701 4.408616 1.663472 2.559621 6.476712
66.801 4.408616 1.663472 2.559621 6.476712
66.904 4.408616 1.663472 2.559621 6.476712
67.001 4.408616 1.663472 2.559621 6.476712
67.101 4.408616 1.663472 2.559621 6.476712
67.201 4.408616 1.663472 2.559621 6.476712
67.301 4.408616 1.663472 2.559621 6.476712
67.401 4.408616 1.663472 2.559621 6.476712
67.504 4.408616 1.663472 2.559621 6.476712
67.609 4.408616 1.663472 2.559621 6.476712
67.702 4.408417 1.663603 2.559621 6.476950
67.804 4.404036 1.666524 2.552639 6.482215
67.902 4.397996 1.670592 2.547403 6.489498
68.001 4.384937 1.679624 2.529950 6.505375
68.101 4.375868 1.686087 2.515987 6.516512
68.201 4.366710 1.692771 2.507261 6.527850
68.301 4.351735 1.704121 2.481081 6.546640
68.401 4.342904 1.711031 2.472354 6.557853
68.501 4.333149 1.718854 2.465373 6.570358
68.601 4.326898 1.723908 2.460137 6.578396
68.712 4.319214 1.730195 2.451410 6.588325
68.801 4.303840 1.743027 2.444429 6.608350
68.903 4.294841 1.750597 2.440938 6.620109
69.001 4.283969 1.759792 2.437448 6.634349
69.101 4.271578 1.770360 2.433957 6.650634
69.201 4.263258 1.777560 2.426976 6.661637
69.301 4.253487 1.786180 2.413013 6.674667
69.404 4.200210 1.796867 2.315152 6.729005
69.503 4.193013 1.804764 2.306425 6.739690
69.601 4.181524 1.817600 2.299444 6.756916
69.701 4.171629 1.828734 2.295953 6.771812
69.801 4.163793 1.837654 2.287226 6.783684
69.901 4.154333 1.848626 2.278500 6.798171
70.001 4.142904 1.861946 2.280245 6.815723
70.101 4.135156 1.870947 2.281990 6.827599
70.201 4.125792 1.881770 2.285481 6.841911
70.301 4.114687 1.894523 2.288972 6.858821
70.401 4.106982 1.903107 2.306425 6.870356
70.501 4.094867 1.916106 2.330860 6.888126
70.601 4.084752 1.926717 2.334350 6.902785
70.702 4.076827 1.934982 2.336095 6.914235
70.801 4.064387 1.947917 2.337841 6.932182
70.902 4.053964 1.958730 2.337841 6.947200
71.001 4.045682 1.967292 2.341331 6.959113
71.102 4.035209 1.978074 2.343077 6.974144
71.201 4.025138 1.988391 2.344822 6.988561
71.301 4.012720 2.001021 2.348313 7.006274
71.401 4.002271 2.011614 2.350058 7.021153
71.501 3.993730 2.020260 2.350058 7.033306
71.601 3.983488 2.030606 2.351803 7.047864
71.701 3.973231 2.040939 2.353549 7.062424
71.801 3.960973 2.053348 2.348313 7.079866
71.901 3.950295 2.064203 2.346567 7.095093
72.001 3.942348 2.072227 2.353549 7.106386
72.102 3.929766 2.084867 2.355294 7.124221
72.202 3.921907 2.092767 2.353549 7.135364
72.301 3.909406 2.105312 2.357039 7.153074
72.401 3.876827 2.096238 2.356494 7.186893
72.501 3.829873 2.071092 2.356018 7.240157
72.604 3.822215 2.078830 2.349036 7.251044
72.705 3.807904 2.093451 2.343800 7.271503
72.801 3.799916 2.101661 2.342055 7.282958
72.901 3.789563 2.112333 2.340310 7.297827
73.001 3.777750 2.124585 2.336819 7.314846
73.101 3.769493 2.133183 2.335074 7.326767
73.201 3.761058 2.141983 2.335074 7.338956
73.302 3.747014 2.156654 2.335074 7.359266
73.401 3.739047 2.165002 2.331583 7.370805
73.503 3.730624 2.173850 2.331583 7.383021
73.602 3.716333 2.188944 2.328093 7.403807
73.701 3.708411 2.197339 2.326347 7.415350
73.802 3.700346 2.205909 2.326347 7.427119
73.901 3.686019 2.221149 2.324602 7.448035
74.001 3.677839 2.229848 2.326347 7.459976
74.101 3.669680 2.238516 2.328093 7.471880
74.201 3.659343 2.249473 2.328093 7.486944
74.301 3.647257 2.262206 2.333328 7.504499
74.402 3.639021 2.270850 2.333328 7.516439
74.501 3.624456 2.286127 2.333328 7.537546
74.601 3.616091 2.294829 2.338564 7.549617
74.701 3.607889 2.303318 2.340310 7.561421
74.801 3.597460 2.314054 2.342055 7.576388
74.901 3.584993 2.326819 2.345546 7.594231
75.001 3.576697 2.335293 2.345546 7.606090
75.101 3.566150 2.346037 2.347291 7.621146
75.214 3.553886 2.358536 2.345546 7.638657
75.306 3.545770 2.366826 2.345546 7.650258
75.403 3.533380 2.379543 2.342055 7.668013
75.503 3.492937 2.394521 2.338662 7.711140
75.601 3.447916 2.404063 2.334640 7.757161
75.702 3.435940 2.416596 2.331149 7.774496
75.801 3.424225 2.428949 2.327658 7.791521
75.901 3.418209 2.435363 2.322422 7.800315
76.001 3.407519 2.446853 2.317186 7.816009
76.102 3.399139 2.455946 2.313696 7.828374
76.201 3.390761 2.465114 2.308460 7.840793
76.301 3.380704 2.476218 2.306714 7.855775
76.402 3.375264 2.482248 2.303224 7.863896
76.502 3.363372 2.495488 2.301478 7.881693
76.602 3.353810 2.506158 2.301478 7.896020
76.701 3.349409 2.511093 2.297988 7.902633
76.805 3.339269 2.522428 2.301478 7.917842
76.901 3.330268 2.532451 2.303224 7.931313
77.001 3.322866 2.540660 2.304969 7.942366
77.101 3.311336 2.553348 2.310205 7.959510
77.201 3.299758 2.565991 2.313696 7.976654
77.301 3.294153 2.572093 2.313696 7.984939
77.401 3.282040 2.585222 2.317186 8.002802
77.502 3.269936 2.598211 2.322422 8.020557
77.602 3.264120 2.604434 2.322422 8.029075
77.701 3.253993 2.615261 2.324168 8.043899
77.801 3.243973 2.625915 2.325913 8.058525
77.901 3.232093 2.638480 2.329404 8.075817
78.001 3.221744 2.649328 2.334640 8.090810
78.101 3.210417 2.661133 2.336385 8.107170
78.201 3.204636 2.667147 2.336385 8.115512
78.310 3.190398 2.681926 2.341621 8.136034
78.419 3.181520 2.691003 2.345112 8.148731
78.504 3.173958 2.698698 2.348602 8.159519
78.601 3.163826 2.708965 2.350348 8.173944
78.702 3.095121 2.697756 2.347222 8.243557
78.801 3.087086 2.705943 2.347222 8.255029
78.902 3.072525 2.720880 2.341986 8.275889
79.003 3.064345 2.729333 2.338495 8.287651
79.103 3.056253 2.737768 2.333259 8.299340
79.201 3.048244 2.746152 2.333259 8.310935
79.301 3.033989 2.761159 2.329769 8.331633
79.401 3.025953 2.769653 2.326278 8.343326
79.501 3.015780 2.780454 2.326278 8.358163
79.601 3.003564 2.793507 2.321042 8.376041
79.701 2.995377 2.802314 2.319297 8.388066
79.801 2.981497 2.817258 2.319297 8.408461
79.901 2.973401 2.825974 2.319297 8.420357
80.001 2.965612 2.834353 2.321042 8.431797
80.102 2.955874 2.844772 2.322788 8.446059
80.201 2.943796 2.857736 2.319297 8.463777
80.302 2.935802 2.866380 2.315806 8.475551
80.401 2.927101 2.876000 2.294862 8.488522
80.501 2.913997 2.891391 2.258210 8.508736
80.601 2.906737 2.900282 2.254720 8.520214
80.701 2.899276 2.909442 2.252974 8.532028
80.802 2.886303 2.925413 2.252974 8.552605
80.901 2.879031 2.934366 2.252974 8.564139
81.001 2.871435 2.943701 2.252974 8.576173
81.101 2.858561 2.959516 2.252974 8.596566
81.201 2.851114 2.968553 2.263446 8.608277
81.301 2.843465 2.977748 2.266937 8.620237
81.401 2.830303 2.993371 2.275664 8.640665
81.501 2.822500 3.002503 2.279154 8.652677
81.602 2.811398 3.015477 2.279154 8.669753
81.701 2.800093 3.028697 2.277409 8.687147
81.801 2.753922 3.021177 2.255914 8.733926
81.901 2.728140 3.030078 2.245490 8.761202
82.001 2.719993 3.040389 2.236763 8.774343
82.101 2.713840 3.048281 2.229782 8.784350
82.201 2.703856 3.061245 2.226291 8.800712
82.301 2.694512 3.073449 2.222801 8.816083
82.401 2.688301 3.081725 2.212329 8.826430
82.502 2.679594 3.093539 2.200111 8.841106
82.601 2.673055 3.102691 2.189640 8.852354
82.701 2.668164 3.109641 2.180913 8.860853
82.802 2.661795 3.118804 2.179168 8.872012
82.902 2.657464 3.124987 2.182658 8.879561
83.002 2.649329 3.136585 2.180913 8.893727
83.103 2.641413 3.147942 2.175677 8.907571
83.202 2.635245 3.156947 2.170441 8.918486
83.302 2.625920 3.170793 2.152988 8.935179
83.401 2.618126 3.182633 2.151242 8.949354
83.501 2.611442 3.192844 2.149497 8.961558
83.602 2.603721 3.205568 2.086665 8.976442
83.701 2.597090 3.218793 1.997653 8.991235
83.802 2.592848 3.228649 1.971473 9.001965
83.901 2.587925 3.241131 1.931331 9.015384
84.002 2.581365 3.258653 1.929585 9.034093
84.101 2.577299 3.269481 1.931331 9.045660
84.201 2.572441 3.282177 1.941803 9.059253
84.301 2.567062 3.295808 1.950529 9.073907
84.401 2.563390 3.304880 1.961001 9.083694
84.502 2.559502 3.314151 1.971473 9.093748
84.602 2.553951 3.326618 2.015107 9.107394
84.701 2.548975 3.335796 2.104118 9.117834
84.801 2.545209 3.341559 2.175677 9.124720
84.901 2.534015 3.355318 2.306577 9.142456
85.002 2.525525 3.363829 2.385116 9.154478
85.101 2.516478 3.371587 2.461911 9.166396
85.201 2.457375 3.389773 2.571782 9.228233
85.302 2.448371 3.395084 2.631123 9.238686
85.401 2.439804 3.399490 2.686974 9.248320
85.503 2.423235 3.406510 2.777731 9.266315
85.602 2.413373 3.409944 2.823109 9.276759
85.702 2.398193 3.414221 2.892922 9.292529
85.808 2.384211 3.417385 2.936556 9.306864
85.902 2.357630 3.420441 3.054965 9.333621
86.001 2.335657 3.419196 3.108868 9.355628
86.101 2.326124 3.419331 3.135048 9.365163
86.202 2.315070 3.419292 -3.130510 9.376217
86.301 2.294320 3.418542 -3.086877 9.396981
86.402 2.282653 3.417744 -3.067503 9.408675
86.501 2.265745 3.416243 -3.046385 9.425649
86.601 2.252259 3.414855 -3.032422 9.439207
86.701 2.241097 3.413402 -3.001006 9.450462
86.801 2.229406 3.411546 -2.974826 9.462300
86.910 2.209272 3.407906 -2.950392 9.482761
87.001 2.197734 3.405516 -2.924212 9.494544
87.101 2.187972 3.386693 -2.977920 9.515748
87.201 2.173980 3.384286 -2.972684 9.529944
87.302 2.162626 3.382350 -2.972684 9.541462
87.403 2.145414 3.379194 -2.946504 9.558962
87.504 2.133892 3.376737 -2.920324 9.570743
87.601 2.121907 3.373920 -2.909852 9.583054
87.701 2.102674 3.369068 -2.881926 9.602890
87.803 2.091283 3.365940 -2.860983 9.614702
87.901 2.077030 3.361535 -2.827821 9.629620
88.001 2.060433 3.355646 -2.780697 9.647231
88.101 2.049532 3.351347 -2.752772 9.658949
88.201 2.032216 3.344214 -2.758008 9.677677
88.301 2.019578 3.339175 -2.764989 9.691282
88.401 2.009000 3.334987 -2.763244 9.702659
88.502 1.995095 3.329460 -2.763244 9.717623
88.601 1.978620 3.322845 -2.756263 9.735376
88.701 1.967680 3.318364 -2.749281 9.747198
88.801 1.956441 3.313784 -2.763244 9.759334
88.901 1.938061 3.306706 -2.782443 9.779030
89.001 1.927642 3.302708 -2.771971 9.790190
89.107 1.916895 3.298513 -2.766735 9.801727
89.202 1.899316 3.291552 -2.763244 9.820634
89.301 1.891024 3.288235 -2.759753 9.829565
89.401 1.881196 3.284364 -2.771971 9.840127
89.501 1.863050 3.277442 -2.784188 9.859549
89.601 1.853487 3.273818 -2.775461 9.869775
89.701 1.843814 3.270084 -2.770225 9.880144
89.801 1.831578 3.265319 -2.770225 9.893275
89.902 1.830321 3.264830 -2.770225 9.894624
90.001 1.830584 3.264932 -2.770225 9.894907
90.101 1.853324 3.192523 -2.712356 9.970803
90.201 1.849868 3.190944 -2.714101 9.974602
90.301 1.843405 3.188003 -2.715847 9.981703
90.402 1.826738 3.180763 -2.749008 9.999875
90.501 1.815884 3.176526 -2.780424 10.011527
90.601 1.804583 3.172380 -2.790896 10.023564
90.701 1.785430 3.165402 -2.792641 10.043948
90.801 1.773724 3.161325 -2.817076 10.056345
90.901 1.762427 3.157653 -2.832784 10.068223
91.003 1.742335 3.151463 -2.843256 10.089247
91.102 1.731144 3.148022 -2.843256 10.100954
91.201 1.716954 3.143658 -2.843256 10.115801
91.301 1.699784 3.138356 -2.841511 10.133771
91.401 1.688500 3.135028 -2.860709 10.145536
91.501 1.671277 3.130247 -2.883398 10.163409
91.602 1.657035 3.126438 -2.879908 10.178152
91.702 1.645783 3.123409 -2.878162 10.189805
91.802 1.628996 3.119042 -2.895616 10.207150
91.902 1.615565 3.115820 -2.914814 10.220962
92.001 1.604547 3.113141 -2.893870 10.232302
92.111 1.587242 3.108607 -2.874672 10.250191
92.201 1.572694 3.104520 -2.860709 10.265301
92.301 1.561495 3.101104 -2.834529 10.277010
92.401 1.547090 3.096331 -2.810095 10.292185
92.503 1.535647 3.092326 -2.804859 10.304309
92.601 1.534093 3.091782 -2.804859 10.305955
92.701 1.534210 3.091822 -2.804859 10.306078
92.802 1.534190 3.091816 -2.804859 10.306099
92.901 1.534190 3.091816 -2.804859 10.306099
93.001 1.530767 3.090636 -2.811840 10.309720
93.101 1.523281 3.088143 -2.824057 10.317610
93.203 1.494762 3.054200 -2.830174 10.361943
93.308 1.483433 3.050592 -2.835410 10.373833
93.401 1.474233 3.047837 -2.865081 10.383437
93.502 1.453711 3.042784 -2.929658 10.404571
93.601 1.443061 3.040638 -2.943620 10.415435
93.701 1.431200 3.038275 -2.945366 10.427530
93.801 1.413841 3.034952 -2.968055 10.445204
93.905 1.397103 3.032247 -2.995980 10.462159
94.001 1.388747 3.031123 -3.015353 10.470590
94.101 1.374245 3.029454 -3.036472 10.485188
94.202 1.357155 3.027758 -3.038392 10.502362
94.301 1.345498 3.026523 -3.034727 10.514085
94.401 1.331585 3.025062 -3.041708 10.528074
94.501 1.316808 3.023675 -3.052529 10.542915
94.601 1.305736 3.022680 -3.048864 10.554032
94.701 1.285061 3.020731 -3.045198 10.574799
94.804 1.274698 3.019694 -3.038217 10.585214
94.902 1.265095 3.018665 -3.031061 10.594872
95.001 1.249866 3.016893 -3.021986 10.610203
95.107 1.238123 3.015422 -3.014655 10.622038
95.201 1.219779 3.012919 -2.997027 10.640552
95.301 1.210081 3.011447 -2.990046 10.650361
95.401 1.196856 3.009337 -2.981319 10.663754
95.501 1.183581 3.007087 -2.969102 10.677218
95.603 1.167829 3.004310 -2.965611 10.693213
95.701 1.159643 3.002850 -2.963866 10.701528
95.801 1.143189 2.999824 -2.956885 10.718258
95.901 1.124873 2.996381 -2.955140 10.736895
96.007 1.116341 2.994756 -2.953394 10.745581
96.101 1.099529 2.991478 -2.948158 10.762708
96.201 1.080887 2.964621 -2.924097 10.795401
96.301 1.069873 2.930479 -2.898441 10.831275
96.402 1.053353 2.926309 -2.891460 10.848314
96.502 1.040850 2.923115 -2.891460 10.861219
96.601 1.035177 2.921630 -2.875752 10.867083
96.701 1.025031 2.918795 -2.861789 10.877617
96.802 1.010509 2.914540 -2.856553 10.892750
96.901 0.993767 2.909597 -2.853063 10.910207
97.006 0.982935 2.906249 -2.837355 10.921544
97.102 0.972356 2.902778 -2.814666 10.932677
97.201 0.953577 2.896080 -2.795467 10.952615
97.302 0.942369 2.892004 -2.791976 10.964542
97.402 0.928678 2.887007 -2.791976 10.979116
97.501 0.918192 2.883210 -2.795467 10.990269
97.602 0.901671 2.877373 -2.812920 11.007790
97.701 0.887580 2.872714 -2.832119 11.022631
97.801 0.870573 2.867546 -2.860044 11.040406
97.902 0.859405 2.864426 -2.875752 11.052002
98.001 0.845755 2.860812 -2.882733 11.066122
98.102 0.829152 2.856255 -2.867025 11.083340
98.203 0.817533 2.852905 -2.856553 11.095431
98.302 0.806283 2.849514 -2.844336 11.107182
98.401 0.787575 2.843454 -2.816411 11.126847
98.502 0.777401 2.839963 -2.809430 11.137603
98.602 0.760636 2.834128 -2.804194 11.155355
98.701 0.752360 2.831225 -2.804194 11.164125
98.801 0.735707 2.825350 -2.802448 11.181784
98.901 0.719118 2.819465 -2.800703 11.199385
99.001 0.710534 2.816403 -2.798958 11.208499
99.101 0.694780 2.810768 -2.797212 11.225231
99.202 0.678090 2.804584 -2.779759 11.243030
99.305 0.669881 2.801419 -2.767542 11.251827
99.403 0.665790 2.773658 -2.717880 11.279888
99.501 0.659632 2.692338 -2.624976 11.361441
99.602 0.650625 2.687232 -2.626721 11.371794
99.701 0.636262 2.679354 -2.645920 11.388176
99.806 0.623534 2.672720 -2.673845 11.402529
99.901 0.617208 2.669571 -2.680827 11.409595
100.001 0.599253 2.660703 -2.684317 11.429621
100.108 0.588984 2.655655 -2.686063 11.441064
100.201 0.578439 2.650495 -2.687808 11.452803
100.301 0.562454 2.642704 -2.689553 11.470586
100.401 0.552087 2.637670 -2.689553 11.482111
100.501 0.538965 2.631327 -2.691299 11.496685
100.602 0.523478 2.623900 -2.696535 11.513861
100.702 0.513237 2.619020 -2.698280 11.525206
100.801 0.497437 2.611592 -2.703516 11.542665
100.902 0.483884 2.605272 -2.708752 11.557618
101.001 0.473509 2.600500 -2.710497 11.569039
101.101 0.454565 2.591874 -2.719224 11.589854
101.201 0.444218 2.587251 -2.722714 11.601186
101.302 0.433613 2.582649 -2.740168 11.612747
101.402 0.420153 2.577008 -2.745404 11.627341
101.501 0.403166 2.570196 -2.768093 11.645644
101.601 0.392541 2.566139 -2.780310 11.657016
101.701 0.381362 2.561931 -2.782056 11.668961
101.801 0.363506 2.555306 -2.787292 11.688006
101.908 0.352761 2.551353 -2.789037 11.699456
102.001 0.337326 2.545699 -2.790782 11.715893
102.101 0.326864 2.541896 -2.794273 11.727026
102.202 0.312912 2.536851 -2.796018 11.741862
102.301 0.296652 2.531024 -2.799509 11.759135
102.401 0.286398 2.527443 -2.806490 11.769996
102.505 0.272811 2.522744 -2.809981 11.784372
102.602 0.259121 2.518057 -2.813472 11.798842
102.702 0.238937 2.509518 -2.841553 11.820758
102.802 0.205748 2.470986 -2.977763 11.871613
102.905 0.191371 2.468637 -2.981429 11.886181
103.001 0.181381 2.467037 -2.983348 11.896298
103.101 0.176032 2.466188 -2.985094 11.901714
103.202 0.172959 2.465703 -2.985094 11.904825
103.301 0.167374 2.464821 -2.985094 11.910479
103.401 0.162793 2.464100 -2.987014 11.915117
103.501 0.154540 2.462801 -2.985094 11.923471
103.601 0.139559 2.460477 -2.988759 11.938631
103.701 0.122020 2.457775 -2.988759 11.956377
103.803 0.110554 2.456032 -2.990679 11.967975
103.901 0.092650 2.453330 -2.992424 11.986082
104.002 0.078132 2.451172 -2.994344 12.000759
104.101 0.066686 2.449463 -2.992424 12.012332
104.201 0.055479 2.447779 -2.992424 12.023665
104.301 0.035275 2.444736 -2.992424 12.044097
104.401 0.023379 2.442960 -2.994344 12.056124
104.501 0.006660 2.440486 -2.994344 12.073025
104.605 -0.004892 2.438788 -2.994344 12.084702
104.716 -0.021983 2.436278 -2.996089 12.101976
104.802 -0.035717 2.434288 -2.998009 12.115854
104.901 -0.048153 2.432507 -2.999754 12.128416
105.001 -0.065379 2.430076 -3.001674 12.145814
105.101 -0.078926 2.428182 -3.003420 12.159492
105.202 -0.090078 2.426631 -3.003420 12.170751
105.301 -0.106829 2.424182 -2.994344 12.187680
105.401 -0.120688 2.422052 -2.985443 12.201702
105.501 -0.135399 2.419581 -2.967815 12.216619
105.601 -0.146891 2.417426 -2.948267 12.228312
105.701 -0.189632 2.374216 -3.009880 12.289089
105.802 -0.201068 2.372431 -2.973228 12.300663
105.901 -0.215162 2.369777 -2.947048 12.315005
106.001 -0.232113 2.366137 -2.915632 12.332343
106.101 -0.243225 2.363406 -2.889452 12.343785
106.201 -0.260087 2.358626 -2.849309 12.361311
106.301 -0.273466 2.354427 -2.830111 12.375334
106.401 -0.287572 2.349709 -2.812658 12.390208
106.501 -0.298984 2.345615 -2.791714 12.402332
106.606 -0.316089 2.339050 -2.765534 12.420654
106.702 -0.325647 2.335241 -2.760298 12.430943
106.802 -0.340383 2.329119 -2.741099 12.446901
106.903 -0.351576 2.324352 -2.735863 12.459065
107.003 -0.359696 2.320809 -2.728882 12.467925
107.101 -0.371785 2.315429 -2.720155 12.481157
107.201 -0.380593 2.311459 -2.716664 12.490818
107.302 -0.390627 2.306918 -2.716664 12.501832
107.401 -0.404255 2.300752 -2.716664 12.516790
107.505 -0.419993 2.293630 -2.716664 12.534065
107.601 -0.430673 2.288820 -2.718410 12.545777
107.701 -0.444231 2.282719 -2.720155 12.560646
107.801 -0.460282 2.275529 -2.721900 12.578233
107.901 -0.470676 2.270892 -2.721900 12.589614
108.001 -0.484167 2.264933 -2.734118 12.604363
108.101 -0.500554 2.257983 -2.748080 12.622162
108.201 -0.511711 2.253441 -2.760298 12.634209
108.301 -0.522273 2.249340 -2.772515 12.645539
108.401 -0.541605 2.242238 -2.802186 12.666135
108.501 -0.551368 2.238851 -2.807422 12.676468
108.601 -0.555322 2.237474 -2.805676 12.680656
108.701 -0.555117 2.237545 -2.805676 12.680873
108.801 -0.555034 2.237574 -2.805676 12.680961
108.902 -0.555034 2.237574 -2.805676 12.680961
109.001 -0.559606 2.213962 -2.794059 12.705011
109.106 -0.570560 2.155599 -2.765874 12.764393
109.202 -0.570001 2.155796 -2.800781 12.764986
109.302 -0.567318 2.156619 -2.888047 12.767793
109.401 -0.565871 2.156934 -2.954370 12.769273
109.501 -0.565136 2.157022 -3.043381 12.770014
109.601 -0.564773 2.157036 3.087960 12.770376
109.701 -0.568612 2.157484 2.998949 12.774242
109.802 -0.574378 2.158650 2.911682 12.780124
109.902 -0.587780 2.163177 2.761584 12.794270
110.001 -0.598774 2.168197 2.683044 12.806356
110.102 -0.614173 2.177189 2.562616 12.824188
110.201 -0.623457 2.183932 2.484076 12.835662
110.305 -0.636431 2.194869 2.409027 12.852631
110.401 -0.692344 2.186821 2.268394 12.909120
110.512 -0.701022 2.197829 2.217780 12.923138
110.601 -0.706535 2.205507 2.181128 12.932590
110.701 -0.711830 2.213444 2.146221 12.942131
110.802 -0.721816 2.230199 2.083389 12.961636
110.901 -0.727495 2.240735 2.051973 12.973606
111.002 -0.732779 2.251426 2.017067 12.985531
111.103 -0.740776 2.269209 1.982160 13.005029
111.203 -0.728573 2.267890 2.006616 13.017304
111.301 -0.731673 2.276137 1.993340 13.026114
111.401 -0.738761 2.292501 1.974142 13.043947
111.501 -0.743020 2.302612 1.965415 13.054918
111.601 -0.746946 2.312274 1.953198 13.065347
111.706 -0.754367 2.331084 1.939235 13.085568
111.801 -0.758510 2.342024 1.928763 13.097266
111.901 -0.762036 2.351704 1.916546 13.107568
112.001 -0.768183 2.369491 1.899093 13.126388
112.101 -0.772092 2.381019 1.895602 13.138561
112.201 -0.775882 2.392291 1.893857 13.150453
112.301 -0.780626 2.406490 1.892111 13.165423
112.401 -0.786310 2.423702 1.888621 13.183550
112.503 -0.789525 2.433474 1.888621 13.193837
112.601 -0.795771 2.452685 1.883385 13.214038
112.702 -0.799427 2.464050 1.881639 13.225977
112.801 -0.802953 2.475025 1.881639 13.237504
112.903 -0.808781 2.493088 1.883385 13.256484
113.002 -0.812149 2.503601 1.879894 13.267523
113.102 -0.815640 2.514567 1.878149 13.279032
113.201 -0.819976 2.528277 1.874658 13.293411
113.301 -0.825238 2.545107 1.872913 13.311044
113.401 -0.828702 2.556273 1.871167 13.322735
113.502 -0.834771 2.576086 1.865757 13.343457
113.601 -0.838172 2.587357 1.863837 13.355229
113.701 -0.841619 2.598915 1.860172 13.367291
113.801 -0.847436 2.618703 1.853016 13.387916
113.901 -0.850698 2.630143 1.843940 13.399811
114.001 -0.853619 2.640736 1.838530 13.410801
114.101 -0.926966 2.649301 1.726191 13.484646
114.221 -0.928661 2.661069 1.705072 13.496536
114.301 -0.930140 2.672903 1.689190 13.508462
114.401 -0.932012 2.690763 1.667722 13.526420
114.502 -0.933018 2.708532 1.589182 13.544217
114.601 -0.932644 2.722919 1.515879 13.558609
114.701 -0.931608 2.734465 1.461773 13.570201
114.801 -0.929431 2.748606 1.388470 13.584509
114.901 -0.926101 2.763597 1.329128 13.599866
115.001 -0.923363 2.773715 1.292476 13.610347
115.101 -0.920154 2.783939 1.250589 13.621063
115.201 -0.915609 2.796489 1.201719 13.634411
115.301 -0.909516 2.810991 1.154595 13.650141
115.401 -0.905234 2.820109 1.117769 13.660214
115.503 -0.895906 2.837884 1.062093 13.680288
115.601 -0.889811 2.848308 1.030503 13.692363
115.702 -0.911136 2.893152 0.942745 13.742020
115.802 -0.915043 2.926934 0.862272 13.776027
115.901 -0.907002 2.935936 0.830856 13.788097
116.001 -0.898916 2.944525 0.808166 13.799894
116.101 -0.887496 2.955952 0.769769 13.816049
116.202 -0.875265 2.967227 0.729627 13.832684
116.301 -0.862990 2.977795 0.698211 13.848881
116.401 -0.858738 2.981301 0.685993 13.854392
116.504 -0.845790 2.991531 0.657719 13.870894
116.601 -0.833655 3.000647 0.634855 13.886072
116.701 -0.819928 3.010425 0.612166 13.902925
116.801 -0.805438 3.020342 0.589477 13.920483
116.901 -0.798674 3.024744 0.572023 13.928554
117.001 -0.785470 3.033145 0.556315 13.944204
117.101 -0.773647 3.040238 0.528390 13.957991
117.201 -0.763280 3.096657 0.504928 14.015355
117.302 -0.753039 3.102301 0.501438 14.027049
117.401 -0.742827 3.107893 0.499692 14.038691
117.503 -0.724777 3.117454 0.478748 14.059117
117.601 -0.714652 3.122576 0.461295 14.070464
117.701 -0.705619 3.126996 0.450823 14.080521
117.802 -0.690115 3.134333 0.434941 14.097673
117.905 -0.680683 3.138613 0.422723 14.108030
118.001 -0.672232 3.142348 0.415742 14.117270
118.101 -0.654913 3.149770 0.391307 14.136112
118.202 -0.644428 3.153983 0.375599 14.147413
118.302 -0.634415 3.157770 0.352910 14.158117
118.402 -0.622937 3.161856 0.331966 14.170301
118.501 -0.606865 3.167184 0.311022 14.187234
118.601 -0.595726 3.170611 0.291824 14.198887
118.701 -0.575923 3.176334 0.270880 14.219500
118.803 -0.564559 3.179381 0.254997 14.231266
118.902 -0.550454 3.183000 0.249761 14.245828
119.001 -0.538904 3.185889 0.244525 14.257733
119.101 -0.521790 3.190127 0.242780 14.275365
119.201 -0.507391 3.193699 0.244525 14.290200
119.301 -0.490113 3.197983 0.242780 14.308001
119.401 -0.478675 3.200816 0.242780 14.319785
119.501 -0.463447 3.204764 0.258488 14.335516
119.601 -0.456153 3.206702 0.260233 14.343064
119.702 -0.440708 3.211180 0.300376 14.359144
119.801 -0.427305 3.215614 0.333537 14.373262
119.901 -0.411596 3.221381 0.364953 14.389996
120.001 -0.400451 3.225808 0.385897 14.401988
120.101 -0.389954 3.230079 0.387642 14.413321
120.201 -0.370601 3.238071 0.392878 14.434259
120.303 -0.360248 3.250333 0.388349 14.450307
120.402 -0.356161 3.315632 0.315199 14.515734
120.501 -0.339025 3.321131 0.308217 14.533731
120.601 -0.325094 3.325480 0.301236 14.548325
120.701 -0.313689 3.328839 0.278547 14.560214
120.801 -0.296840 3.333397 0.252367 14.577669
120.901 -0.285924 3.336196 0.248876 14.588938
121.001 -0.266146 3.341030 0.236484 14.609299
121.101 -0.255687 3.343531 0.232819 14.620053
121.201 -0.242258 3.346690 0.229154 14.633848
121.301 -0.231509 3.349127 0.220427 14.644870
121.401 -0.215267 3.352687 0.213446 14.661498
121.501 -0.204090 3.355197 0.222173 14.672953
121.601 -0.183739 3.359984 0.234739 14.693859
121.701 -0.172454 3.362777 0.245386 14.705484
121.801 -0.161006 3.365780 0.264584 14.717320
121.901 -0.149918 3.368837 0.275056 14.728821
122.002 -0.130241 3.374728 0.301411 14.749361
122.102 -0.118773 3.378293 0.301411 14.761371
122.201 -0.107343 3.381846 0.301411 14.773340
122.301 -0.087774 3.387677 0.276801 14.793759
122.401 -0.075878 3.390820 0.247131 14.806063
122.502 -0.065303 3.393410 0.240150 14.816951
122.601 -0.047553 3.397615 0.229329 14.835192
122.701 -0.036527 3.400167 0.227409 14.846510
122.801 -0.025127 3.402805 0.227409 14.858211
122.904 -0.008035 3.406760 0.227409 14.875754
123.001 0.006651 3.410137 0.225663 14.890824
123.101 0.023529 3.414011 0.225663 14.908141
123.202 0.037553 3.417220 0.223743 14.922527
123.301 0.049128 3.419854 0.223743 14.934398
123.402 0.062800 3.422965 0.223743 14.948420
123.501 0.111101 3.487252 0.156534 15.028830
123.602 0.122825 3.488933 0.132099 15.040674
123.702 0.136694 3.490935 0.151298 15.054687
123.802 0.153947 3.493749 0.168751 15.072168
123.902 0.164739 3.495632 0.180968 15.083123
124.001 0.174740 3.497526 0.189869 15.093301
124.101 0.193646 3.501617 0.231932 15.112645
124.201 0.205632 3.504589 0.251130 15.124994
124.304 0.216495 3.507489 0.261777 15.136238
124.401 0.235338 3.512810 0.284466 15.155818
124.501 0.245992 3.515940 0.287957 15.166922
124.602 0.256266 3.518978 0.289877 15.177636
124.701 0.271836 3.523711 0.302094 15.193909
124.801 0.279523 3.526136 0.309075 15.201970
124.901 0.287461 3.528717 0.316057 15.210316
125.001 0.301290 3.533355 0.333684 15.224903
125.112 0.309722 3.536090 0.307504 15.233766
125.202 0.319262 3.538991 0.286561 15.243738
125.301 0.334660 3.543030 0.228965 15.259657
125.401 0.342802 3.544734 0.194058 15.267976
125.501 0.351063 3.546309 0.194058 15.276385
125.601 0.369097 3.549990 0.211511 15.294791
125.702 0.380565 3.552610 0.234201 15.306555
125.801 0.392207 3.555568 0.258635 15.318566
125.903 0.412120 3.561381 0.302269 15.339311
126.001 0.422853 3.564934 0.330194 15.350616
126.101 0.432187 3.568175 0.333684 15.360497
126.201 0.434672 3.569036 0.333684 15.363127
126.302 0.434311 3.568911 0.333684 15.363508
126.401 0.434194 3.568871 0.333684 15.363632
126.501 0.434194 3.568871 0.333684 15.363632
126.601 0.434194 3.568871 0.333684 15.363632
126.702 0.434194 3.568871 0.333684 15.363632
126.801 0.416224 3.643081 0.408401 15.439987
126.902 0.416224 3.643081 0.408401 15.439987
127.001 0.420463 3.644841 0.389202 15.444577
127.101 0.428706 3.648120 0.370003 15.453448
127.201 0.437079 3.651171 0.336842 15.462359
127.301 0.448562 3.654825 0.289718 15.474410
127.403 0.459274 3.657736 0.251321 15.485510
127.501 0.475535 3.661354 0.198961 15.502169
127.602 0.486348 3.663267 0.162309 15.513150
127.701 0.505077 3.665690 0.102968 15.532035
127.801 0.516118 3.666588 0.068236 15.543112
127.902 0.526490 3.667120 0.045372 15.553498
128.004 0.539277 3.667701 0.045372 15.566298
128.101 0.545243 3.667958 0.041707 15.572270
128.201 0.553054 3.668271 0.039962 15.580087
128.301 0.558297 3.668478 0.038042 15.585334
128.401 0.572309 3.668828 0.016923 15.599350
128.501 0.587280 3.668911 -0.002275 15.614322
128.601 0.597793 3.668820 -0.011002 15.624835
128.701 0.612184 3.668500 -0.028455 15.639229
128.803 0.620892 3.668195 -0.037182 15.647943
128.901 0.641351 3.667269 -0.056380 15.668423
129.001 0.650995 3.666620 -0.073834 15.678089
129.101 0.666547 3.665203 -0.103504 15.693705
129.201 0.677786 3.663949 -0.119212 15.705013
129.302 0.694875 3.661748 -0.133175 15.722244
129.401 0.703165 3.660607 -0.138585 15.730612
129.502 0.723046 3.657616 -0.154643 15.750716
129.601 0.734975 3.655670 -0.167209 15.762804
129.701 0.746716 3.653654 -0.172619 15.774717
129.809 0.808401 3.695074 -0.249523 15.849018
129.901 0.819786 3.692129 -0.254933 15.860778
130.001 0.836601 3.687594 -0.270990 15.878193
130.102 0.846828 3.684607 -0.290189 15.888848
130.202 0.862091 3.679785 -0.316718 15.904854
130.301 0.874680 3.675470 -0.339407 15.918162
130.401 0.884034 3.672028 -0.360351 15.928129
130.501 0.896521 3.667172 -0.377804 15.941527
130.601 0.911048 3.661093 -0.407475 15.957275
130.701 0.921568 3.656514 -0.412711 15.968748
130.801 0.935313 3.650335 -0.428419 15.983818
130.902 0.951447 3.642645 -0.458089 16.001691
131.001 0.961782 3.637391 -0.477288 16.013285
131.101 0.973545 3.630995 -0.512195 16.026674
131.201 0.986250 3.623505 -0.547101 16.041422
131.301 0.996224 3.617210 -0.573281 16.053217
131.401 1.006340 3.610513 -0.592480 16.065349
131.513 1.023370 3.598918 -0.595970 16.085952
131.601 1.033140 3.592286 -0.595970 16.097760
131.701 1.043478 3.585182 -0.602952 16.110304
131.801 1.055428 3.576836 -0.613424 16.124879
131.901 1.069443 3.566951 -0.611678 16.142030
132.001 1.079326 3.560038 -0.609933 16.154091
132.101 1.096030 3.548477 -0.601206 16.174406
132.201 1.105704 3.541869 -0.595970 16.186120
132.301 1.115409 3.535435 -0.578517 16.197764
132.401 1.130232 3.526115 -0.545356 16.215274
132.501 1.145876 3.516734 -0.536629 16.233516
132.601 1.158352 3.509381 -0.527903 16.247997
132.702 1.168294 3.503777 -0.505213 16.259409
132.803 1.226142 3.543422 -0.485364 16.329538
132.917 1.239327 3.536800 -0.448712 16.344293
133.001 1.249640 3.532067 -0.419041 16.355641
133.101 1.265717 3.525221 -0.389371 16.373114
133.201 1.278685 3.520119 -0.364936 16.387049
133.301 1.289932 3.516031 -0.342247 16.399016
133.401 1.304298 3.511155 -0.314147 16.414187
133.501 1.321329 3.505688 -0.308737 16.432074
133.601 1.332355 3.502197 -0.305246 16.443640
133.701 1.343710 3.498797 -0.284127 16.455493
133.801 1.363718 3.493293 -0.252537 16.476244
133.901 1.374965 3.490380 -0.250792 16.487862
134.001 1.386699 3.487364 -0.250792 16.499977
134.101 1.405310 3.482596 -0.250792 16.519190
134.201 1.416591 3.479706 -0.250792 16.530836
134.301 1.434240 3.475518 -0.224263 16.548974
134.401 1.447101 3.472754 -0.205064 16.562129
134.501 1.463700 3.469313 -0.203144 16.579080
134.601 1.472522 3.467496 -0.203144 16.588088
134.701 1.489307 3.464084 -0.199653 16.605216
134.801 1.505618 3.460868 -0.192672 16.621841
134.901 1.514271 3.459195 -0.190927 16.630654
135.001 1.531928 3.455841 -0.185691 16.648627
135.101 1.547709 3.452918 -0.180455 16.664677
135.201 1.555521 3.451493 -0.180455 16.672618
135.301 1.575128 3.448009 -0.173474 16.692532
135.401 1.586929 3.445956 -0.169983 16.704510
135.501 1.598770 3.443935 -0.168238 16.716522
135.603 1.616368 3.441020 -0.163002 16.734360
135.701 1.633998 3.438152 -0.161256 16.752221
135.802 1.647553 3.435982 -0.157766 16.765950
135.901 1.658898 3.434198 -0.156020 16.777433
136.001 1.718570 3.497263 -0.120080 16.864255
136.101 1.729821 3.495970 -0.107863 16.875580
136.202 1.750478 3.493993 -0.081683 16.896331
136.301 1.762655 3.493080 -0.069466 16.908543
136.401 1.774589 3.492424 -0.046777 16.920494
136.501 1.792378 3.491742 -0.038050 16.938296
136.601 1.803816 3.491296 -0.039795 16.949743
136.701 1.823488 3.490340 -0.057249 16.969439
136.801 1.834807 3.489633 -0.067721 16.980780
136.901 1.846622 3.488769 -0.074702 16.992626
137.002 1.864160 3.487247 -0.092155 17.010230
137.101 1.881354 3.485377 -0.118335 17.027525
137.201 1.890482 3.484205 -0.130552 17.036728
137.301 1.907740 3.481790 -0.148006 17.054155
137.401 1.924379 3.479188 -0.163714 17.070996
137.501 1.930306 3.478154 -0.177676 17.077012
137.601 1.940653 3.476211 -0.189894 17.087540
137.701 1.957354 3.473011 -0.189894 17.104545
137.801 1.966207 3.471309 -0.189894 17.113560
137.901 1.983008 3.468095 -0.188148 17.130665
138.001 2.000115 3.464853 -0.186403 17.148077
138.101 2.008404 3.463300 -0.184658 17.156510
138.201 2.019969 3.461145 -0.182912 17.168274
138.301 2.039143 3.457618 -0.181167 17.187770
138.402 2.045994 3.456363 -0.181167 17.194735
138.501 2.047754 3.456041 -0.181167 17.196525
138.609 2.047598 3.456069 -0.181167 17.196683
138.701 2.047598 3.456069 -0.181167 17.196683
138.801 2.047598 3.456069 -0.181167 17.196683
138.901 2.047598 3.456069 -0.181167 17.196683
139.001 2.047598 3.456069 -0.181167 17.196683
139.101 2.072943 3.528463 -0.182376 17.273386
139.201 2.072943 3.528463 -0.182376 17.273386
139.301 2.072943 3.528463 -0.182376 17.273386
139.401 2.072943 3.528463 -0.182376 17.273386
139.501 2.072943 3.528463 -0.182376 17.273386
139.601 2.072943 3.528463 -0.182376 17.273386
139.701 2.072943 3.528463 -0.182376 17.273386
139.801 2.072943 3.528463 -0.182376 17.273386
139.901 2.072943 3.528463 -0.182376 17.273386
140.005 2.072943 3.528463 -0.182376 17.273386
140.102 2.072943 3.528463 -0.182376 17.273386
140.201 2.072943 3.528463 -0.182376 17.273386
140.301 2.072943 3.528463 -0.182376 17.273386
140.401 2.073312 3.528395 -0.182376 17.273761
140.502 2.079369 3.527206 -0.196513 17.279933
140.601 2.088306 3.525365 -0.209080 17.289059
140.701 2.104110 3.521520 -0.256203 17.305324
140.801 2.116008 3.518155 -0.287619 17.317688
140.902 2.126655 3.514894 -0.298091 17.328824
141.002 2.146263 3.508777 -0.305247 17.349363
141.103 2.157897 3.505250 -0.291110 17.361520
141.201 2.169247 3.501952 -0.276798 17.373339
141.301 2.188976 3.496652 -0.248349 17.393768
141.401 2.200368 3.493901 -0.228976 17.405488
141.501 2.217157 3.490179 -0.212919 17.422685
141.601 2.234506 3.486560 -0.198782 17.440407
141.701 2.241960 3.485093 -0.191801 17.448003
141.801 2.257128 3.482304 -0.170857 17.463426
141.901 2.270446 3.480173 -0.149913 17.476913
142.001 2.280557 3.478780 -0.130714 17.487120
142.101 2.296395 3.476961 -0.104534 17.503063
142.212 2.314488 3.491816 -0.061660 17.526472
142.301 2.323313 3.504060 -0.036178 17.541565
142.401 2.340156 3.503618 -0.016980 17.558414
142.503 2.353550 3.503400 -0.015235 17.571810
142.601 2.364379 3.503249 -0.013489 17.582640
142.701 2.381387 3.503068 -0.008079 17.599649
142.801 2.396753 3.502984 -0.006159 17.615016
142.902 2.408259 3.502955 -0.000748 17.626522
143.001 2.424516 3.502943 -0.000748 17.642778
143.101 2.438924 3.502932 -0.000748 17.657186
143.201 2.451150 3.502939 0.002742 17.669413
143.301 2.469195 3.502968 0.000997 17.687457
143.401 2.480921 3.502997 0.004662 17.699183
143.501 2.498532 3.503079 0.004662 17.716795
143.601 2.513082 3.503178 0.008153 17.731345
143.701 2.524507 3.503261 0.008153 17.742770
143.801 2.536599 3.503339 0.006408 17.754862
143.901 2.555811 3.503614 0.020894 17.774077
144.002 2.567066 3.503909 0.031366 17.785335
144.102 2.582054 3.504477 0.042012 17.800334
144.201 2.594004 3.505065 0.054230 17.812298
144.302 2.603839 3.505676 0.062956 17.822152
144.401 2.615694 3.506579 0.082155 17.834041
144.501 2.632547 3.508012 0.087391 17.850955
144.601 2.644548 3.509079 0.091056 17.863004
144.701 2.656552 3.510175 0.091056 17.875058
144.801 2.675161 3.511907 0.092801 17.893747
144.910 2.681319 3.512480 0.092801 17.899932
145.003 2.698438 3.514127 0.096467 17.917130
145.101 2.718572 3.516281 0.114094 17.937379
145.201 2.729762 3.517647 0.126312 17.948652
145.301 2.741313 3.519155 0.131548 17.960301
145.402 2.787987 3.612798 0.240657 18.064931
145.504 2.799680 3.615629 0.231755 18.076962
145.601 2.813383 3.618843 0.228265 18.091037
145.702 2.830057 3.622521 0.212557 18.108111
145.801 2.841648 3.624877 0.194929 18.119939
145.902 2.854850 3.627384 0.180617 18.133378
146.001 2.870129 3.630009 0.163164 18.148880
146.101 2.880877 3.631678 0.150947 18.159757
146.201 2.893182 3.633359 0.126512 18.172177
146.301 2.909245 3.635344 0.117785 18.188362
146.402 2.921018 3.636702 0.110804 18.200213
146.502 2.932719 3.637909 0.096667 18.211976
146.601 2.952771 3.639449 0.066298 18.232087
146.702 2.963778 3.640075 0.048845 18.243112
146.802 2.973949 3.640432 0.029646 18.253289
146.901 2.993071 3.640560 -0.007006 18.272412
147.001 3.005187 3.640336 -0.024459 18.284530
147.101 3.016870 3.639912 -0.036676 18.296221
147.201 3.037498 3.639109 -0.040167 18.316864
147.301 3.049451 3.638655 -0.036676 18.328825
147.402 3.061089 3.638248 -0.034931 18.340471
147.509 3.082028 3.637584 -0.027950 18.361420
147.601 3.091070 3.637331 -0.027950 18.370466
147.701 3.111688 3.636786 -0.026204 18.391091
147.801 3.123591 3.636453 -0.027950 18.402999
147.901 3.137552 3.636110 -0.022714 18.416964
148.003 3.153446 3.635795 -0.017478 18.432861
148.101 3.164775 3.635652 -0.008751 18.444191
148.201 3.176125 3.635612 0.001721 18.455541
148.302 3.195670 3.635819 0.017429 18.475087
148.401 3.206966 3.636149 0.034882 18.486388
148.502 3.248900 3.700289 0.006194 18.563020
148.602 3.259964 3.703522 0.003609 18.574547
148.701 3.260546 3.703525 0.003609 18.575128
148.801 3.260406 3.703524 0.003609 18.575268
148.901 3.260406 3.703524 0.003609 18.575268
149.001 3.260406 3.703524 0.003609 18.575268
149.101 3.260406 3.703524 0.003609 18.575268
149.201 3.260406 3.703524 0.003609 18.575268
149.302 3.260406 3.703524 0.003609 18.575268
149.404 3.260406 3.703524 0.003609 18.575268
149.501 3.260406 3.703524 0.003609 18.575268
149.601 3.260406 3.703524 0.003609 18.575268
149.703 3.260406 3.703524 0.003609 18.575268
149.809 3.260406 3.703524 0.003609 18.575268
149.901 3.260406 3.703524 0.003609 18.575268
150.003 3.260406 3.703524 0.003609 18.575268
150.102 3.260406 3.703524 0.003609 18.575268
150.201 3.260406 3.703524 0.003609 18.575268
150.301 3.263881 3.703547 0.007100 18.578743
150.402 3.278108 3.703698 0.014430 18.592970
150.501 3.289441 3.703876 0.016176 18.604305
150.601 3.304013 3.704176 0.023332 18.618880
150.709 3.320777 3.704596 0.026997 18.635649
150.806 3.331608 3.704913 0.030662 18.646485
150.903 3.343451 3.705281 0.030662 18.658334
151.001 3.356460 3.705702 0.032407 18.671349
151.101 3.369253 3.706131 0.034153 18.684150
151.201 3.379700 3.706484 0.034153 18.694603
151.301 3.396700 3.707065 0.034153 18.711612
151.404 3.408357 3.707448 0.034153 18.723276
151.503 3.419293 3.707807 0.032407 18.734218
151.602 3.437277 3.708395 0.034153 18.752212
151.703 3.459374 3.740338 0.071946 18.791053
151.802 3.471680 3.742775 0.074066 18.803598
151.901 3.492415 3.744267 0.068655 18.824387
152.001 3.504346 3.745061 0.065164 18.836344
152.103 3.518634 3.745951 0.059754 18.850659
152.202 3.536028 3.746919 0.049107 18.868080
152.301 3.550329 3.747486 0.034796 18.882393
152.401 3.561951 3.747825 0.024149 18.894020
152.501 3.579234 3.747937 -0.009012 18.911304
152.602 3.587518 3.747797 -0.022975 18.919588
152.701 3.604304 3.747191 -0.042173 18.936385
152.801 3.621505 3.746268 -0.064863 18.953611
152.901 3.629990 3.745658 -0.073589 18.962118
153.005 3.647182 3.744155 -0.094533 18.979376
153.102 3.664368 3.742373 -0.108496 18.996654
153.202 3.679473 3.740667 -0.115477 19.011855
153.301 3.691383 3.739274 -0.117222 19.023846
153.401 3.708385 3.737207 -0.122458 19.040973
153.503 3.722870 3.735430 -0.122458 19.055566
153.604 3.734627 3.733967 -0.122458 19.067414
153.701 3.751494 3.731857 -0.124204 19.084413
153.801 3.765625 3.730072 -0.125949 19.098656
153.901 3.776636 3.728610 -0.132930 19.109763
154.001 3.787735 3.727071 -0.138166 19.120968
154.104 3.807251 3.724149 -0.157190 19.140703
154.201 3.818337 3.722325 -0.166266 19.151938
154.301 3.829505 3.720388 -0.176913 19.163272
154.408 3.843479 3.717797 -0.187734 19.177485
154.501 3.859482 3.714827 -0.180403 19.193761
154.607 3.869468 3.713042 -0.174993 19.203905
154.701 3.888453 3.709804 -0.164172 19.223164
154.801 3.872161 3.791171 -0.199746 19.306145
154.901 3.882204 3.789164 -0.194510 19.316387
155.001 3.893673 3.786953 -0.185783 19.328066
155.101 3.903714 3.785103 -0.178802 19.338276
155.202 3.919848 3.782240 -0.173566 19.354663
155.317 3.932113 3.780117 -0.168330 19.367110
155.401 3.943290 3.778233 -0.166584 19.378445
155.506 3.961428 3.775183 -0.166584 19.396837
155.602 3.969280 3.773863 -0.166584 19.404799
155.705 3.975990 3.772735 -0.166584 19.411604
155.801 3.990717 3.770240 -0.168330 19.426541
155.901 4.000868 3.768515 -0.168330 19.436837
156.001 4.012972 3.766447 -0.168330 19.449116
156.103 4.029686 3.763659 -0.161348 19.466062
156.201 4.038058 3.762319 -0.157858 19.474540
156.303 4.048624 3.760619 -0.159603 19.485241
156.403 4.061976 3.758426 -0.163094 19.498773
156.502 4.078583 3.755608 -0.170075 19.515617
156.601 4.089361 3.753723 -0.173566 19.526559
156.701 4.107928 3.750387 -0.180547 19.545423
156.804 4.117028 3.748726 -0.182292 19.554674
156.901 4.126560 3.746969 -0.182292 19.564366
157.001 4.139264 3.744604 -0.185783 19.577288
157.106 4.150833 3.742416 -0.185783 19.589062
157.202 4.156235 3.741397 -0.187528 19.594560
157.301 4.161325 3.740432 -0.187528 19.599740
157.401 4.161495 3.740399 -0.187528 19.599913
157.502 4.161495 3.740399 -0.189274 19.599913
157.601 4.161495 3.740399 -0.191019 19.599913
157.709 4.161553 3.740388 -0.192764 19.599972
157.801 4.161552 3.740388 -0.196255 19.599974
157.901 4.162232 3.744814 -0.195019 19.604451
158.001 4.167085 3.806248 -0.153337 19.666076
158.102 4.166965 3.806266 -0.157002 19.666197
158.202 4.166806 3.806292 -0.158747 19.666358
158.301 4.166710 3.806307 -0.162412 19.666455
158.401 4.166513 3.806340 -0.165903 19.666656
158.501 4.166429 3.806354 -0.167823 19.666740
158.601 4.166429 3.806354 -0.171314 19.666740
158.702 4.166528 3.806336 -0.176724 19.666841
158.801 4.166668 3.806311 -0.180389 19.666983
158.904 4.166747 3.806297 -0.185800 19.667063
159.001 4.166591 3.806326 -0.187545 19.667222
159.102 4.166278 3.806386 -0.191210 19.667540
159.202 4.165925 3.806455 -0.196621 19.667900
159.302 4.165827 3.806475 -0.198366 19.668000
159.402 4.165808 3.806479 -0.203777 19.668020
159.502 4.165709 3.806500 -0.207442 19.668120
159.601 4.165614 3.806520 -0.211107 19.668218
159.704 4.165496 3.806545 -0.212853 19.668338
159.801 4.165301 3.806588 -0.218263 19.668539
159.901 4.165242 3.806602 -0.227339 19.668599
160.002 4.165261 3.806598 -0.225419 19.668619
160.101 4.165343 3.806579 -0.225419 19.668702
160.204 4.170324 3.805437 -0.225419 19.673813
160.303 4.178085 3.803660 -0.223674 19.681775
160.401 4.190021 3.800927 -0.225419 19.694020
160.501 4.197535 3.799204 -0.225419 19.701729
160.601 4.210736 3.796177 -0.225419 19.715272
160.701 4.218437 3.794418 -0.223674 19.723171
160.801 4.226260 3.792630 -0.225419 19.731196
160.901 4.235740 3.790460 -0.223674 19.740921
161.011 4.247588 3.787761 -0.221928 19.753073
161.101 4.255078 3.786061 -0.225419 19.760753
161.206 4.262797 3.784315 -0.221928 19.768667
161.301 4.280220 3.781262 -0.230670 19.786356
161.402 4.302310 3.774905 -0.279424 19.809342
161.501 4.313744 3.771624 -0.279424 19.821238
161.601 4.321978 3.769261 -0.279424 19.829804
161.701 4.330464 3.766830 -0.279424 19.838631
161.801 4.341902 3.763564 -0.277505 19.850527
161.901 4.349333 3.761432 -0.279424 19.858257
162.001 4.356930 3.759252 -0.279424 19.866161
162.102 4.369902 3.755530 -0.279424 19.879656
162.202 4.372984 3.754644 -0.281170 19.882863
162.302 4.373021 3.754633 -0.281170 19.882902
162.417 4.373002 3.754639 -0.281170 19.882921
162.502 4.373002 3.754639 -0.281170 19.882921
162.617 4.373002 3.754639 -0.281170 19.882921
162.705 4.373002 3.754639 -0.281170 19.882921
162.803 4.373002 3.754639 -0.281170 19.882921
162.925 4.373002 3.754639 -0.281170 19.882921
163.005 4.373002 3.754639 -0.281170 19.882921
163.109 4.373002 3.754639 -0.281170 19.882921
163.201 4.373002 3.754639 -0.281170 19.882921
163.302 4.373002 3.754639 -0.281170 19.882921
163.401 4.372941 3.754656 -0.281170 19.882985
163.501 4.372885 3.754672 -0.281170 19.883042
163.604 4.372999 3.754639 -0.281170 19.883161
163.701 4.372979 3.754645 -0.281170 19.883181
163.803 4.372961 3.754651 -0.281170 19.883200
163.901 4.372962 3.754650 -0.281170 19.883202
164.001 4.372962 3.754650 -0.281170 19.883202
164.101 4.375268 3.774929 -0.284898 19.903611
164.201 4.375856 3.780377 -0.285900 19.909091
164.301 4.375856 3.780377 -0.285900 19.909091
164.401 4.375856 3.780377 -0.285900 19.909091
164.502 4.375856 3.780377 -0.285900 19.909091
164.601 4.375856 3.780377 -0.285900 19.909091
164.701 4.375856 3.780377 -0.285900 19.909091
164.801 4.375856 3.780377 -0.285900 19.909091
164.901 4.375856 3.780377 -0.285900 19.909091
165.001 4.375856 3.780377 -0.285900 19.909091
165.106 4.375856 3.780377 -0.285900 19.909091
165.201 4.375856 3.780377 -0.285900 19.909091
165.301 4.375856 3.780377 -0.285900 19.909091
165.401 4.375856 3.780377 -0.285900 19.909091
165.503 4.375856 3.780377 -0.285900 19.909091
165.604 4.375856 3.780377 -0.285900 19.909091
165.702 4.375856 3.780377 -0.285900 19.909091
165.803 4.375856 3.780377 -0.285900 19.909091
165.901 4.375856 3.780377 -0.285900 19.909091
166.001 4.375856 3.780377 -0.285900 19.909091
166.101 4.375856 3.780377 -0.285900 19.909091
166.201 4.375856 3.780377 -0.285900 19.909091
166.301 4.375856 3.780377 -0.285900 19.909091
166.401 4.375836 3.780383 -0.285900 19.909111
166.502 4.375836 3.780383 -0.285900 19.909111
166.601 4.375836 3.780383 -0.285900 19.909111
166.701 4.375836 3.780383 -0.285900 19.909111
166.801 4.375836 3.780383 -0.285900 19.909111
166.901 4.375836 3.780383 -0.285900 19.909111
167.001 4.375836 3.780383 -0.285900 19.909111
167.101 4.375836 3.780383 -0.285900 19.909111
167.201 4.374128 3.783038 -0.281200 19.912269
167.302 4.374128 3.783038 -0.281200 19.912269
167.401 4.374128 3.783038 -0.281200 19.912269
167.501 4.374128 3.783038 -0.281200 19.912269
167.601 4.374128 3.783038 -0.281200 19.912269
167.701 4.374128 3.783038 -0.281200 19.912269
167.801 4.374128 3.783038 -0.281200 19.912269
167.901 4.374128 3.783038 -0.281200 19.912269
168.001 4.374128 3.783038 -0.281200 19.912269
168.101 4.374128 3.783038 -0.281200 19.912269
168.201 4.374128 3.783038 -0.281200 19.912269
168.301 4.374128 3.783038 -0.281200 19.912269
168.401 4.374128 3.783038 -0.281200 19.912269
168.501 4.374128 3.783038 -0.281200 19.912269
168.601 4.374128 3.783038 -0.281200 19.912269
168.701 4.374128 3.783038 -0.281200 19.912269
168.801 4.374128 3.783038 -0.281200 19.912269
168.901 4.374128 3.783038 -0.281200 19.912269
169.001 4.374128 3.783038 -0.281200 19.912269
169.101 4.374128 3.783038 -0.281200 19.912269
169.202 4.374128 3.783038 -0.281200 19.912269
169.301 4.374128 3.783038 -0.281200 19.912269
169.401 4.374128 3.783038 -0.281200 19.912269
169.501 4.374128 3.783038 -0.281200 19.912269
169.601 4.374128 3.783038 -0.281200 19.912269
169.701 4.374128 3.783038 -0.281200 19.912269
169.801 4.374128 3.783038 -0.281200 19.912269
169.901 4.374128 3.783038 -0.281200 19.912269
170.001 4.374128 3.783038 -0.281200 19.912269
170.101 4.374128 3.783038 -0.281200 19.912269
170.201 4.374128 3.783038 -0.281200 19.912269
170.301 4.363949 3.793931 -0.291336 19.927177
170.401 4.340579 3.816094 -0.312827 19.959386
170.501 4.340579 3.816094 -0.312827 19.959386
170.601 4.340579 3.816094 -0.312827 19.959386
170.704 4.340579 3.816094 -0.312827 19.959386
170.802 4.340579 3.816094 -0.312827 19.959386
170.901 4.340579 3.816094 -0.312827 19.959386
171.002 4.340579 3.816094 -0.312827 19.959386
171.101 4.340579 3.816094 -0.312827 19.959386
171.201 4.340579 3.816094 -0.312827 19.959386
171.301 4.340579 3.816094 -0.312827 19.959386
171.401 4.340579 3.816094 -0.312827 19.959386
171.501 4.340579 3.816094 -0.312827 19.959386
171.601 4.340579 3.816094 -0.312827 19.959386
171.701 4.340579 3.816094 -0.312827 19.959386
171.801 4.340579 3.816094 -0.312827 19.959386
171.901 4.340579 3.816094 -0.312827 19.959386
172.001 4.340579 3.816094 -0.312827 19.959386
172.101 4.340579 3.816094 -0.312827 19.959386
172.201 4.340579 3.816094 -0.312827 19.959386
172.301 4.340579 3.816094 -0.312827 19.959386
172.401 4.340579 3.816094 -0.312827 19.959386
172.501 4.340579 3.816094 -0.312827 19.959386
172.601 4.340579 3.816094 -0.312827 19.959386
172.701 4.340579 3.816094 -0.312827 19.959386
172.801 4.340579 3.816094 -0.312827 19.959386
172.901 4.340579 3.816094 -0.312827 19.959386
173.001 4.340579 3.816094 -0.312827 19.959386
173.101 4.340579 3.816094 -0.312827 19.959386
173.202 4.340579 3.816094 -0.312827 19.959386
173.302 4.340579 3.816094 -0.312827 19.959386
173.401 4.339482 3.785921 -0.276890 19.989579
173.501 4.339482 3.785921 -0.276890 19.989579
173.601 4.339482 3.785921 -0.276890 19.989579
173.701 4.339482 3.785921 -0.276890 19.989579
173.801 4.339482 3.785921 -0.276890 19.989579
173.901 4.339482 3.785921 -0.276890 19.989579
174.001 4.339502 3.785916 -0.276890 19.989599
174.101 4.339502 3.785916 -0.276890 19.989599
174.201 4.339502 3.785916 -0.276890 19.989599
174.301 4.339502 3.785916 -0.276890 19.989599
174.401 4.339502 3.785916 -0.276890 19.989599
174.503 4.339502 3.785916 -0.276890 19.989599
174.601 4.339502 3.785916 -0.276890 19.989599
174.701 4.339502 3.785916 -0.276890 19.989599
174.801 4.339502 3.785916 -0.276890 19.989599
174.901 4.339502 3.785916 -0.276890 19.989599
175.001 4.339502 3.785916 -0.276890 19.989599
175.101 4.339502 3.785916 -0.276890 19.989599
175.201 4.339502 3.785916 -0.276890 19.989599
175.301 4.339502 3.785916 -0.276890 19.989599
175.401 4.339502 3.785916 -0.276890 19.989599
175.501 4.339502 3.785916 -0.276890 19.989599
175.602 4.339502 3.785916 -0.276890 19.989599
175.701 4.339502 3.785916 -0.276890 19.989599
