# t_sec x y yaw_rad cum_dist_m
0.110 0.004712 -0.004111 0.009386 0.000000
0.204 0.004712 -0.004111 0.009386 0.000000
0.305 0.004712 -0.004111 0.009386 0.000000
0.403 0.004712 -0.004111 0.009386 0.000000
0.503 0.004712 -0.004111 0.009386 0.000000
0.603 0.004712 -0.004111 0.009386 0.000000
0.703 0.004750 -0.004111 0.018113 0.000038
0.804 0.004429 -0.004120 0.035915 0.000358
0.905 0.005109 -0.004084 0.057034 0.001039
1.003 0.005113 -0.004087 0.090369 0.001043
1.103 0.004674 -0.004132 0.120040 0.001485
1.203 0.004890 -0.004098 0.163673 0.001703
1.303 0.004480 -0.004180 0.198580 0.002122
1.403 0.004377 -0.004198 0.228076 0.002225
1.503 0.004769 -0.004100 0.266648 0.002629
1.603 0.004231 -0.004259 0.303300 0.003189
1.704 0.004536 -0.004157 0.331050 0.003511
1.803 0.004544 -0.004165 0.371367 0.003523
1.904 0.004262 -0.004273 0.406274 0.003824
2.003 0.005029 -0.003925 0.437690 0.004666
2.103 0.004849 -0.004014 0.465615 0.004867
2.203 0.004794 -0.004042 0.505583 0.004929
2.303 0.004919 -0.003977 0.547646 0.005070
2.405 0.004766 -0.004072 0.584123 0.005251
2.503 0.004965 -0.003936 0.613968 0.005492
2.603 0.004848 -0.004020 0.631422 0.005636
2.703 0.004767 -0.004080 0.689017 0.005737
2.803 -0.018027 -0.010721 0.754467 0.029478
2.904 -0.018400 -0.011086 0.796355 0.030000
3.003 -0.018269 -0.010944 0.822535 0.030193
3.103 -0.018093 -0.010751 0.848715 0.030454
3.203 -0.018326 -0.011030 0.887112 0.030818
3.304 -0.018255 -0.010936 0.909801 0.030936
3.404 -0.017869 -0.010419 0.944708 0.031581
3.503 -0.018290 -0.011032 0.977869 0.032324
3.603 -0.018289 -0.011027 1.009285 0.032330
3.708 -0.018184 -0.010855 1.040701 0.032530
3.804 -0.018165 -0.010824 1.077353 0.032567
3.905 -0.018232 -0.010950 1.112260 0.032709
4.004 -0.018215 -0.010915 1.131458 0.032748
4.104 -0.018189 -0.010854 1.168110 0.032813
4.204 -0.018161 -0.010787 1.197781 0.032886
4.303 -0.005550 -0.013630 1.249995 0.045815
4.403 0.002989 -0.015485 1.287813 0.054552
4.503 0.003029 -0.015330 1.328130 0.054712
4.603 0.002948 -0.015691 1.357801 0.055082
4.703 0.002972 -0.015550 1.396373 0.055226
4.803 0.002985 -0.015474 1.431279 0.055303
4.903 0.002931 -0.015927 1.462695 0.055759
5.003 0.002943 -0.015757 1.495856 0.055929
5.103 0.002961 -0.015534 1.522211 0.056154
5.203 0.002961 -0.015419 1.565844 0.056268
5.304 0.002958 -0.015437 1.597260 0.056286
5.403 0.002984 -0.016067 1.618553 0.056916
5.503 0.002955 -0.015668 1.651714 0.057316
5.603 0.002948 -0.015525 1.695347 0.057459
5.703 0.002891 -0.015147 1.723273 0.057841
5.803 0.002903 -0.015210 1.751198 0.057906
5.903 -0.013285 -0.023136 1.807991 0.075930
6.003 -0.013280 -0.023157 1.820209 0.075952
6.103 -0.013259 -0.023222 1.867332 0.076020
6.203 -0.013304 -0.023121 1.909220 0.076131
6.303 -0.013469 -0.022668 1.935400 0.076613
6.403 -0.013336 -0.023002 1.951108 0.076972
6.503 -0.013324 -0.023087 2.010449 0.077058
6.604 -0.013489 -0.022744 2.020921 0.077438
6.704 -0.013148 -0.023401 2.066300 0.078178
6.803 -0.013487 -0.022809 2.111679 0.078860
6.904 -0.013211 -0.023253 2.137858 0.079382
7.003 -0.013244 -0.023202 2.164038 0.079443
7.104 -0.013353 -0.023035 2.211162 0.079642
7.203 -0.013351 -0.023039 2.232106 0.079647
7.303 -0.013464 -0.022898 2.260032 0.079828
7.403 -0.014025 -0.022423 2.310360 0.080563
7.503 -0.023664 -0.013655 2.320462 0.093593
7.604 -0.025514 -0.011952 2.363418 0.096107
7.703 -0.025329 -0.012136 2.408796 0.096368
7.803 -0.025161 -0.012283 2.440212 0.096591
7.903 -0.025099 -0.012334 2.462902 0.096672
8.004 -0.025144 -0.012288 2.515261 0.096736
8.104 -0.025063 -0.012347 2.525733 0.096836
8.203 -0.025250 -0.012221 2.567621 0.097061
8.303 -0.025173 -0.012264 2.611429 0.097149
8.403 -0.025155 -0.012273 2.637609 0.097169
8.503 -0.025457 -0.012114 2.669025 0.097509
8.603 -0.025386 -0.012151 2.716323 0.097589
8.703 -0.025459 -0.012120 2.745819 0.097669
8.803 -0.025309 -0.012180 2.773745 0.097830
8.903 -0.047815 -0.001924 2.782236 0.122563
9.003 -0.047924 -0.001880 2.811906 0.122680
9.104 -0.047581 -0.001991 2.848558 0.123040
9.204 -0.047870 -0.001912 2.879974 0.123340
9.304 -0.048063 -0.001865 2.911390 0.123539
9.403 -0.047670 -0.001944 2.953278 0.123939
9.503 -0.047847 -0.001914 2.982948 0.124119
9.603 -0.048329 -0.001845 3.023091 0.124606
9.703 -0.048329 -0.001845 3.042290 0.124607
9.803 -0.047617 -0.001900 3.092904 0.125321
9.905 -0.047635 -0.001899 3.113848 0.125339
10.003 -0.046405 -0.001918 3.136537 0.126569
10.103 -0.046545 -0.001926 -3.108251 0.126708
10.203 -0.046282 -0.001906 -3.066363 0.126971
10.304 -0.046281 -0.001906 -3.048910 0.126973
10.404 -0.011253 -0.001252 -2.993584 0.162006
10.503 0.003208 -0.000867 -2.944691 0.176473
10.603 0.002744 -0.000973 -2.908040 0.176949
10.703 0.002902 -0.000930 -2.878194 0.177112
10.803 0.002889 -0.000935 -2.853934 0.177126
10.903 0.003069 -0.000868 -2.803320 0.177318
11.003 0.003374 -0.000757 -2.773649 0.177643
11.103 0.003076 -0.000876 -2.745724 0.177964
11.203 0.003246 -0.000801 -2.710817 0.178149
11.303 0.002784 -0.001034 -2.668929 0.178667
11.403 0.002820 -0.001013 -2.642575 0.178708
11.504 0.003356 -0.000709 -2.614650 0.179325
11.607 0.003151 -0.000835 -2.570842 0.179565
11.703 0.003084 -0.000879 -2.563861 0.179645
11.804 0.002841 -0.001057 -2.497538 0.179946
11.903 0.002813 -0.001078 -2.483576 0.179981
12.003 0.007551 -0.001063 -2.438309 0.184719
12.104 0.015451 -0.001479 -2.385180 0.192630
12.206 0.015463 -0.001468 -2.372963 0.192647
12.303 0.015391 -0.001541 -2.331075 0.192750
12.404 0.015490 -0.001436 -2.303149 0.192894
12.508 0.015513 -0.001404 -2.261261 0.192934
12.603 0.015744 -0.001116 -2.236827 0.193302
12.703 0.015535 -0.001402 -2.191448 0.193656
12.803 0.015486 -0.001473 -2.168759 0.193742
12.903 0.015620 -0.001265 -2.133852 0.193990
13.003 0.015605 -0.001279 -2.086729 0.194011
13.104 0.015636 -0.001225 -2.062294 0.194073
13.203 0.015506 -0.001477 -2.044841 0.194356
13.304 0.015548 -0.001384 -2.011679 0.194458
13.403 0.015627 -0.001211 -1.964555 0.194648
13.503 0.015594 -0.001289 -1.943612 0.194733
13.607 0.024952 0.023415 -1.839885 0.221150
13.707 0.024879 0.023137 -1.801488 0.221438
13.803 0.025000 0.023688 -1.777053 0.222002
13.903 0.024943 0.023391 -1.756109 0.222304
14.005 0.024993 0.023780 -1.712476 0.222696
14.104 0.024997 0.023739 -1.668843 0.222737
14.203 0.024968 0.023397 -1.646153 0.223080
14.303 0.024995 0.023858 -1.614912 0.223541
14.403 0.024983 0.023262 -1.565868 0.224137
14.503 0.024979 0.023430 -1.550160 0.224305
14.603 0.024979 0.023562 -1.511763 0.224436
14.704 0.024987 0.023453 -1.492565 0.224545
14.803 0.024929 0.024009 -1.434969 0.225104
14.908 0.024953 0.023847 -1.422751 0.225267
15.014 0.024965 0.023771 -1.387845 0.225345
15.104 0.024903 0.024048 -1.344212 0.225628
15.203 0.024917 0.024007 -1.300578 0.225671
15.303 0.017929 0.028418 -1.183016 0.233935
15.403 0.017992 0.028272 -1.139383 0.234094
15.504 0.017940 0.028380 -1.116694 0.234215
15.604 0.017825 0.028609 -1.087023 0.234471
15.703 0.017808 0.028628 -1.041470 0.234497
15.804 0.017798 0.028646 -1.010054 0.234516
15.903 0.018000 0.028334 -0.985445 0.234887
16.004 0.017903 0.028473 -0.929420 0.235056
16.103 0.017891 0.028489 -0.920693 0.235076
16.203 0.017987 0.028360 -0.885787 0.235237
16.303 0.017987 0.028370 -0.836743 0.235247
16.403 0.017989 0.028367 -0.810563 0.235251
16.519 0.017681 0.028682 -0.781067 0.235691
16.603 0.016637 0.027208 -0.726179 0.237497
16.713 0.013185 0.022961 -0.697984 0.242970
16.803 0.013536 0.022676 -0.643879 0.243421
16.903 0.013598 0.022628 -0.617699 0.243500
17.003 0.013617 0.022618 -0.586283 0.243522
17.104 0.013516 0.022683 -0.544395 0.243642
17.205 0.013412 0.022743 -0.518215 0.243763
17.303 0.013427 0.022736 -0.474582 0.243780
17.403 0.013610 0.022649 -0.436185 0.243983
17.503 0.013828 0.022550 -0.423967 0.244223
17.603 0.013357 0.022743 -0.373353 0.244732
17.704 0.013803 0.022581 -0.347173 0.245207
17.803 0.013934 0.022533 -0.320993 0.245346
17.906 0.013837 0.022561 -0.272124 0.245448
18.003 0.013972 0.022525 -0.247689 0.245588
18.103 0.012840 0.021058 -0.218266 0.247441
18.203 0.002880 0.001439 -0.170789 0.269443
18.303 0.002992 0.001420 -0.144609 0.269557
18.404 0.003090 0.001409 -0.116684 0.269655
18.504 0.003209 0.001399 -0.069560 0.269775
18.603 0.002968 0.001408 -0.038144 0.270016
18.703 0.002710 0.001415 -0.011964 0.270274
18.803 0.002690 0.001412 0.029750 0.270294
18.904 0.002408 0.001405 0.026259 0.270576
19.003 0.002287 0.001402 0.026259 0.270697
19.104 0.002267 0.001401 0.026259 0.270718
19.203 0.002267 0.001401 0.026259 0.270718
19.303 0.002267 0.001401 0.026259 0.270718
19.403 0.002267 0.001401 0.026259 0.270718
19.503 0.002267 0.001401 0.026259 0.270718
19.603 0.002267 0.001401 0.026259 0.270718
19.704 0.002267 0.001401 0.026259 0.270718
19.803 0.002267 0.001401 0.026259 0.270718
19.903 0.002267 0.001401 0.026259 0.270718
20.008 0.002267 0.001401 0.026259 0.270718
20.103 0.002267 0.001401 0.026259 0.270718
20.204 0.002267 0.001401 0.026259 0.270718
20.305 0.002267 0.001401 0.026259 0.270718
20.414 0.002267 0.001401 0.026259 0.270718
20.503 0.002286 0.001402 0.026259 0.270737
20.603 0.001281 0.001345 0.069892 0.271744
20.704 -0.000362 0.001159 0.148432 0.273398
20.803 0.002553 0.001845 0.246170 0.276394
20.903 0.008963 0.003839 0.331692 0.283106
21.004 0.017403 0.007432 0.443218 0.292280
21.104 0.031238 0.015436 0.582844 0.308263
21.203 0.040501 0.022239 0.661559 0.319755
21.303 -0.030290 0.035054 0.780165 0.391698
21.403 -0.016279 0.050994 0.888376 0.412921
21.503 -0.008390 0.061290 0.935499 0.425892
21.603 -0.001644 0.071069 0.987859 0.437771
21.705 0.006255 0.084120 1.057672 0.453026
21.804 0.076235 0.099693 1.101945 0.524718
21.903 0.079990 0.107679 1.145578 0.533542
22.004 0.088138 0.128804 1.250472 0.556185
22.104 0.091316 0.139610 1.304403 0.567448
22.204 0.095130 0.155749 1.361999 0.584032
22.303 0.097494 0.168393 1.402142 0.596895
22.403 0.098944 0.178142 1.433732 0.606751
22.513 0.099860 0.185469 1.451011 0.614135
22.603 0.101608 0.205818 1.508607 0.634559
22.704 0.102162 0.219805 1.545433 0.648557
22.803 0.112521 0.246216 1.559176 0.676927
22.903 0.120079 0.273471 1.586442 0.705210
23.004 0.119567 0.286813 1.624840 0.718562
23.103 0.118771 0.297660 1.656256 0.729438
23.207 0.116898 0.313717 1.705125 0.745605
23.303 0.114500 0.328516 1.748758 0.760596
23.403 0.112172 0.340302 1.776683 0.772610
23.503 0.108270 0.357258 1.813335 0.790010
23.607 0.106813 0.362931 1.823982 0.795867
23.709 0.100304 0.385810 1.872851 0.819654
23.803 0.095646 0.400223 1.895540 0.834800
23.903 0.071278 0.411801 1.880028 0.861779
24.003 0.050953 0.429086 1.876136 0.888460
24.103 0.046610 0.442584 1.884863 0.902639
24.203 0.043006 0.453237 1.902316 0.913886
24.303 0.036955 0.470026 1.928496 0.931732
24.403 0.032039 0.482889 1.940713 0.945502
24.504 0.027913 0.493171 1.961657 0.956581
24.605 0.021396 0.507883 2.008781 0.972671
24.703 0.017688 0.515479 2.033216 0.981124
24.805 0.012202 0.525840 2.073358 0.992848
24.903 -0.000257 0.546246 2.153643 1.016757
25.004 -0.007222 0.556379 2.183314 1.029053
25.103 -0.014026 0.565614 2.218220 1.040524
25.203 -0.022681 0.576631 2.247891 1.054534
25.303 -0.029616 0.584935 2.275816 1.065353
25.403 -0.040725 0.597501 2.303742 1.082125
25.503 -0.050597 0.608124 2.331667 1.096627
25.603 -0.063319 0.621012 2.359592 1.114736
25.703 -0.101839 0.620229 2.405587 1.153264
25.803 -0.113084 0.630160 2.421295 1.168266
25.903 -0.126456 0.641651 2.435257 1.185897
26.003 -0.135297 0.649128 2.442238 1.197476
26.103 -0.150202 0.661393 2.459692 1.216779
26.203 -0.154477 0.664888 2.452710 1.222300
26.304 -0.167460 0.675711 2.442238 1.239203
26.403 -0.182268 0.688418 2.426531 1.258716
26.503 -0.190858 0.696002 2.410823 1.270175
26.603 -0.199278 0.703631 2.398605 1.281537
26.703 -0.214277 0.717880 2.368935 1.302225
26.803 -0.222001 0.725481 2.361953 1.313062
26.903 -0.234053 0.737635 2.346245 1.330178
27.003 -0.242064 0.745908 2.334028 1.341695
27.104 -0.253925 0.758566 2.318320 1.359041
27.203 -0.263896 0.769413 2.311339 1.373774
27.303 -0.271730 0.778020 2.307848 1.385413
27.403 -0.281495 0.788832 2.304357 1.399982
27.503 -0.292918 0.801587 2.299121 1.417104
27.603 -0.300524 0.810424 2.272942 1.428763
27.703 -0.310259 0.822152 2.255488 1.444006
27.803 -0.321195 0.835851 2.243271 1.461534
27.903 -0.328430 0.845060 2.234544 1.473246
28.003 -0.335875 0.854622 2.231054 1.485364
28.105 -0.348137 0.870446 2.229308 1.505383
28.203 -0.355456 0.879930 2.227563 1.517363
28.303 -0.366161 0.893883 2.224072 1.534949
28.403 -0.373356 0.903335 2.220582 1.546828
28.503 -0.380260 0.912463 2.217091 1.558273
28.603 -0.392547 0.928833 2.213600 1.578741
28.703 -0.399443 0.938075 2.211855 1.590272
28.804 -0.406396 0.947461 2.206619 1.601953
28.905 -0.473824 0.934173 2.070400 1.670678
29.003 -0.479223 0.944168 2.061673 1.682038
29.103 -0.487736 0.960251 2.052946 1.700236
29.204 -0.493100 0.970590 2.047710 1.711883
29.303 -0.498429 0.980993 2.040729 1.723571
29.403 -0.507116 0.998418 2.028512 1.743042
29.504 -0.511888 1.008179 2.021530 1.753907
29.604 -0.518975 1.022967 2.016294 1.770305
29.711 -0.523956 1.033493 2.011058 1.781951
29.803 -0.528801 1.043836 2.005822 1.793372
29.903 -0.536483 1.060765 1.988369 1.811962
30.003 -0.540830 1.070622 1.984879 1.822735
30.104 -0.543101 1.075851 1.979643 1.828436
30.203 -0.553625 1.100607 1.967425 1.855336
30.303 -0.558130 1.111402 1.965680 1.867034
30.403 -0.562659 1.122379 1.960444 1.878908
30.503 -0.567101 1.133287 1.955208 1.890686
30.604 -0.574793 1.152480 1.948227 1.911362
30.704 -0.579299 1.163905 1.944736 1.923644
30.803 -0.585261 1.179367 1.936009 1.940216
30.912 -0.587699 1.185788 1.932519 1.947085
31.003 -0.594062 1.203124 1.916811 1.965551
31.103 -0.596808 1.210784 1.913320 1.973689
31.203 -0.598661 1.215941 1.916811 1.979168
31.304 -0.598746 1.216179 1.927283 1.979421
31.403 -0.598753 1.216197 1.962189 1.979440
31.504 -0.598761 1.216215 2.000586 1.979460
31.604 -0.598743 1.216181 2.056437 1.979499
31.704 -0.598743 1.216181 2.070400 1.979499
31.803 -0.598733 1.216162 2.107052 1.979520
31.903 -0.598717 1.216147 2.171629 1.979542
32.003 -0.626795 1.207416 2.192398 2.008947
32.103 -0.642719 1.212534 2.279609 2.025673
32.209 -0.646374 1.216506 2.333714 2.031071
32.303 -0.651208 1.221085 2.412254 2.037729
32.406 -0.665519 1.231687 2.558861 2.055540
32.503 -0.673681 1.236610 2.616457 2.065072
32.604 -0.688851 1.244265 2.710705 2.082064
32.711 -0.700826 1.249147 2.782263 2.094995
32.803 -0.729835 1.293010 2.933004 2.147583
32.903 -0.741139 1.294997 2.988855 2.159061
33.003 -0.752618 1.296425 3.034234 2.170628
33.103 -0.773417 1.297634 3.119755 2.191462
33.203 -0.785327 1.297608 -3.130269 2.203372
33.304 -0.794917 1.297260 -3.095363 2.212968
33.403 -0.803182 1.296726 -3.067437 2.221250
33.504 -0.815498 1.302811 -3.059813 2.234988
33.604 -0.831973 1.301071 -3.010103 2.251555
33.703 -0.850675 1.297920 -2.950762 2.270520
33.803 -0.861748 1.295568 -2.921091 2.281840
33.904 -0.875901 1.292067 -2.886185 2.296419
34.003 -0.892942 1.287153 -2.844297 2.314156
34.105 -0.904007 1.283523 -2.812881 2.325800
34.203 -0.914623 1.279729 -2.790192 2.337074
34.304 -0.931370 1.273133 -2.748304 2.355073
34.403 -0.941393 1.268856 -2.732596 2.365971
34.503 -0.951614 1.264280 -2.711652 2.377169
34.603 -0.972035 1.228444 -2.750616 2.418416
34.703 -0.983253 1.223694 -2.736653 2.430597
34.803 -0.996160 1.217973 -2.719200 2.444716
34.903 -1.006375 1.213205 -2.698256 2.455989
35.003 -1.016207 1.208445 -2.683944 2.466912
35.103 -1.034415 1.199102 -2.654099 2.487377
35.203 -1.041687 1.195213 -2.648688 2.495624
35.303 -1.056604 1.187048 -2.636471 2.512630
35.404 -1.071457 1.178569 -2.613782 2.529732
35.512 -1.078737 1.174258 -2.603310 2.538193
35.603 -1.093286 1.165286 -2.578875 2.555286
35.703 -1.106819 1.156521 -2.559677 2.571409
35.803 -1.113772 1.151724 -2.528261 2.579856
35.903 -1.122968 1.145020 -2.495099 2.591237
36.003 -1.141258 1.130657 -2.465429 2.614492
36.103 -1.147836 1.125359 -2.463684 2.622939
36.203 -1.161142 1.114229 -2.432093 2.640286
36.303 -1.172311 1.104300 -2.402248 2.655230
36.405 -1.181055 1.096350 -2.404168 2.667047
36.503 -1.193935 1.084731 -2.411149 2.684394
36.611 -1.202024 1.077515 -2.414640 2.695234
36.703 -1.214938 1.066217 -2.423366 2.712392
36.804 -1.222889 1.059068 -2.405913 2.723085
36.903 -1.232558 1.050046 -2.381479 2.736310
37.003 -1.244879 1.038522 -2.391950 2.753180
37.104 -1.249172 1.034539 -2.393696 2.759036
37.204 -1.251089 0.943281 -2.351189 2.850315
37.306 -1.256145 0.938227 -2.358170 2.857463
37.403 -1.268291 0.925789 -2.330245 2.874848
37.503 -1.278588 0.914554 -2.298829 2.890089
37.603 -1.285825 0.906217 -2.276140 2.901128
37.704 -1.292625 0.897883 -2.244724 2.911884
37.803 -1.305949 0.880364 -2.204407 2.933894
37.903 -1.310829 0.873567 -2.188699 2.942261
38.003 -1.320597 0.859278 -2.155712 2.959570
38.103 -1.328305 0.847088 -2.122376 2.973993
38.204 -1.334492 0.837023 -2.120631 2.985807
38.303 -1.343967 0.821534 -2.118886 3.003964
38.403 -1.349592 0.812242 -2.111904 3.014827
38.503 -1.357445 0.798927 -2.101432 3.030285
38.603 -1.363589 0.788386 -2.094451 3.042486
38.703 -1.367679 0.781185 -2.085724 3.050767
38.803 -1.370097 0.777057 -2.118886 3.055552
38.903 -1.369732 0.777629 -2.157283 3.056231
39.004 -1.369845 0.777466 -2.188699 3.056430
39.103 -1.369965 0.777302 -2.214879 3.056633
39.203 -1.370126 0.777093 -2.228841 3.056897
39.309 -1.370115 0.777108 -2.228841 3.056915
39.403 -1.370090 0.777140 -2.228841 3.056955
39.505 -1.370015 0.777237 -2.228841 3.057078
39.606 -1.369157 0.778440 -2.179972 3.058556
39.703 -1.367285 0.781342 -2.110159 3.062010
39.803 -1.366891 0.782010 -2.003694 3.062784
39.904 -1.367329 0.780923 -1.912937 3.063955
40.003 -1.368423 0.776618 -1.783782 3.068398
40.105 -1.368986 0.773492 -1.736658 3.071574
40.205 -1.374553 0.788820 -1.497988 3.087882
40.303 -1.368425 0.794754 -1.279521 3.096413
40.403 -1.365286 0.785848 -1.209708 3.105856
40.503 -1.359916 0.773848 -1.110224 3.119003
40.604 -1.353659 0.762569 -1.035175 3.131900
40.705 -1.385532 0.726361 -0.917394 3.180138
40.804 -1.377561 0.716844 -0.847581 3.192552
40.904 -1.369099 0.708008 -0.779513 3.204786
41.003 -1.356979 0.696879 -0.722091 3.221240
41.103 -1.346107 0.687842 -0.674793 3.235378
41.203 -1.335583 0.679737 -0.641632 3.248662
41.304 -1.327210 0.673751 -0.610216 3.258954
41.403 -1.232359 0.647411 -0.655785 3.357394
41.503 -1.225548 0.642258 -0.641822 3.365935
41.604 -1.212436 0.632878 -0.603425 3.382057
41.703 -1.203377 0.626892 -0.575499 3.392915
41.803 -1.187502 0.617172 -0.535357 3.411529
41.903 -1.176956 0.611180 -0.505686 3.423658
42.003 -1.164883 0.604907 -0.458562 3.437264
42.103 -1.149725 0.598010 -0.404457 3.453917
42.205 -1.139812 0.594003 -0.371296 3.464609
42.304 -1.125387 0.588886 -0.318936 3.479915
42.403 -1.111880 0.584750 -0.284030 3.494041
42.503 -1.100102 0.581566 -0.250868 3.506242
42.603 -1.084257 0.577814 -0.222943 3.522525
42.703 -1.022636 0.512649 -0.208056 3.612211
42.803 -1.006321 0.509297 -0.201075 3.628867
42.903 -0.992013 0.506397 -0.199330 3.643466
43.003 -0.980660 0.503987 -0.215038 3.655072
43.103 -0.963162 0.499987 -0.234236 3.673021
43.203 -0.948607 0.496535 -0.227255 3.687980
43.304 -0.934316 0.493311 -0.218528 3.702630
43.403 -0.923703 0.491081 -0.201075 3.713475
43.505 -0.909752 0.488454 -0.174895 3.727671
43.604 -0.895918 0.485835 -0.199330 3.741751
43.703 -0.884921 0.483508 -0.216783 3.752991
43.804 -0.868877 0.480070 -0.204566 3.769400
43.903 -0.863704 0.479002 -0.202820 3.774682
44.003 -0.845030 0.475273 -0.192349 3.793724
44.103 -0.828147 0.472147 -0.176641 3.810894
44.203 -0.814321 0.469788 -0.166169 3.824920
44.303 -0.803807 0.468081 -0.159187 3.835571
44.403 -0.787220 0.465568 -0.143479 3.852348
44.504 -0.773624 0.463807 -0.120790 3.866058
44.604 -0.763766 0.462678 -0.110318 3.875980
44.704 -0.748331 0.461151 -0.089374 3.891490
44.803 -0.737783 0.460281 -0.080473 3.902075
44.903 -0.720243 0.458975 -0.067907 3.919662
45.003 -0.707020 0.458205 -0.055515 3.932908
45.103 -0.696847 0.457696 -0.044694 3.943094
45.204 -0.679777 0.456976 -0.041028 3.960179
45.304 -0.665169 0.456415 -0.037363 3.974797
45.403 -0.653902 0.456089 -0.021481 3.986069
45.503 -0.638416 0.455936 -0.000362 4.001557
45.603 -0.621544 0.456044 0.008713 4.018429
45.704 -0.609216 0.456174 0.012379 4.030757
45.803 -0.595735 0.456341 0.012379 4.044240
45.903 -0.610009 0.489740 0.122022 4.080561
46.003 -0.599058 0.491061 0.118357 4.091591
46.103 -0.587674 0.492404 0.116437 4.103054
46.203 -0.567263 0.494658 0.104045 4.123589
46.304 -0.556313 0.495697 0.091653 4.134588
46.403 -0.541987 0.496905 0.077167 4.148965
46.503 -0.523611 0.498199 0.064775 4.167386
46.604 -0.512043 0.498862 0.054129 4.178974
46.703 -0.497247 0.499468 0.033010 4.193782
46.803 -0.485308 0.499796 0.025680 4.205725
46.903 -0.467546 0.500103 0.013463 4.223490
47.003 -0.461589 0.500147 0.004736 4.229448
47.103 -0.435960 0.500095 -0.009227 4.255077
47.204 -0.424590 0.499986 -0.010972 4.266447
47.303 -0.413588 0.499855 -0.012717 4.277449
47.405 -0.393420 0.499599 -0.012717 4.297620
47.503 -0.381470 0.499420 -0.016208 4.309570
47.603 -0.365087 0.499118 -0.021444 4.325956
47.703 -0.355359 0.498883 -0.024935 4.335688
47.803 -0.341582 0.498471 -0.037152 4.349470
47.905 -0.331299 0.498034 -0.045879 4.359763
48.003 -0.315402 0.497208 -0.054605 4.375681
48.103 -0.304966 0.496610 -0.058096 4.386134
48.203 -0.285906 0.495416 -0.065077 4.405232
48.303 -0.274253 0.494562 -0.080785 4.416916
48.403 -0.260330 0.493401 -0.084276 4.430887
48.503 -0.244580 0.492039 -0.087767 4.446696
48.603 -0.234001 0.491046 -0.096493 4.457321
48.704 -0.223516 0.489999 -0.101729 4.467859
48.803 -0.210448 0.488610 -0.113946 4.481000
48.903 -0.195599 0.486791 -0.131400 4.495961
49.005 -0.171953 0.497095 -0.170974 4.521754
49.103 -0.118626 0.519373 -0.271481 4.579547
49.203 -0.107786 0.516319 -0.274972 4.590808
49.303 -0.096691 0.513189 -0.274972 4.602337
49.404 -0.083040 0.509348 -0.273226 4.616518
49.505 -0.072617 0.506483 -0.266245 4.627328
49.603 -0.054922 0.501787 -0.252282 4.645635
49.703 -0.039054 0.497873 -0.234829 4.661978
49.803 -0.029581 0.495690 -0.219121 4.671700
49.904 -0.019364 0.493513 -0.203413 4.682146
50.003 -0.001221 0.489991 -0.178979 4.700628
50.103 0.010139 0.488058 -0.161525 4.712151
50.203 0.022885 0.486114 -0.144072 4.725044
50.303 0.037258 0.484175 -0.126619 4.739548
50.403 0.048401 0.482822 -0.119637 4.750772
50.503 0.063522 0.481119 -0.107420 4.765989
50.603 0.078917 0.479617 -0.091712 4.781457
50.703 0.088381 0.478834 -0.077750 4.790953
50.805 0.101527 0.477961 -0.058376 4.804128
50.903 0.118439 0.477224 -0.037083 4.821057
51.004 0.128648 0.476885 -0.028357 4.831271
51.103 0.141029 0.476645 -0.012300 4.843654
51.203 0.157615 0.476540 -0.005144 4.860241
51.303 0.169496 0.476495 -0.001479 4.872122
51.403 0.180343 0.476479 -0.001479 4.882969
51.503 0.199381 0.476451 -0.001479 4.902007
51.603 0.210890 0.476439 0.000267 4.913516
51.703 0.222731 0.476442 0.000267 4.925357
51.803 0.241731 0.476434 -0.001479 4.944357
51.903 0.252418 0.476418 -0.001479 4.955044
52.008 0.262160 0.476404 -0.001479 4.964787
52.103 0.284174 0.491500 0.033947 4.991479
52.203 0.317439 0.519668 0.096631 5.035069
52.307 0.325467 0.520447 0.096631 5.043134
52.403 0.342960 0.521999 0.082494 5.060696
52.503 0.354837 0.522902 0.073593 5.072607
52.603 0.367379 0.523699 0.054569 5.085174
52.703 0.387474 0.524375 0.017917 5.105280
52.803 0.398507 0.524298 -0.018735 5.116314
52.903 0.412297 0.523641 -0.065859 5.130120
53.003 0.429207 0.522222 -0.092039 5.147089
53.103 0.442198 0.520972 -0.099020 5.160140
53.203 0.455984 0.519381 -0.119964 5.174018
53.304 0.470491 0.517449 -0.137417 5.188652
53.403 0.488106 0.514546 -0.179305 5.206506
53.503 0.502463 0.511694 -0.207230 5.221143
53.603 0.513797 0.509089 -0.233410 5.232772
53.703 0.525042 0.506271 -0.254354 5.244364
53.803 0.544112 0.500872 -0.289261 5.264184
53.904 0.554454 0.497606 -0.317186 5.275030
54.005 0.565000 0.494129 -0.318931 5.286134
54.104 0.584492 0.487655 -0.322422 5.306673
54.204 0.595555 0.483992 -0.318931 5.318327
54.304 0.606660 0.480325 -0.318931 5.330022
54.404 0.626312 0.473896 -0.313695 5.350699
54.503 0.637748 0.470191 -0.311950 5.362720
54.603 0.649258 0.466480 -0.311950 5.374813
54.703 0.660775 0.462799 -0.308459 5.386904
54.803 0.680250 0.456631 -0.306714 5.407333
54.903 0.691344 0.453133 -0.304969 5.418965
55.005 0.711243 0.446903 -0.301478 5.439817
55.104 0.722801 0.443314 -0.299733 5.451918
55.203 0.776709 0.495210 -0.328350 5.526747
55.303 0.792072 0.490044 -0.319623 5.542955
55.403 0.808114 0.484713 -0.321369 5.559860
55.504 0.816745 0.481823 -0.323114 5.568962
55.604 0.836378 0.475238 -0.323114 5.589670
55.704 0.847396 0.471548 -0.323114 5.601289
55.803 0.858689 0.467783 -0.319623 5.613193
55.903 0.878387 0.461308 -0.316133 5.633928
56.004 0.888748 0.457988 -0.309151 5.644808
56.104 0.899575 0.454593 -0.302170 5.656155
56.203 0.910358 0.451284 -0.295189 5.667435
56.304 0.930142 0.445408 -0.282971 5.688072
56.404 0.941311 0.442197 -0.277735 5.699694
56.504 0.958554 0.437335 -0.272500 5.717609
56.604 0.974303 0.433200 -0.249810 5.733892
56.704 0.982384 0.431188 -0.241084 5.742220
56.803 1.001954 0.426703 -0.216649 5.762297
56.903 1.013520 0.424236 -0.206177 5.774123
57.003 1.022865 0.422356 -0.195705 5.783656
57.103 1.034193 0.420204 -0.178252 5.795187
57.203 1.046775 0.417970 -0.173016 5.807965
57.304 1.057995 0.416090 -0.164289 5.819341
57.403 1.072947 0.413643 -0.160798 5.834492
57.504 1.087393 0.411335 -0.157308 5.849121
57.603 1.094972 0.410151 -0.153817 5.856792
57.705 1.110225 0.407814 -0.150326 5.872223
57.804 1.122256 0.406017 -0.146836 5.884387
57.903 1.131584 0.404647 -0.144916 5.893816
58.003 1.146134 0.402594 -0.137760 5.908510
58.104 1.159374 0.400841 -0.128684 5.921865
58.203 1.169540 0.399541 -0.126765 5.932114
58.303 1.182796 0.397888 -0.123099 5.945472
58.404 1.204211 0.482011 0.065273 6.032278
58.503 1.210184 0.482413 0.067192 6.038265
58.603 1.228121 0.483632 0.058815 6.056244
58.704 1.240521 0.484273 0.046423 6.068660
58.804 1.255746 0.484789 0.021988 6.083894
58.903 1.272904 0.484740 -0.021645 6.101052
59.007 1.283879 0.484313 -0.047825 6.112035
59.104 1.293839 0.483642 -0.079241 6.122018
59.204 1.310871 0.481841 -0.124619 6.139144
59.303 1.321056 0.480367 -0.156035 6.149435
59.404 1.330026 0.478788 -0.182215 6.158544
59.506 1.344622 0.475807 -0.213631 6.173441
59.603 1.353046 0.473841 -0.239811 6.182091
59.703 1.361514 0.471645 -0.262500 6.190840
59.804 1.370917 0.469075 -0.253774 6.200587
59.904 1.371150 0.469016 -0.241556 6.200828
60.003 1.374628 0.468353 -0.169998 6.204368
60.103 1.381271 0.467507 -0.096694 6.211065
60.204 1.386724 0.467149 -0.042589 6.216530
60.305 1.391707 0.467122 0.016752 6.221512
60.404 1.400856 0.467760 0.105764 6.230684
60.503 1.404827 0.468313 0.158124 6.234693
60.603 1.409153 0.476408 0.212209 6.243872
60.703 1.422552 0.532876 0.381793 6.301908
60.803 1.432439 0.537115 0.413209 6.312665
60.907 1.447350 0.544210 0.462253 6.329178
61.003 1.455019 0.548210 0.490178 6.337828
61.111 1.470185 0.556912 0.542538 6.355313
61.204 1.484533 0.566108 0.587742 6.372356
61.303 1.495063 0.573476 0.622823 6.385207
61.404 1.503836 0.580012 0.650749 6.396147
61.503 1.524859 0.592379 0.674442 6.420537
61.604 1.534027 0.600019 0.707777 6.432472
61.703 1.541203 0.606355 0.730467 6.442045
61.804 1.550799 0.615214 0.756647 6.455105
61.904 1.558169 0.622272 0.772355 6.465309
62.004 1.567959 0.632289 0.810752 6.479315
62.104 1.575861 0.640945 0.843913 6.491036
62.203 1.583471 0.649825 0.873584 6.502731
62.304 1.593534 0.662408 0.915472 6.518843
62.403 1.603314 0.675729 0.957359 6.535369
62.510 1.611079 0.687249 0.992266 6.549262
62.603 1.618242 0.698582 1.018446 6.562668
62.704 1.623517 0.707399 1.044626 6.572943
62.804 1.631273 0.721179 1.074297 6.588756
62.905 1.633643 0.725666 1.088259 6.593830
63.003 1.642614 0.743780 1.140619 6.614044
63.109 1.646378 0.782849 1.224570 6.653293
63.203 1.649124 0.791906 1.270450 6.662758
63.303 1.652076 0.802761 1.329966 6.674007
63.403 1.654490 0.814461 1.394369 6.685953
63.503 1.655646 0.822147 1.436257 6.693725
63.603 1.656762 0.831384 1.452139 6.703030
63.704 1.658018 0.842228 1.457550 6.713947
63.803 1.658407 0.845615 1.455804 6.717356
63.908 1.658454 0.846014 1.453885 6.717758
64.003 1.658419 0.845700 1.520207 6.718074
64.103 1.658422 0.845866 1.570822 6.718240
64.203 1.658432 0.845628 1.621611 6.718479
64.303 1.658420 0.845770 1.686013 6.718621
64.410 1.658419 0.845772 1.701721 6.718624
64.503 1.658384 0.845969 1.769964 6.718823
64.603 1.640482 0.809419 1.831954 6.759522
64.704 1.628406 0.784588 1.891474 6.787133
64.804 1.628271 0.784948 1.938597 6.787518
64.903 1.628166 0.785207 1.973504 6.787797
65.003 1.626646 0.788684 1.982231 6.791592
65.103 1.621821 0.799817 1.976995 6.803726
65.203 1.618279 0.808315 1.961287 6.812932
65.304 1.614058 0.818831 1.947324 6.824263
65.403 1.607496 0.836510 1.912417 6.843121
65.504 1.604351 0.845772 1.887983 6.852902
65.603 1.600477 0.858362 1.857963 6.866075
65.703 1.598117 0.866677 1.842081 6.874719
65.803 1.595564 0.876572 1.810490 6.884937
65.905 1.593164 0.887391 1.775584 6.896020
66.003 1.591586 0.895538 1.754291 6.904318
66.103 1.581297 0.936426 1.607554 6.946481
66.203 1.581035 0.940242 1.700057 6.950305
66.303 1.581049 0.940243 1.769870 6.950319
66.403 1.581002 0.940395 1.881571 6.950478
66.503 1.580962 0.940503 2.007235 6.950593
66.603 1.580832 0.940727 2.080539 6.950853
66.704 1.580949 0.940522 2.173041 6.951089
66.803 1.580709 0.940821 2.251581 6.951472
66.906 1.581013 0.940469 2.303941 6.951937
67.004 1.580783 0.940719 2.342338 6.952276
67.103 1.580980 0.939249 2.417509 6.953758
67.209 1.573103 0.915022 2.545966 6.979233
67.303 1.573117 0.915013 2.580873 6.979250
67.403 1.573034 0.915064 2.586109 6.979348
67.503 1.573034 0.915064 2.586109 6.979348
67.606 1.573034 0.915064 2.586109 6.979348
67.703 1.573034 0.915064 2.586109 6.979348
67.803 1.570858 0.916476 2.556438 6.981942
67.905 1.566264 0.919681 2.519787 6.987543
68.004 1.557545 0.926507 2.444737 6.998617
68.103 1.552465 0.931005 2.399359 7.005401
68.203 1.545358 0.938050 2.333036 7.015408
68.312 1.543116 0.940472 2.312092 7.018708
68.403 1.539212 0.944903 2.289403 7.024615
68.503 1.548251 0.998522 2.129176 7.078990
68.604 1.548171 0.998623 2.200734 7.079118
68.703 1.548066 0.998762 2.275784 7.079293
68.803 1.548198 0.998615 2.368286 7.079490
68.906 1.548091 0.998692 2.479987 7.079622
69.003 1.548184 0.998636 2.617868 7.079732
69.103 1.548082 0.998670 2.722588 7.079839
69.203 1.548048 0.998678 2.846506 7.079874
69.304 1.547944 0.998706 2.918065 7.079982
69.403 1.551562 0.996274 3.093711 7.084341
69.503 1.561982 0.965186 -2.944000 7.117129
69.605 1.561804 0.965144 -2.884659 7.117312
69.706 1.562134 0.965253 -2.793902 7.117659
69.804 1.561667 0.965071 -2.748523 7.118159
69.904 1.575207 0.969403 -2.654799 7.132375
70.004 1.599363 0.975121 -2.550195 7.157199
70.103 1.599470 0.975200 -2.482127 7.157332
70.210 1.599501 0.975224 -2.476891 7.157371
70.303 1.599498 0.975222 -2.480382 7.157374
70.403 1.599498 0.975222 -2.480382 7.157374
70.505 1.599498 0.975222 -2.480382 7.157374
70.603 1.578677 0.989728 -2.577384 7.182751
70.708 1.570223 0.984268 -2.559930 7.192814
70.805 1.563717 0.979849 -2.535496 7.200679
70.907 1.559656 0.976958 -2.518042 7.205664
71.003 1.539124 0.960285 -2.415068 7.232113
71.103 1.530508 0.952199 -2.371435 7.243929
71.203 1.520072 0.941436 -2.319075 7.258921
71.309 1.510926 0.931009 -2.271951 7.272791
71.403 1.502632 0.920641 -2.228318 7.286068
71.504 1.495867 0.911524 -2.198647 7.297421
71.603 1.484614 0.895043 -2.148033 7.317377
71.704 1.478196 0.884749 -2.118362 7.329508
71.803 1.472012 0.874215 -2.090437 7.341723
71.904 1.462677 0.856621 -2.034586 7.361640
72.005 1.457663 0.846328 -2.013642 7.373089
72.103 1.465278 0.846690 -1.995683 7.380713
72.203 1.481714 0.853046 -1.979506 7.398335
72.303 1.475395 0.836957 -1.921910 7.415621
72.403 1.471680 0.825952 -1.881767 7.427236
72.503 1.466569 0.808134 -1.824171 7.445771
72.604 1.464098 0.797785 -1.794501 7.456411
72.704 1.461677 0.786017 -1.759594 7.468426
72.803 1.459330 0.771720 -1.717706 7.482914
72.904 1.457077 0.754428 -1.686290 7.500352
73.004 1.455829 0.742438 -1.667092 7.512407
73.103 1.454358 0.721827 -1.626949 7.533071
73.204 1.453871 0.709984 -1.607576 7.544924
73.303 1.453565 0.698396 -1.593439 7.556516
73.403 1.453358 0.677952 -1.575811 7.576961
73.503 1.453305 0.666335 -1.573891 7.588578
73.605 1.453305 0.654551 -1.570400 7.600362
73.704 1.492245 0.593655 -1.608089 7.672644
73.803 1.491854 0.581947 -1.597443 7.684358
73.904 1.491642 0.571949 -1.588542 7.694358
74.003 1.491531 0.554524 -1.570565 7.711784
74.103 1.491629 0.543088 -1.556427 7.723220
74.203 1.491896 0.532178 -1.542465 7.734133
74.303 1.492242 0.521315 -1.535483 7.745002
74.403 1.493081 0.501940 -1.523266 7.764396
74.503 1.493696 0.490773 -1.514540 7.775580
74.603 1.495048 0.469971 -1.502322 7.796425
74.703 1.495861 0.458491 -1.498832 7.807934
74.803 1.496736 0.446423 -1.497086 7.820033
74.903 1.498082 0.430715 -1.479633 7.835799
75.003 1.499649 0.414988 -1.467416 7.851604
75.103 1.500593 0.406236 -1.460434 7.860407
75.205 1.502623 0.388616 -1.453453 7.878143
75.304 1.504600 0.371330 -1.458689 7.895542
75.403 1.505520 0.362991 -1.460434 7.903932
75.504 1.507528 0.345339 -1.453453 7.921698
75.605 1.509615 0.327766 -1.451708 7.939394
75.704 1.510680 0.318861 -1.451708 7.948362
75.803 1.512140 0.306666 -1.451708 7.960645
75.903 1.514565 0.286478 -1.449962 7.980977
76.003 1.516019 0.274633 -1.448217 7.992912
76.104 1.517768 0.260059 -1.451708 8.007590
76.203 1.519830 0.242578 -1.451708 8.025192
76.304 1.520603 0.236119 -1.451708 8.031698
76.404 1.523016 0.216298 -1.446472 8.051665
76.503 1.525303 0.198219 -1.444726 8.069888
76.603 1.526778 0.186924 -1.439490 8.081278
76.703 1.528754 0.172654 -1.430764 8.095684
76.803 1.556155 0.152214 -1.335421 8.129870
76.903 1.558829 0.141064 -1.335421 8.141336
77.003 1.562323 0.126561 -1.333676 8.156254
77.104 1.566217 0.109915 -1.345893 8.173350
77.203 1.568725 0.098635 -1.352875 8.184905
77.303 1.571837 0.084173 -1.361601 8.199698
77.403 1.575341 0.067214 -1.370328 8.217015
77.506 1.577590 0.056070 -1.373819 8.228384
77.603 1.580899 0.039171 -1.384291 8.245604
77.705 1.583766 0.022843 -1.401744 8.262182
77.804 1.585116 0.014585 -1.412216 8.270549
77.903 1.586788 0.003203 -1.433160 8.282053
78.003 1.589245 -0.016917 -1.461085 8.302322
78.103 1.590542 -0.028456 -1.459340 8.313934
78.203 1.591826 -0.039893 -1.457594 8.325443
78.304 1.594062 -0.059396 -1.454104 8.345074
78.403 1.594695 -0.064798 -1.454104 8.350513
78.507 1.596921 -0.085294 -1.473302 8.371130
78.604 1.598018 -0.097151 -1.476793 8.383037
78.703 1.599142 -0.109022 -1.475048 8.394961
78.804 1.601055 -0.127643 -1.464576 8.413680
78.904 1.602472 -0.140373 -1.455849 8.426488
79.003 1.603760 -0.150843 -1.445377 8.437038
79.103 1.606016 -0.168002 -1.436650 8.454344
79.203 1.608098 -0.183029 -1.433160 8.469515
79.303 1.609626 -0.194203 -1.434905 8.480793
79.403 1.612066 -0.212164 -1.438396 8.498918
79.509 1.613985 -0.226727 -1.441886 8.513607
79.603 1.615534 -0.238678 -1.441886 8.525659
79.703 1.617578 -0.255747 -1.455849 8.542849
79.804 1.619071 -0.269455 -1.466321 8.556639
79.904 1.704263 -0.313274 -1.530400 8.652440
80.003 1.704620 -0.323395 -1.535636 8.662567
80.112 1.704635 -0.323829 -1.535636 8.663002
80.203 1.704660 -0.324802 -1.568797 8.663975
80.303 1.704656 -0.324964 -1.631804 8.664137
80.403 1.704573 -0.325782 -1.704933 8.664960
80.504 1.704571 -0.325785 -1.814889 8.664963
80.604 1.704597 -0.325748 -1.938807 8.665008
80.703 1.704618 -0.325677 -2.017347 8.665082
80.804 1.704718 -0.325502 -2.108104 8.665284
80.903 1.704473 -0.325852 -2.198861 8.665710
81.003 1.704833 -0.325391 -2.251221 8.666295
81.105 1.704773 -0.325456 -2.294854 8.666383
81.205 1.720857 -0.335035 -2.454436 8.685103
81.303 1.721745 -0.335361 -2.498790 8.686050
81.403 1.721681 -0.335409 -2.551150 8.686130
81.503 1.721899 -0.335267 -2.589547 8.686390
81.604 1.721989 -0.335216 -2.622708 8.686494
81.705 1.724397 -0.333875 -2.633180 8.689250
81.803 1.726418 -0.332726 -2.619218 8.691574
81.903 1.728708 -0.331285 -2.554640 8.694280
82.003 1.731986 -0.328792 -2.449921 8.698399
82.103 1.732462 -0.328363 -2.357418 8.699040
82.203 1.740732 -0.326376 -2.253035 8.707545
82.305 1.777015 -0.313983 -2.015435 8.745886
82.405 1.776934 -0.314179 -1.933404 8.746098
82.504 1.775816 -0.317801 -1.851374 8.749889
82.603 1.773308 -0.330028 -1.708257 8.762370
82.703 1.772575 -0.338848 -1.620990 8.771221
82.805 1.772631 -0.349451 -1.531979 8.781824
82.903 1.774943 -0.367743 -1.385371 8.800262
83.003 1.755575 -0.334578 -1.183798 8.838668
83.108 1.760211 -0.344707 -1.117475 8.849808
83.203 1.770364 -0.362493 -1.002284 8.870288
83.306 1.777035 -0.372193 -0.948178 8.882061
83.404 1.784114 -0.381324 -0.890757 8.893614
83.503 1.784367 -0.419594 -0.801784 8.931885
83.603 1.787869 -0.423936 -0.775650 8.937463
83.704 1.800132 -0.435127 -0.716309 8.954066
83.804 1.816337 -0.448264 -0.655223 8.974926
83.903 1.820969 -0.451779 -0.646496 8.980741
84.004 1.838479 -0.464299 -0.595885 9.002267
84.104 1.873148 -0.501090 -0.605341 9.052819
84.203 1.882950 -0.507700 -0.584397 9.064641
84.305 1.897497 -0.516739 -0.539019 9.081768
84.403 1.908964 -0.523139 -0.488404 9.094900
84.503 1.919345 -0.528166 -0.430808 9.106434
84.603 1.934781 -0.534403 -0.354014 9.123082
84.703 1.942611 -0.537042 -0.308635 9.131345
84.803 1.951781 -0.539612 -0.251039 9.140869
84.910 1.965290 -0.542468 -0.181226 9.154676
85.004 1.974641 -0.543901 -0.134102 9.164136
85.104 1.996171 -0.531386 -0.087477 9.189039
85.204 2.015506 -0.523925 -0.030883 9.209764
85.306 2.025390 -0.524001 0.007514 9.219647
85.403 2.035718 -0.523697 0.042420 9.229980
85.504 2.047221 -0.522963 0.079072 9.241506
85.603 2.060130 -0.521544 0.131432 9.254494
85.703 2.074608 -0.519318 0.173320 9.269142
85.803 2.084434 -0.517461 0.196009 9.279141
85.904 2.098101 -0.514411 0.237897 9.293145
86.003 2.104859 -0.512707 0.253605 9.300114
86.103 2.116066 -0.509564 0.288512 9.311754
86.204 2.125112 -0.505953 0.308725 9.321494
86.303 2.062398 -0.506067 0.312602 9.384207
86.403 2.072645 -0.502628 0.326739 9.395015
86.504 2.089610 -0.496814 0.334069 9.412949
86.603 2.103536 -0.491947 0.337734 9.427701
86.703 2.109191 -0.489950 0.339480 9.433698
86.803 2.127845 -0.483272 0.345065 9.453511
86.903 2.144476 -0.477219 0.350475 9.471210
87.003 2.155843 -0.473040 0.352395 9.483320
87.103 2.169046 -0.468158 0.354140 9.497397
87.227 2.179610 -0.464229 0.356060 9.508668
87.304 2.195998 -0.458095 0.359725 9.526167
87.403 2.212549 -0.451819 0.363391 9.543867
87.503 2.225571 -0.446836 0.367056 9.557810
87.603 2.236288 -0.442699 0.370721 9.569298
87.703 2.249441 -0.437576 0.372466 9.583413
87.803 2.265487 -0.431402 0.349952 9.600606
87.909 2.276520 -0.427493 0.332149 9.612312
88.003 2.290122 -0.423198 0.288516 9.626575
88.104 2.306400 -0.418919 0.234585 9.643406
88.203 2.317189 -0.416598 0.197933 9.654442
88.304 2.323076 -0.415498 0.180480 9.660431
88.403 2.349154 -0.412070 0.091468 9.686733
88.503 2.360334 -0.411318 0.052897 9.697939
88.603 2.371523 -0.410975 0.017990 9.709133
88.706 2.390933 -0.411382 -0.049903 9.728547
88.806 2.402181 -0.412186 -0.084810 9.739823
88.905 2.407977 -0.412750 -0.100518 9.745648
89.003 2.433958 -0.416380 -0.172076 9.771880
89.105 2.497877 -0.400730 -0.208200 9.837687
89.203 2.523756 -0.397534 -0.244017 9.863763
89.303 2.542987 -0.403027 -0.305103 9.883764
89.403 2.553952 -0.406776 -0.341755 9.895352
89.504 2.569805 -0.412947 -0.394115 9.912363
89.603 2.580657 -0.417670 -0.423786 9.924198
89.703 2.593478 -0.423836 -0.463928 9.938425
89.804 2.609115 -0.432240 -0.507561 9.956178
89.903 2.620128 -0.438538 -0.526760 9.968864
90.004 2.634596 -0.447351 -0.554685 9.985805
90.104 2.641927 -0.451970 -0.566903 9.994469
90.203 2.657534 -0.462330 -0.598319 10.013202
90.303 2.667220 -0.469088 -0.614027 10.025012
90.403 2.676892 -0.476033 -0.627989 10.036920
90.503 2.710310 -0.455524 -0.631039 10.076130
90.603 2.722650 -0.464853 -0.660709 10.091599
90.703 2.730608 -0.471218 -0.681653 10.101790
90.803 2.740554 -0.479607 -0.707833 10.114801
90.903 2.751313 -0.489165 -0.737504 10.129192
91.003 2.758544 -0.495887 -0.754957 10.139065
91.104 2.771741 -0.509007 -0.797019 10.157674
91.203 2.779925 -0.517691 -0.821629 10.169607
91.303 2.786861 -0.525252 -0.834195 10.179867
91.403 2.799553 -0.539422 -0.846936 10.198890
91.504 2.803407 -0.543828 -0.853917 10.204744
91.603 2.814788 -0.557251 -0.878352 10.222343
91.704 2.825765 -0.570970 -0.915178 10.239913
91.803 2.832077 -0.579339 -0.927570 10.250395
91.905 2.840580 -0.590897 -0.943453 10.264744
92.003 2.850844 -0.605366 -0.963175 10.282484
92.103 2.856370 -0.613530 -0.983944 10.292342
92.203 2.863019 -0.623783 -1.006808 10.304562
92.303 2.870402 -0.635622 -1.019374 10.318514
92.403 2.878737 -0.649714 -1.050790 10.334887
92.503 2.882415 -0.656276 -1.064753 10.342410
92.603 2.889350 -0.669380 -1.096169 10.357235
92.703 2.893316 -0.677188 -1.103150 10.365993
92.803 2.901153 -0.693068 -1.118858 10.383702
92.907 2.906148 -0.703500 -1.127585 10.395268
93.003 2.919516 -0.658683 -1.225155 10.442036
93.104 2.925298 -0.675161 -1.237372 10.459498
93.203 2.929076 -0.686283 -1.247844 10.471244
93.304 2.933620 -0.699891 -1.251335 10.485591
93.403 2.937164 -0.710623 -1.253080 10.496893
93.503 2.943079 -0.729561 -1.274024 10.516733
93.603 2.946281 -0.740310 -1.284496 10.527949
93.703 2.949320 -0.750975 -1.298458 10.539038
93.803 2.952703 -0.763476 -1.312421 10.551990
93.906 2.956380 -0.778100 -1.331620 10.567068
94.003 2.958588 -0.787441 -1.342092 10.576666
94.107 2.961843 -0.802121 -1.361290 10.591703
94.203 2.963093 -0.808390 -1.401433 10.598095
94.303 2.963189 -0.809015 -1.460774 10.598728
94.403 2.963156 -0.808717 -1.541059 10.599027
94.519 2.963153 -0.808695 -1.617854 10.599050
94.603 2.963162 -0.808569 -1.649270 10.599175
94.703 2.963131 -0.808873 -1.708611 10.599481
94.804 2.963103 -0.808984 -1.773188 10.599594
94.903 2.963095 -0.809023 -1.802859 10.599634
95.003 2.963043 -0.809176 -1.863945 10.599796
95.121 2.961246 -0.815162 -1.862025 10.606046
95.203 2.958245 -0.825225 -1.856615 10.616547
95.303 3.009998 -0.825358 -1.926685 10.668301
95.404 3.005898 -0.836646 -1.914118 10.680310
95.503 3.003035 -0.844790 -1.907137 10.688943
95.603 2.998261 -0.858295 -1.936808 10.703266
95.704 2.997800 -0.859468 -1.983931 10.704527
95.813 2.998069 -0.858888 -2.041527 10.705167
95.903 2.997786 -0.859386 -2.128794 10.705741
96.004 2.997827 -0.859336 -2.200352 10.705805
96.103 2.997859 -0.859293 -2.273656 10.705859
96.204 2.998101 -0.859030 -2.319035 10.706216
96.304 2.997957 -0.859173 -2.366159 10.706419
96.405 2.998079 -0.859064 -2.423754 10.706583
96.505 3.002414 -0.892873 -2.481578 10.740669
96.604 3.006607 -0.934303 -2.532016 10.782311
96.704 3.007082 -0.933971 -2.530271 10.782890
96.803 3.007047 -0.933996 -2.530271 10.782933
96.903 3.007047 -0.933996 -2.530271 10.782933
97.004 3.007047 -0.933996 -2.530271 10.782933
97.103 3.007521 -0.933653 -2.509327 10.783518
97.204 3.009736 -0.931842 -2.422060 10.786379
97.313 3.011797 -0.929897 -2.366210 10.789213
97.404 3.012998 -0.928576 -2.273707 10.790999
97.503 3.014627 -0.926346 -2.142808 10.793760
97.603 3.015242 -0.925236 -2.024300 10.795029
97.703 3.015737 -0.924075 -1.889735 10.796292
97.803 3.015416 -0.925286 -1.802468 10.797544
97.903 3.015087 -0.927233 -1.690767 10.799519
98.003 3.059236 -0.903868 -1.428886 10.849469
98.106 3.063050 -0.904783 -1.322467 10.853392
98.208 3.065843 -0.913904 -1.245672 10.862930
98.303 3.073821 -0.932888 -1.126990 10.883523
98.404 3.076790 -0.938784 -1.097319 10.890124
98.503 3.090916 -0.962208 -0.977066 10.917479
98.604 3.098023 -0.978614 -0.909862 10.935358
98.713 3.105607 -0.987714 -0.855757 10.947203
98.804 3.113215 -0.995920 -0.805143 10.958393
98.906 3.127207 -1.009132 -0.726603 10.977638
99.015 3.135888 -1.016478 -0.688206 10.989009
99.104 3.144699 -1.023389 -0.653299 11.000207
99.203 3.135398 -1.068511 -0.620161 11.046278
99.303 3.144992 -1.075059 -0.587000 11.057893
99.403 3.155172 -1.081413 -0.541621 11.069893
99.503 3.173118 -1.091233 -0.475299 11.090350
99.603 3.182995 -1.096134 -0.447374 11.101377
99.703 3.197502 -1.102595 -0.403740 11.117257
99.803 3.210649 -1.107931 -0.370579 11.131445
99.906 3.221457 -1.111923 -0.342654 11.142967
100.004 3.236243 -1.116908 -0.311238 11.158571
100.103 3.248421 -1.120582 -0.281567 11.171291
100.203 3.259412 -1.123654 -0.262369 11.182704
100.310 3.289321 -1.111631 -0.254012 11.214939
100.404 3.294411 -1.112867 -0.231323 11.220177
100.503 3.315047 -1.116723 -0.152783 11.241170
100.603 3.332737 -1.118821 -0.095187 11.258984
100.705 3.344318 -1.119640 -0.056790 11.270594
100.807 3.359988 -1.120056 -0.004430 11.286270
100.903 3.372683 -1.119806 0.035713 11.298967
101.012 3.386903 -1.119001 0.069048 11.313209
101.104 3.397477 -1.118098 0.098893 11.323822
101.203 3.411813 -1.116325 0.142527 11.338267
101.304 3.421853 -1.114726 0.168707 11.348434
101.403 3.439139 -1.111460 0.200123 11.366026
101.503 3.453791 -1.108196 0.231713 11.381037
101.603 3.428756 -1.075791 0.252696 11.421986
101.707 3.443326 -1.071798 0.277480 11.437094
101.803 3.455102 -1.068332 0.291443 11.449369
101.903 3.465355 -1.065112 0.310641 11.460115
102.003 3.481489 -1.059677 0.335076 11.477141
102.103 3.494915 -1.054865 0.348864 11.491403
102.203 3.504806 -1.051192 0.356020 11.501954
102.304 3.515151 -1.047271 0.363176 11.513017
102.403 3.534380 -1.039973 0.361430 11.533585
102.503 3.545540 -1.035743 0.361430 11.545519
102.603 3.562112 -1.029478 0.361430 11.563235
102.703 3.567724 -1.027356 0.361430 11.569236
102.804 3.586614 -1.020295 0.356020 11.589402
102.903 3.602339 -1.014490 0.352355 11.606164
103.003 3.616345 -1.009350 0.350609 11.621084
103.108 3.627164 -1.005410 0.346944 11.632598
103.203 3.643126 -0.999662 0.343279 11.649563
103.304 3.656081 -0.995054 0.341359 11.663313
103.403 3.667329 -0.991074 0.339614 11.675245
103.503 3.678355 -0.987191 0.337694 11.686935
103.604 3.696203 -0.980964 0.335948 11.705837
103.703 3.706724 -0.977328 0.332283 11.716969
103.804 3.723360 -0.971612 0.330363 11.734560
103.904 3.737363 -0.966815 0.332283 11.749362
104.004 3.748504 -0.962970 0.332283 11.761148
104.103 3.765751 -0.956991 0.334029 11.779402
104.203 3.780118 -0.951974 0.335948 11.794620
104.303 3.791340 -0.948015 0.339614 11.806519
104.404 3.808124 -0.942064 0.341359 11.824327
104.503 3.821546 -0.937266 0.343279 11.838580
104.603 3.831922 -0.933542 0.345024 11.849605
104.704 3.848914 -0.921441 0.332161 11.870465
104.803 3.881244 -0.886999 0.286512 11.917704
104.909 3.897780 -0.882100 0.290177 11.934951
105.003 3.909725 -0.878514 0.293842 11.947422
105.104 3.914771 -0.876987 0.293842 11.952694
105.203 3.937360 -0.870101 0.297508 11.976309
105.304 3.951364 -0.865786 0.299253 11.990963
105.403 3.957010 -0.864032 0.301173 11.996875
105.503 3.979923 -0.856880 0.302918 12.020878
105.603 3.993555 -0.852597 0.304838 12.035167
105.703 3.998764 -0.850958 0.304838 12.040628
105.803 4.018118 -0.844846 0.308503 12.060924
105.904 4.029680 -0.841162 0.308503 12.073059
106.004 4.045400 -0.836100 0.312168 12.089574
106.103 4.061376 -0.830885 0.315834 12.106379
106.203 4.075983 -0.826089 0.317579 12.121754
106.303 4.086953 -0.822460 0.319499 12.133308
106.403 4.101495 -0.817649 0.319499 12.148626
106.523 4.113471 -0.813687 0.319499 12.161240
106.603 4.121699 -0.810965 0.319499 12.169907
106.706 4.133035 -0.807234 0.317579 12.181841
106.803 4.141790 -0.804366 0.315834 12.191054
106.905 4.146878 -0.802704 0.315834 12.196406
107.003 4.147866 -0.802381 0.315834 12.197445
107.103 4.147572 -0.802477 0.315834 12.197755
107.204 4.147496 -0.802501 0.315834 12.197834
107.304 4.147496 -0.802501 0.315834 12.197834
107.404 4.147496 -0.802501 0.315834 12.197834
107.503 4.147496 -0.802501 0.315834 12.197834
107.603 4.147496 -0.802501 0.315834 12.197834
107.703 4.147496 -0.802501 0.315834 12.197834
107.810 4.147496 -0.802501 0.315834 12.197834
107.904 4.145612 -0.797432 0.319433 12.203242
108.003 4.118216 -0.732958 0.364241 12.273296
108.105 4.118216 -0.732958 0.364241 12.273296
108.203 4.118216 -0.732958 0.364241 12.273296
108.304 4.118360 -0.732903 0.364241 12.273450
108.404 4.119990 -0.732264 0.376633 12.275200
108.503 4.127364 -0.729171 0.409794 12.283197
108.606 4.144101 -0.721057 0.476117 12.301797
108.704 4.154817 -0.715192 0.516259 12.314013
108.803 4.164690 -0.709280 0.552911 12.325521
108.903 4.181510 -0.698087 0.613998 12.345725
109.003 4.190624 -0.691363 0.648905 12.357051
109.104 4.199457 -0.684384 0.680320 12.368308
109.203 4.214851 -0.671285 0.722208 12.388521
109.304 4.224234 -0.662893 0.737916 12.401109
109.404 4.232036 -0.655607 0.755370 12.411785
109.503 4.245483 -0.642414 0.792022 12.430622
109.603 4.253161 -0.634496 0.805984 12.441652
109.704 4.260682 -0.626476 0.826928 12.452647
109.804 4.268404 -0.617978 0.837400 12.464129
109.903 4.278399 -0.606614 0.856599 12.479263
110.004 4.287478 -0.595926 0.872307 12.493286
110.104 4.300468 -0.580129 0.888015 12.513738
110.206 4.305891 -0.573436 0.889760 12.522353
110.303 4.314353 -0.562905 0.896741 12.535863
110.404 4.323991 -0.550792 0.900232 12.551342
110.503 4.332623 -0.535375 0.920480 12.569011
110.604 4.320596 -0.497072 1.003824 12.609158
110.703 4.330343 -0.481655 1.010806 12.627398
110.810 4.338551 -0.468030 1.038731 12.643303
110.903 4.345176 -0.456483 1.058104 12.656617
111.004 4.350774 -0.446064 1.089695 12.668444
111.105 4.357375 -0.432705 1.124427 12.683345
111.204 4.364638 -0.416888 1.154446 12.700750
111.303 4.369369 -0.405588 1.183942 12.713000
111.403 4.373632 -0.395035 1.191273 12.724382
111.503 4.380122 -0.378287 1.212391 12.742343
111.603 4.384057 -0.367395 1.231764 12.753925
111.703 4.387826 -0.356180 1.252534 12.765756
111.803 4.394138 -0.335847 1.282379 12.787046
111.903 4.397416 -0.324390 1.298436 12.798963
112.003 4.400385 -0.312955 1.326361 12.810777
112.103 4.403621 -0.298968 1.352716 12.825133
112.203 4.407086 -0.282142 1.382561 12.842312
112.303 4.408992 -0.271586 1.400014 12.853039
112.403 4.410785 -0.260604 1.417468 12.864166
112.503 4.413509 -0.240361 1.452723 12.884592
112.603 4.414834 -0.228635 1.465115 12.896393
112.703 4.415986 -0.217068 1.473667 12.908017
112.804 4.417435 -0.199907 1.495135 12.925239
112.903 4.418325 -0.186419 1.510843 12.938756
113.003 4.419188 -0.172039 1.510843 12.953162
113.112 4.419580 -0.165636 1.509097 12.959577
113.203 4.333744 -0.131343 1.635564 13.052009
113.304 4.333258 -0.123265 1.624917 13.060102
113.404 4.332899 -0.111767 1.590011 13.071605
113.503 4.333086 -0.093505 1.539571 13.089868
113.603 4.333866 -0.080026 1.494017 13.103370
113.703 4.335580 -0.063831 1.450210 13.119655
113.803 4.336353 -0.057594 1.446544 13.125939
113.903 4.338986 -0.039642 1.411289 13.144084
114.011 4.341492 -0.025351 1.390345 13.158593
114.104 4.344851 -0.008843 1.358929 13.175439
114.204 4.347230 0.001959 1.353518 13.186500
114.304 4.351740 0.021909 1.346188 13.206954
114.407 4.354331 0.033060 1.340603 13.218402
114.503 4.355600 0.038431 1.338858 13.223921
114.603 4.360237 0.057462 1.326291 13.243508
114.703 4.362941 0.068167 1.322626 13.254549
114.803 4.363607 0.070797 1.322626 13.257262
114.903 4.364832 0.075628 1.322626 13.262247
115.003 4.366003 0.080252 1.322626 13.267017
115.103 4.367458 0.085961 1.320706 13.272908
115.203 4.368292 0.089228 1.320706 13.276280
115.303 4.368704 0.090839 1.320706 13.277942
115.408 4.370344 0.097259 1.320706 13.284568
115.508 4.371034 0.099961 1.320706 13.287358
115.604 4.372399 0.105306 1.320706 13.292874
115.703 4.373802 0.110800 1.320706 13.298544
115.804 4.375152 0.116082 1.320706 13.303996
115.903 4.375785 0.118560 1.320706 13.306554
116.004 4.377098 0.123703 1.320706 13.311861
116.104 4.378265 0.128244 1.318961 13.316551
116.203 4.379462 0.132919 1.320706 13.321376
116.309 4.380304 0.136215 1.320706 13.324778
116.403 4.380745 0.137942 1.320706 13.326560
116.503 4.371281 0.172420 1.238276 13.362313
116.603 4.372341 0.175488 1.238276 13.365559
116.708 4.373483 0.178794 1.238276 13.369057
116.803 4.374399 0.181448 1.238276 13.371864
116.906 4.376831 0.188488 1.238276 13.379313
117.003 4.378013 0.191911 1.238276 13.382935
117.104 4.380138 0.198065 1.238276 13.389445
117.203 4.381378 0.201657 1.238276 13.393245
117.308 4.381965 0.203361 1.240196 13.395047
117.405 4.383690 0.208376 1.238276 13.400351
117.503 4.385735 0.214297 1.238276 13.406615
117.603 4.386951 0.217820 1.238276 13.410342
117.705 4.388238 0.221611 1.267947 13.414345
117.803 4.388537 0.222670 1.315071 13.415446
117.904 4.388485 0.222436 1.356959 13.415686
118.005 4.388516 0.222670 1.468660 13.415923
118.104 4.388510 0.222570 1.524510 13.416023
118.203 4.388509 0.222630 1.566398 13.416083
118.303 4.388493 0.222969 1.681590 13.416423
118.403 4.388548 0.222591 1.754894 13.416804
118.503 4.388487 0.222849 1.814235 13.417069
118.604 4.388800 0.221618 1.821216 13.418339
118.703 4.388910 0.221201 1.812490 13.418771
118.804 4.387930 0.225579 1.782819 13.423258
118.908 4.386327 0.232342 1.763459 13.430208
119.003 4.373999 0.249677 1.799071 13.451480
119.103 4.371308 0.261755 1.786853 13.463854
119.203 4.367737 0.278907 1.767655 13.481374
119.303 4.364902 0.293550 1.751772 13.496289
119.403 4.362921 0.305392 1.729083 13.508295
119.503 4.360494 0.322651 1.696096 13.525724
119.603 4.359189 0.334437 1.671313 13.537582
119.703 4.357837 0.351800 1.638151 13.554997
119.804 4.357235 0.360862 1.634835 13.564080
119.904 4.356203 0.378307 1.627505 13.581555
120.003 4.355237 0.395918 1.623840 13.599192
120.103 4.354473 0.410894 1.615113 13.614188
120.203 4.353946 0.425259 1.606037 13.628562
120.304 4.353665 0.433956 1.602372 13.637265
120.404 4.353105 0.454774 1.595042 13.658090
120.503 4.352962 0.460882 1.593296 13.664200
120.606 4.352493 0.484672 1.589631 13.687995
120.704 4.352229 0.499632 1.587711 13.702957
120.804 4.352137 0.505363 1.585966 13.708688
120.903 4.351874 0.526031 1.582301 13.729358
121.003 4.351691 0.543382 1.580381 13.746710
121.103 4.351570 0.555405 1.580381 13.758733
121.203 4.351481 0.564175 1.582301 13.767503
121.303 4.351174 0.587414 1.585966 13.790745
121.403 4.350912 0.601919 1.589631 13.805252
121.503 4.350663 0.613482 1.593296 13.816818
121.603 4.350225 0.630245 1.598707 13.833587
121.707 4.349764 0.644584 1.606037 13.847933
121.803 4.349343 0.656350 1.607957 13.859707
121.903 4.348870 0.668638 1.609703 13.872003
122.003 4.345241 0.705491 1.574513 13.909035
122.103 4.335805 0.728038 1.539745 13.933477
122.203 4.336095 0.751739 1.569765 13.957180
122.304 4.335954 0.763790 1.589138 13.969232
122.403 4.335352 0.778544 1.624219 13.983998
122.503 4.334055 0.795852 1.660697 14.001354
122.604 4.332934 0.806866 1.681815 14.012425
122.704 4.331617 0.817343 1.706250 14.022985
122.803 4.328523 0.836938 1.744647 14.042822
122.903 4.326373 0.848345 1.763846 14.054430
123.003 4.323106 0.863692 1.791771 14.070122
123.107 4.322024 0.868430 1.797007 14.074981
123.204 4.318140 0.884126 1.824932 14.091151
123.303 4.312778 0.903377 1.852857 14.111134
123.403 4.309522 0.914504 1.856348 14.122728
123.503 4.306011 0.926386 1.859839 14.135118
123.603 4.300191 0.945919 1.861584 14.155500
123.703 4.296814 0.957205 1.861584 14.167280
123.803 4.293525 0.968194 1.861584 14.178751
123.903 4.287951 0.986769 1.863329 14.198144
124.003 4.284439 0.998228 1.868565 14.210129
124.106 4.280064 1.012397 1.872056 14.224957
124.203 4.275102 1.028268 1.875547 14.241586
124.303 4.271746 1.038923 1.877292 14.252757
124.404 4.268562 1.048746 1.886019 14.263084
124.503 4.262621 1.066633 1.898236 14.281932
124.604 4.258643 1.077808 1.917435 14.293793
124.703 4.254593 1.088636 1.938378 14.305354
124.804 4.246858 1.108472 1.945360 14.326645
124.903 4.242549 1.119377 1.948850 14.338371
125.004 4.238643 1.129214 1.948850 14.348955
125.103 4.228670 1.143862 1.955141 14.366675
125.203 4.086918 1.122439 2.044205 14.510036
125.304 4.081259 1.133588 2.025006 14.522539
125.403 4.077740 1.141381 1.976137 14.531090
125.503 4.075601 1.146770 1.930758 14.536888
125.603 4.073463 1.153150 1.871417 14.543617
125.703 4.070723 1.163884 1.782405 14.554695
125.814 4.069737 1.169292 1.735281 14.560192
125.903 4.068435 1.182220 1.623580 14.573185
126.003 4.068361 1.183628 1.623580 14.574595
126.103 4.068318 1.184381 1.632307 14.575350
126.203 4.068016 1.188073 1.658487 14.579054
126.303 4.066855 1.199305 1.689903 14.590346
126.405 4.065337 1.209636 1.728300 14.600788
126.503 4.063253 1.220866 1.770188 14.612209
126.603 4.060406 1.233421 1.812076 14.625084
126.704 4.056388 1.247744 1.866181 14.639959
126.804 4.052156 1.260327 1.916796 14.653235
126.903 4.032106 1.285122 2.077045 14.685122
127.003 4.026241 1.295203 2.110206 14.696785
127.109 4.016743 1.310055 2.159075 14.714414
127.203 4.009523 1.320593 2.183510 14.727189
127.303 4.003381 1.329085 2.206199 14.737669
127.405 3.994359 1.341140 2.216671 14.752726
127.503 3.989743 1.347145 2.230634 14.760300
127.604 3.977431 1.362648 2.249832 14.780098
127.703 3.969785 1.371878 2.267286 14.792083
127.804 3.962842 1.380071 2.276012 14.802822
127.903 3.950844 1.393857 2.307428 14.821098
128.006 3.942807 1.402155 2.356297 14.832650
128.103 3.934533 1.409955 2.403421 14.844021
128.204 3.920826 1.422178 2.415639 14.862386
128.303 3.913339 1.428771 2.424365 14.872363
128.403 3.904285 1.436054 2.481961 14.883982
128.503 3.848062 1.447919 2.595140 14.941443
128.603 3.837583 1.454214 2.600202 14.953668
128.703 3.828353 1.459764 2.600202 14.964438
128.803 3.814512 1.468193 2.591301 14.980644
128.903 3.807067 1.472863 2.578909 14.989432
129.003 3.798814 1.477824 2.610325 14.999061
129.103 3.783192 1.486355 2.667921 15.016861
129.203 3.773822 1.490911 2.701256 15.027280
129.304 3.764221 1.495221 2.727436 15.037804
129.404 3.754549 1.499229 2.760772 15.048273
129.503 3.735158 1.506320 2.813132 15.068921
129.604 3.722986 1.510268 2.834076 15.081716
129.703 3.703895 1.515890 2.871077 15.101618
129.803 3.693783 1.518581 2.888530 15.112082
129.904 3.683784 1.521008 2.911220 15.122371
130.007 3.669612 1.524148 2.932164 15.136887
130.104 3.660166 1.525990 2.994995 15.146511
130.203 3.658560 1.526188 3.085752 15.148129
130.303 3.653898 1.506810 3.128575 15.168060
130.403 3.650626 1.499087 -3.072085 15.176447
130.504 3.650607 1.499085 -2.960384 15.176466
130.604 3.650351 1.499010 -2.888826 15.176733
130.703 3.650415 1.499021 -2.801559 15.176797
130.803 3.650053 1.498890 -2.730001 15.177182
130.904 3.650288 1.499004 -2.674150 15.177445
131.003 3.650041 1.498873 -2.642734 15.177724
131.103 3.651528 1.472425 -2.536132 15.204214
131.204 3.651167 1.472167 -2.520424 15.204659
131.303 3.651185 1.472180 -2.520424 15.204681
131.403 3.651298 1.472261 -2.520424 15.204820
131.503 3.651298 1.472261 -2.520424 15.204820
131.604 3.651298 1.472261 -2.520424 15.204820
131.718 3.651298 1.472261 -2.520424 15.204820
131.803 3.651298 1.472261 -2.520424 15.204820
131.903 3.651298 1.472261 -2.520424 15.204820
132.003 3.651298 1.472261 -2.520424 15.204820
132.103 3.651281 1.472249 -2.520424 15.204841
132.203 3.647964 1.469909 -2.530896 15.208900
132.303 3.635868 1.461482 -2.537878 15.223643
132.408 3.629583 1.457220 -2.546604 15.231236
132.504 3.621435 1.451766 -2.555331 15.241041
132.603 3.611813 1.445437 -2.565803 15.252558
132.704 3.605554 1.441382 -2.567548 15.260015
132.803 3.598705 1.436988 -2.574704 15.268153
132.903 3.588585 1.430584 -2.576624 15.280129
133.003 3.586745 1.429413 -2.574704 15.282310
133.103 3.585798 1.428808 -2.571214 15.283433
133.203 3.585916 1.428884 -2.571214 15.283573
133.304 3.585950 1.428905 -2.571214 15.283613
133.403 3.585950 1.428905 -2.571214 15.283613
133.503 3.585950 1.428905 -2.572959 15.283613
133.604 3.585950 1.428905 -2.574704 15.283613
133.703 3.585967 1.428916 -2.574704 15.283633
133.805 3.586068 1.428980 -2.574704 15.283753
133.903 3.586051 1.428970 -2.580115 15.283773
134.003 3.586035 1.428960 -2.580115 15.283792
134.104 3.586017 1.428948 -2.580115 15.283813
134.204 3.598571 1.434463 -2.635407 15.297526
134.303 3.600047 1.432424 -2.717091 15.300043
134.403 3.599977 1.432392 -2.722502 15.300120
134.504 3.599995 1.432400 -2.727912 15.300140
134.603 3.600087 1.432440 -2.731578 15.300240
134.703 3.600141 1.432464 -2.733323 15.300300
134.803 3.600086 1.432440 -2.740653 15.300360
134.903 3.600197 1.432487 -2.744144 15.300481
135.003 3.600344 1.432549 -2.746064 15.300640
135.104 3.600567 1.432641 -2.749554 15.300881
135.203 3.600769 1.432725 -2.751300 15.301100
135.304 3.601029 1.432831 -2.754790 15.301381
135.403 3.601179 1.432892 -2.756536 15.301543
135.503 3.601197 1.432899 -2.758281 15.301562
135.603 3.601197 1.432899 -2.761772 15.301562
135.703 3.601159 1.432884 -2.765262 15.301603
135.803 3.601140 1.432877 -2.767008 15.301623
135.904 3.601216 1.432906 -2.770498 15.301703
136.003 3.601440 1.432993 -2.775734 15.301944
136.104 3.601664 1.433078 -2.780970 15.302184
136.203 3.601797 1.433127 -2.784461 15.302325
136.303 3.601741 1.433107 -2.787952 15.302385
136.403 3.601460 1.433004 -2.793188 15.302685
136.504 3.601120 1.432881 -2.796678 15.303045
136.603 3.601120 1.432881 -2.798424 15.303045
136.703 3.601139 1.432888 -2.800169 15.303065
136.803 3.601139 1.432888 -2.805405 15.303065
136.904 3.601234 1.432921 -2.807150 15.303166
137.003 3.601498 1.433012 -2.810641 15.303445
137.103 3.601591 1.433044 -2.808896 15.303544
137.203 3.598068 1.431818 -2.807150 15.307274
137.303 3.591050 1.429369 -2.803660 15.314707
137.404 3.572557 1.433878 -2.861787 15.333742
137.503 3.564966 1.431686 -2.860042 15.341643
137.603 3.557497 1.429523 -2.860042 15.349419
137.703 3.546370 1.426311 -2.860042 15.361000
137.803 3.534702 1.422933 -2.861787 15.373147
137.903 3.529296 1.421370 -2.858297 15.378775
138.003 3.517834 1.418054 -2.860042 15.390707
138.105 3.512000 1.416356 -2.858297 15.396784
138.203 3.500079 1.412890 -2.858297 15.409198
138.303 3.488586 1.409544 -2.858297 15.421168
138.406 3.479193 1.406805 -2.858297 15.430953
138.503 3.471572 1.404587 -2.858297 15.438890
138.603 3.459490 1.401065 -2.856551 15.451474
138.703 3.449755 1.398216 -2.856551 15.461618
138.803 3.442616 1.396132 -2.856551 15.469054
138.904 3.430868 1.392689 -2.856551 15.481296
139.003 3.421260 1.389874 -2.856551 15.491309
139.103 3.413698 1.387650 -2.854806 15.499191
139.203 3.402186 1.384260 -2.853061 15.511191
139.305 3.396719 1.382637 -2.853061 15.516895
139.403 3.385140 1.379219 -2.856551 15.528967
139.503 3.373720 1.375848 -2.853061 15.540875
139.603 3.363897 1.372944 -2.854806 15.551118
139.703 3.356698 1.370814 -2.853061 15.558625
139.803 3.344814 1.367286 -2.853061 15.571022
139.903 3.335278 1.364456 -2.853061 15.580969
140.003 3.327813 1.362251 -2.854806 15.588753
140.103 3.319139 1.359693 -2.854806 15.597796
140.203 3.318472 1.359495 -2.853061 15.598492
140.303 3.318905 1.359623 -2.856551 15.598943
140.403 3.319010 1.359654 -2.856551 15.599052
140.503 3.318972 1.359642 -2.858297 15.599092
140.603 3.310783 1.315920 -2.842484 15.643575
140.703 3.310592 1.315861 -2.842484 15.643775
140.803 3.310440 1.315814 -2.844230 15.643935
140.903 3.310342 1.315784 -2.847720 15.644036
141.003 3.310189 1.315738 -2.849466 15.644197
141.103 3.310151 1.315727 -2.851211 15.644236
141.204 3.310113 1.315715 -2.854702 15.644276
141.304 3.310092 1.315709 -2.854702 15.644298
141.403 3.309937 1.315663 -2.854702 15.644460
141.503 3.309937 1.315663 -2.854702 15.644460
141.604 3.309937 1.315663 -2.854702 15.644460
141.703 3.309937 1.315663 -2.854702 15.644460
141.803 3.310015 1.315686 -2.854702 15.644541
141.903 3.309939 1.315664 -2.854702 15.644619
142.003 3.309939 1.315664 -2.854702 15.644619
142.103 3.309939 1.315664 -2.854702 15.644619
142.203 3.309939 1.315664 -2.854702 15.644619
142.303 3.309939 1.315664 -2.854702 15.644619
142.403 3.309939 1.315664 -2.854702 15.644619
142.503 3.309939 1.315664 -2.854702 15.644619
142.603 3.309939 1.315664 -2.854702 15.644619
142.703 3.309939 1.315664 -2.854702 15.644619
142.803 3.309939 1.315664 -2.854702 15.644619
142.903 3.309901 1.315653 -2.854702 15.644659
143.003 3.309901 1.315653 -2.854702 15.644659
143.103 3.309901 1.315653 -2.854702 15.644659
143.203 3.309901 1.315653 -2.854702 15.644659
143.303 3.309901 1.315653 -2.854702 15.644659
143.403 3.309901 1.315653 -2.854702 15.644659
143.504 3.309901 1.315653 -2.854702 15.644659
143.603 3.316328 1.322168 -2.855590 15.653810
143.703 3.316328 1.322168 -2.855590 15.653810
143.803 3.316328 1.322168 -2.855590 15.653810
143.903 3.316328 1.322168 -2.855590 15.653810
144.003 3.316328 1.322168 -2.855590 15.653810
144.103 3.316328 1.322168 -2.855590 15.653810
144.203 3.316328 1.322168 -2.855590 15.653810
144.303 3.316328 1.322168 -2.855590 15.653810
144.403 3.316328 1.322168 -2.855590 15.653810
144.503 3.316328 1.322168 -2.855590 15.653810
144.603 3.316328 1.322168 -2.855590 15.653810
144.703 3.316328 1.322168 -2.855590 15.653810
144.803 3.316328 1.322168 -2.855590 15.653810
144.903 3.316328 1.322168 -2.855590 15.653810
145.003 3.316328 1.322168 -2.855590 15.653810
145.103 3.316328 1.322168 -2.855590 15.653810
145.203 3.316328 1.322168 -2.855590 15.653810
145.303 3.316328 1.322168 -2.855590 15.653810
145.403 3.316328 1.322168 -2.855590 15.653810
145.504 3.316328 1.322168 -2.855590 15.653810
145.603 3.316328 1.322168 -2.855590 15.653810
145.703 3.316328 1.322168 -2.855590 15.653810
145.803 3.316328 1.322168 -2.855590 15.653810
145.903 3.316328 1.322168 -2.855590 15.653810
146.003 3.316328 1.322168 -2.855590 15.653810
146.103 3.316328 1.322168 -2.855590 15.653810
146.203 3.316328 1.322168 -2.855590 15.653810
146.303 3.316328 1.322168 -2.855590 15.653810
146.403 3.316328 1.322168 -2.855590 15.653810
146.503 3.316328 1.322168 -2.855590 15.653810
146.603 3.316328 1.323731 -2.855590 15.655373
146.703 3.316328 1.323731 -2.855590 15.655373
146.803 3.316328 1.323731 -2.855590 15.655373
146.903 3.316328 1.323731 -2.855590 15.655373
147.003 3.316328 1.323731 -2.855590 15.655373
147.103 3.316328 1.323731 -2.855590 15.655373
147.203 3.316328 1.323731 -2.855590 15.655373
147.303 3.316328 1.323731 -2.855590 15.655373
147.403 3.316328 1.323731 -2.855590 15.655373
147.503 3.316328 1.323731 -2.855590 15.655373
147.603 3.316328 1.323731 -2.855590 15.655373
147.703 3.316328 1.323731 -2.855590 15.655373
147.803 3.316328 1.323731 -2.855590 15.655373
147.904 3.316328 1.323731 -2.855590 15.655373
148.003 3.316328 1.323731 -2.855590 15.655373
148.103 3.316328 1.323731 -2.855590 15.655373
148.203 3.316328 1.323731 -2.855590 15.655373
148.304 3.316328 1.323731 -2.855590 15.655373
148.403 3.316328 1.323731 -2.855590 15.655373
148.504 3.316328 1.323731 -2.855590 15.655373
148.603 3.316328 1.323731 -2.855590 15.655373
148.703 3.316328 1.323731 -2.855590 15.655373
148.803 3.316328 1.323731 -2.855590 15.655373
148.903 3.316328 1.323731 -2.855590 15.655373
149.003 3.316328 1.323731 -2.855590 15.655373
149.103 3.316328 1.323731 -2.855590 15.655373
149.203 3.316328 1.323731 -2.855590 15.655373
149.303 3.316328 1.323731 -2.855590 15.655373
149.403 3.316328 1.323731 -2.855590 15.655373
149.503 3.316328 1.323731 -2.855590 15.655373
149.603 3.316328 1.323731 -2.855590 15.655373
149.703 3.316334 1.323525 -2.855777 15.655578
149.803 3.316374 1.322011 -2.857153 15.657093
149.903 3.316374 1.322011 -2.857153 15.657093
150.003 3.316374 1.322011 -2.857153 15.657093
150.104 3.316374 1.322011 -2.857153 15.657093
150.203 3.316374 1.322011 -2.857153 15.657093
150.304 3.316374 1.322011 -2.857153 15.657093
150.403 3.316374 1.322011 -2.857153 15.657093
150.503 3.316374 1.322011 -2.857153 15.657093
150.603 3.316374 1.322011 -2.857153 15.657093
150.703 3.316374 1.322011 -2.857153 15.657093
150.803 3.316374 1.322011 -2.857153 15.657093
150.903 3.316374 1.322011 -2.857153 15.657093
151.003 3.316374 1.322011 -2.857153 15.657093
151.103 3.316374 1.322011 -2.857153 15.657093
151.203 3.316374 1.322011 -2.857153 15.657093
151.303 3.316374 1.322011 -2.857153 15.657093
151.403 3.316374 1.322011 -2.857153 15.657093
151.503 3.316374 1.322011 -2.857153 15.657093
151.603 3.316374 1.322011 -2.857153 15.657093
151.703 3.316374 1.322011 -2.857153 15.657093
151.803 3.316374 1.322011 -2.857153 15.657093
151.903 3.316374 1.322011 -2.857153 15.657093
152.003 3.316374 1.322011 -2.857153 15.657093
152.103 3.316374 1.322011 -2.857153 15.657093
152.203 3.316393 1.322016 -2.857153 15.657113
152.303 3.316393 1.322016 -2.857153 15.657113
152.403 3.316393 1.322016 -2.857153 15.657113
152.503 3.316393 1.322016 -2.857153 15.657113
152.603 3.316393 1.322016 -2.857153 15.657113
152.703 3.316375 1.322011 -2.857153 15.657133
152.803 3.316336 1.321999 -2.857153 15.657173
152.903 3.316283 1.323326 -2.855942 15.658501
153.003 3.316253 1.323709 -2.855589 15.658885
153.103 3.316253 1.323709 -2.855589 15.658885
153.204 3.316253 1.323709 -2.855589 15.658885
153.303 3.316253 1.323709 -2.855589 15.658885
153.403 3.316253 1.323709 -2.855589 15.658885
153.503 3.316253 1.323709 -2.855589 15.658885
153.603 3.316253 1.323709 -2.855589 15.658885
153.703 3.316253 1.323709 -2.855589 15.658885
153.803 3.316253 1.323709 -2.855589 15.658885
153.904 3.316253 1.323709 -2.855589 15.658885
154.003 3.316253 1.323709 -2.855589 15.658885
154.103 3.316253 1.323709 -2.855589 15.658885
