# t_sec x y yaw_rad cum_dist_m
0.103 0.004691 -0.000820 0.007813 0.000000
0.201 0.004691 -0.000820 0.007813 0.000000
0.301 0.004691 -0.000820 0.007813 0.000000
0.401 0.004691 -0.000820 0.007813 0.000000
0.501 0.004691 -0.000820 0.007813 0.000000
0.601 0.004691 -0.000820 0.007813 0.000000
0.701 0.004691 -0.000820 0.007813 0.000000
0.803 0.004691 -0.000820 0.007813 0.000000
0.907 0.004691 -0.000820 0.007813 0.000000
1.001 0.004591 -0.000821 0.013048 0.000100
1.103 0.004406 -0.000825 0.028756 0.000285
1.201 0.004250 -0.002396 0.051446 0.001863
1.303 0.004389 -0.002382 0.091588 0.002003
1.401 0.004322 -0.002388 0.117768 0.002070
1.502 0.004454 -0.002373 0.150929 0.002203
1.601 0.004160 -0.002426 0.192817 0.002502
1.701 0.004312 -0.002393 0.218997 0.002658
1.801 0.004527 -0.002341 0.247097 0.002878
1.901 0.004368 -0.002386 0.285494 0.003043
2.001 0.003889 -0.002533 0.309929 0.003544
2.101 0.004413 -0.002345 0.350246 0.004101
2.201 0.004344 -0.002381 0.388469 0.004178
2.302 0.004231 -0.002429 0.416569 0.004301
2.402 0.004505 -0.002302 0.444494 0.004603
2.501 0.004523 -0.002295 0.486382 0.004623
2.601 0.004326 -0.002401 0.516052 0.004846
2.701 0.004343 -0.002390 0.559686 0.004867
2.802 0.004243 -0.002454 0.570158 0.004985
2.902 0.005047 -0.001895 0.624263 0.005964
3.005 0.004350 -0.002424 0.659169 0.006839
3.101 -0.012186 -0.006951 0.736475 0.023983
3.201 -0.012997 -0.007150 0.759484 0.024818
3.302 -0.013169 -0.007319 0.797881 0.025058
3.401 -0.013127 -0.007275 0.813589 0.025118
3.501 -0.013367 -0.007549 0.867694 0.025482
3.601 -0.012992 -0.007085 0.907837 0.026079
3.704 -0.012995 -0.007088 0.928781 0.026082
3.802 -0.013211 -0.007378 0.975905 0.026444
3.901 -0.013212 -0.007380 1.009066 0.026447
4.001 -0.013170 -0.007312 1.031755 0.026528
4.101 -0.013288 -0.007538 1.078879 0.026783
4.202 -0.013262 -0.007485 1.112041 0.026842
4.301 -0.013051 -0.007033 1.141886 0.027340
4.401 -0.013282 -0.007584 1.176792 0.027938
4.501 -0.013227 -0.007415 1.220426 0.028115
4.602 -0.012808 -0.011525 1.258448 0.032247
4.701 -0.012797 -0.015435 1.295430 0.036156
4.801 -0.012726 -0.015149 1.335922 0.036450
4.901 -0.012679 -0.014938 1.361927 0.036666
5.001 -0.012716 -0.015096 1.400499 0.036828
5.101 -0.012713 -0.015105 1.433660 0.036838
5.201 -0.012754 -0.015449 1.459840 0.037185
5.302 -0.012676 -0.014578 1.493176 0.038060
5.401 -0.012690 -0.014936 1.536635 0.038419
5.501 -0.012692 -0.014939 1.562989 0.038423
5.601 -0.012692 -0.014942 1.599990 0.038426
5.701 -0.012683 -0.015160 1.631755 0.038644
5.801 -0.012683 -0.015141 1.652699 0.038662
5.901 -0.012672 -0.015263 1.698077 0.038785
6.002 -0.012736 -0.014828 1.734729 0.039225
6.101 -0.012728 -0.014866 1.759164 0.039263
6.202 -0.010551 -0.025565 1.804273 0.050182
6.301 -0.009296 -0.031833 1.852076 0.056574
6.401 -0.009283 -0.031868 1.876511 0.056612
6.501 -0.009243 -0.031991 1.906181 0.056741
6.601 -0.009136 -0.032271 1.956796 0.057040
6.701 -0.009319 -0.031850 1.986467 0.057499
6.801 -0.009264 -0.031958 2.024864 0.057619
6.902 -0.009204 -0.032085 2.061516 0.057760
7.001 -0.009260 -0.031978 2.085950 0.057881
7.101 -0.009240 -0.032014 2.113876 0.057922
7.201 -0.009219 -0.032051 2.162745 0.057965
7.301 -0.009243 -0.032019 2.194161 0.058005
7.401 -0.009064 -0.032261 2.218595 0.058306
7.505 -0.009709 -0.031448 2.260483 0.059343
7.601 -0.009292 -0.031934 2.288409 0.059983
7.701 -0.015552 0.009145 2.334390 0.101536
7.801 -0.015718 0.009313 2.367552 0.101772
7.901 -0.015616 0.009217 2.397222 0.101913
8.003 -0.015645 0.009243 2.435619 0.101952
8.104 -0.015474 0.009102 2.470526 0.102173
8.201 -0.015830 0.009370 2.501942 0.102619
8.302 -0.015634 0.009236 2.540688 0.102856
8.401 -0.015600 0.009214 2.574024 0.102896
8.501 -0.015651 0.009245 2.600029 0.102956
8.601 -0.015929 0.009401 2.631620 0.103275
8.701 -0.016035 0.009465 2.676999 0.103399
8.802 -0.015674 0.009291 2.703178 0.103800
8.907 -0.015584 0.009255 2.746812 0.103897
9.005 -0.015601 0.009260 2.773166 0.103914
9.102 -0.015789 0.009328 2.804408 0.104114
9.201 -0.015751 0.009317 2.835823 0.104154
9.301 -0.034931 0.005561 2.842087 0.123698
9.401 -0.034880 0.005550 2.870012 0.123751
9.502 -0.034404 0.005424 2.892701 0.124244
9.601 -0.034580 0.005450 2.943316 0.124421
9.701 -0.034541 0.005444 2.974732 0.124460
9.802 -0.034290 0.005404 3.004402 0.124715
9.902 -0.034470 0.005428 3.053272 0.124897
10.001 -0.034431 0.005426 3.072470 0.124936
10.101 -0.034722 0.005438 3.121339 0.125228
10.204 -0.034483 0.005438 -3.133921 0.125467
10.302 -0.034442 0.005438 -3.109486 0.125509
10.402 -0.035021 0.005404 -3.063933 0.126089
10.501 -0.034575 0.005446 -3.035833 0.126538
10.604 -0.034522 0.005453 -3.002497 0.126591
10.701 -0.034522 0.005453 -2.969336 0.126591
10.803 -0.034645 0.005430 -2.944902 0.126715
10.901 0.011112 -0.023151 -2.878943 0.180665
11.001 0.011108 -0.023154 -2.852763 0.180671
11.102 0.010688 -0.023287 -2.828329 0.181112
11.201 0.009313 -0.023733 -2.819602 0.182557
11.301 0.009653 -0.023617 -2.805640 0.182917
11.401 0.009618 -0.023631 -2.777714 0.182955
11.501 0.009784 -0.023560 -2.735826 0.183136
11.601 0.009714 -0.023591 -2.711217 0.183212
11.701 0.009640 -0.023627 -2.685037 0.183294
11.801 0.010189 -0.023338 -2.636168 0.183914
11.901 0.010138 -0.023368 -2.618715 0.183973
12.001 0.009987 -0.023455 -2.576827 0.184147
12.101 0.010089 -0.023389 -2.548902 0.184269
12.201 0.010316 -0.023225 -2.513995 0.184548
12.303 0.010541 -0.023056 -2.477343 0.184830
12.410 0.010448 -0.023132 -2.447672 0.184950
12.501 0.010523 -0.023066 -2.418002 0.185050
12.601 0.011353 -0.022919 -2.373785 0.185894
12.705 0.015521 -0.022755 -2.323522 0.190065
12.802 0.015922 -0.022309 -2.292107 0.190665
12.901 0.016238 -0.021945 -2.250219 0.191146
13.001 0.015978 -0.022278 -2.224039 0.191568
13.101 0.015893 -0.022392 -2.189132 0.191711
13.202 0.016104 -0.022076 -2.145499 0.192091
13.301 0.016199 -0.021923 -2.121064 0.192271
13.401 0.016048 -0.022182 -2.084412 0.192571
13.501 0.016226 -0.021848 -2.045841 0.192949
13.612 0.016361 -0.021580 -2.031878 0.193249
13.703 0.016304 -0.021710 -1.974282 0.193391
13.802 0.016285 -0.021751 -1.942866 0.193436
13.901 0.016409 -0.021412 -1.911450 0.193797
14.001 0.016399 -0.021448 -1.880034 0.193834
14.112 0.016347 -0.021621 -1.852284 0.194014
14.201 0.016360 -0.021562 -1.810221 0.194074
14.302 0.034921 0.025292 -1.687665 0.244471
14.401 0.034885 0.024875 -1.645778 0.244889
14.505 0.034878 0.024774 -1.617852 0.244991
14.601 0.034890 0.025157 -1.589752 0.245374
14.701 0.034894 0.025038 -1.549610 0.245494
14.802 0.034894 0.025016 -1.519939 0.245516
14.903 0.034847 0.025655 -1.481542 0.246155
15.001 0.034842 0.025714 -1.443145 0.246215
15.102 0.034824 0.025831 -1.415220 0.246334
15.202 0.034882 0.025499 -1.389040 0.246672
15.301 0.034851 0.025635 -1.341916 0.246812
15.401 0.034745 0.026062 -1.312245 0.247252
15.501 0.034761 0.026005 -1.286065 0.247312
15.601 0.034749 0.026009 -1.235451 0.247325
15.701 0.034646 0.026292 -1.211016 0.247626
15.801 0.029125 0.024520 -1.173852 0.253424
15.901 0.022265 0.022451 -1.113577 0.260590
16.002 0.022143 0.022690 -1.085652 0.260858
16.101 0.022026 0.022895 -1.052490 0.261094
16.201 0.022008 0.022933 -1.012348 0.261136
16.301 0.022172 0.022679 -0.980932 0.261438
16.406 0.021717 0.023339 -0.947596 0.262239
16.501 0.021861 0.023153 -0.907454 0.262474
16.601 0.021811 0.023213 -0.877783 0.262551
16.701 0.021784 0.023244 -0.848112 0.262593
16.801 0.021756 0.023274 -0.820187 0.262634
16.902 0.021546 0.023499 -0.773063 0.262941
17.001 0.021852 0.023206 -0.746883 0.263365
17.101 0.021565 0.023462 -0.720703 0.263750
17.201 0.021399 0.023606 -0.675325 0.263970
17.301 0.012021 0.018952 -0.641590 0.274439
17.402 0.009722 0.018408 -0.608719 0.276802
17.501 0.009691 0.018434 -0.572067 0.276842
17.601 0.009504 0.018546 -0.537160 0.277060
17.701 0.009418 0.018597 -0.519707 0.277160
17.802 0.009799 0.018388 -0.477819 0.277595
17.901 0.009369 0.018602 -0.453384 0.278075
18.001 0.009115 0.018724 -0.409751 0.278357
18.102 0.009671 0.018495 -0.364373 0.278958
18.202 0.009577 0.018530 -0.329466 0.279058
18.301 0.009501 0.018555 -0.308522 0.279138
18.401 0.009483 0.018559 -0.280597 0.279157
18.502 0.009462 0.018564 -0.231728 0.279177
18.601 0.009560 0.018542 -0.207293 0.279277
18.702 0.009442 0.018564 -0.175877 0.279397
18.802 0.004235 0.017092 -0.125152 0.284807
18.901 -0.009923 0.013077 -0.085688 0.299524
19.005 -0.009983 0.013081 -0.062999 0.299584
19.101 -0.009663 0.013071 -0.025998 0.299904
19.202 -0.009464 0.013066 -0.025998 0.300103
19.301 -0.009443 0.013065 -0.025998 0.300124
19.401 -0.009443 0.013065 -0.025998 0.300124
19.501 -0.009443 0.013065 -0.025998 0.300124
19.601 -0.009443 0.013065 -0.025998 0.300124
19.701 -0.009443 0.013065 -0.025998 0.300124
19.801 -0.009443 0.013065 -0.025998 0.300124
19.902 -0.009443 0.013065 -0.025998 0.300124
20.003 -0.009443 0.013065 -0.025998 0.300124
20.102 -0.009443 0.013065 -0.025998 0.300124
20.201 -0.009443 0.013065 -0.025998 0.300124
20.301 -0.009443 0.013065 -0.025998 0.300124
20.401 -0.009443 0.013065 -0.025998 0.300124
20.504 -0.009443 0.013065 -0.025998 0.300124
20.605 -0.009443 0.013065 -0.025998 0.300124
20.702 -0.009443 0.013065 -0.025998 0.300124
20.801 -0.009443 0.013065 -0.025998 0.300124
20.902 -0.009443 0.013065 -0.025998 0.300124
21.001 -0.009443 0.013065 -0.025998 0.300124
21.101 -0.009443 0.013065 -0.025998 0.300124
21.206 -0.009443 0.013065 -0.025998 0.300124
21.301 -0.009443 0.013065 -0.025998 0.300124
21.401 -0.009443 0.013065 -0.025998 0.300124
21.501 -0.009443 0.013065 -0.025998 0.300124
21.602 -0.009443 0.013065 -0.025998 0.300124
21.701 -0.009443 0.013065 -0.025998 0.300124
21.803 -0.009443 0.013065 -0.025998 0.300124
21.908 -0.009443 0.013065 -0.025998 0.300124
22.001 -0.007233 0.005169 -0.014169 0.308324
22.103 -0.007708 -0.001825 0.044809 0.315334
22.201 -0.006465 -0.001607 0.163666 0.316596
22.301 -0.003223 -0.000927 0.228068 0.319909
22.401 0.002474 0.000898 0.358968 0.325891
22.501 0.009677 0.004157 0.467353 0.333797
22.601 0.015357 0.007428 0.551129 0.340352
22.701 0.029264 0.017565 0.682028 0.357561
22.801 0.038460 0.025836 0.758823 0.369929
22.901 0.050131 0.038434 0.872269 0.387103
23.001 0.058831 0.049950 0.949064 0.401535
23.105 0.062597 0.055439 0.975244 0.408192
23.201 0.034775 0.069923 1.139479 0.439559
23.301 0.038887 0.079672 1.191839 0.450140
23.402 0.044109 0.094739 1.261652 0.466086
23.501 0.048150 0.108864 1.312441 0.480778
23.601 0.051876 0.125210 1.371608 0.497543
23.701 0.053657 0.135070 1.404769 0.507563
23.802 0.055275 0.145979 1.433043 0.518591
23.901 0.086103 0.198410 1.444335 0.579413
24.001 0.088558 0.211338 1.479747 0.592572
24.101 0.089662 0.228701 1.528791 0.609971
24.201 0.089926 0.240579 1.561778 0.621852
24.302 0.089801 0.251805 1.593194 0.633078
24.401 0.088797 0.270791 1.645554 0.652091
24.501 0.087939 0.280629 1.663181 0.661966
24.601 0.086143 0.296276 1.699833 0.677716
24.701 0.084580 0.307578 1.717461 0.689125
24.801 0.082347 0.321512 1.741896 0.703237
24.902 0.079363 0.337212 1.771566 0.719218
25.001 0.077070 0.347708 1.794256 0.729962
25.101 0.074521 0.358297 1.813454 0.740853
25.203 0.049132 0.371217 1.815650 0.769341
25.301 0.046043 0.382900 1.829528 0.781425
25.401 0.043046 0.393627 1.855708 0.792563
25.501 0.036478 0.413308 1.918539 0.813310
25.603 0.032225 0.424591 1.934247 0.825369
25.701 0.025710 0.440851 1.962173 0.842886
25.801 0.019955 0.453933 2.005806 0.857177
25.901 0.014922 0.464143 2.042458 0.868560
26.001 0.007975 0.477025 2.077364 0.883196
26.101 -0.000854 0.491896 2.122743 0.900490
26.201 -0.007019 0.501548 2.150668 0.911943
26.301 -0.012975 0.510371 2.175103 0.922588
26.401 -0.024324 0.525977 2.222227 0.941885
26.502 -0.031895 0.535610 2.250152 0.954137
26.602 -0.043618 0.549472 2.286804 0.972291
26.702 -0.054806 0.560635 2.310443 0.988096
26.801 -0.111216 0.575111 2.361153 1.046334
26.901 -0.119521 0.583109 2.383842 1.057864
27.002 -0.134172 0.596487 2.411767 1.077703
27.101 -0.142399 0.603751 2.422239 1.088678
27.201 -0.155835 0.615450 2.427475 1.106495
27.304 -0.167110 0.625188 2.430966 1.121392
27.401 -0.176425 0.633205 2.430966 1.133682
27.501 -0.189761 0.644688 2.430966 1.151281
27.601 -0.201046 0.654707 2.403041 1.166372
27.705 -0.209978 0.663164 2.369880 1.178672
27.801 -0.221957 0.674966 2.359408 1.195488
27.901 -0.232429 0.685486 2.352426 1.210332
28.001 -0.240273 0.693494 2.343700 1.221542
28.102 -0.251620 0.705302 2.331482 1.237918
28.201 -0.261435 0.715636 2.329737 1.252170
28.302 -0.269491 0.724138 2.327992 1.263883
28.401 -0.279544 0.734805 2.324501 1.278540
28.501 -0.291433 0.747538 2.319265 1.295961
28.601 -0.299508 0.756232 2.319265 1.307826
28.701 -0.311113 0.768728 2.319265 1.324879
28.803 -0.321070 0.779722 2.294830 1.339712
28.901 -0.328004 0.787755 2.270396 1.350324
29.002 -0.334604 0.795949 2.238980 1.360846
29.101 -0.346668 0.812351 2.179639 1.381207
29.201 -0.352714 0.821383 2.149968 1.392076
29.301 -0.360822 0.834494 2.104589 1.407491
29.407 -0.367729 0.846680 2.074919 1.421498
29.501 -0.373141 0.856771 2.053975 1.432949
29.602 -0.381338 0.872620 2.050484 1.450792
29.701 -0.388231 0.885848 2.052230 1.465709
29.801 -0.437991 0.869691 1.998605 1.518026
29.902 -0.465010 0.864712 1.973962 1.545500
30.001 -0.472968 0.883017 1.987924 1.565460
30.103 -0.477305 0.892528 2.005377 1.575913
30.201 -0.482227 0.903069 2.008868 1.587546
30.301 -0.491184 0.921689 2.026321 1.608208
30.401 -0.496202 0.931712 2.042029 1.619418
30.501 -0.504144 0.946968 2.057737 1.636617
30.601 -0.508826 0.955705 2.068209 1.646529
30.701 -0.512508 0.962363 2.080427 1.654138
30.801 -0.520192 0.975977 2.087408 1.669771
30.901 -0.525349 0.985065 2.085663 1.680220
31.001 -0.531997 0.996915 2.076936 1.693807
31.101 -0.540639 1.012613 2.071700 1.711726
31.201 -0.546374 1.023256 2.062973 1.723816
31.302 -0.553290 1.036221 2.059483 1.738510
31.410 -0.561107 1.051318 2.042029 1.755511
31.501 -0.565800 1.060620 2.036793 1.765930
31.601 -0.573498 1.076293 2.019340 1.783392
31.701 -0.579825 1.089741 2.005377 1.798254
31.801 -0.584397 1.099923 1.989670 1.809415
31.901 -0.589629 1.111838 1.980943 1.822429
32.001 -0.596150 1.127045 1.973962 1.838974
32.102 -0.600581 1.137572 1.966980 1.850397
32.203 -0.605179 1.148589 1.965235 1.862334
32.305 -0.612896 1.167348 1.956508 1.882618
32.401 -0.616993 1.177512 1.951272 1.893577
32.505 -0.621476 1.188905 1.940800 1.905820
32.601 -0.626522 1.201980 1.937310 1.919835
32.704 -0.630130 1.211529 1.926838 1.930043
32.801 -0.632973 1.219173 1.926838 1.938199
32.901 -0.739546 1.196685 1.955226 2.047118
33.002 -0.742065 1.202780 1.976170 2.053714
33.101 -0.742484 1.203721 2.016313 2.054743
33.202 -0.743141 1.204892 2.103579 2.056086
33.306 -0.744291 1.206694 2.147213 2.058224
33.401 -0.752060 1.216452 2.318255 2.070696
33.504 -0.755616 1.219973 2.379341 2.075701
33.601 -0.769412 1.231082 2.524378 2.093414
33.701 -0.778686 1.237082 2.595762 2.104459
33.805 -0.793880 1.245085 2.700482 2.121633
33.901 -0.808378 1.251217 2.768724 2.137374
34.001 -0.820192 1.255422 2.820910 2.149913
34.101 -0.830088 1.258352 2.873269 2.160235
34.201 -0.814612 1.264007 3.010201 2.176712
34.301 -0.824112 1.264978 3.059070 2.186262
34.401 -0.833763 1.265497 3.104449 2.195926
34.501 -0.851616 1.265453 -3.110669 2.213780
34.603 -0.866054 1.264532 -3.058309 2.228247
34.701 -0.882484 1.262595 -3.000713 2.244791
34.801 -0.893672 1.260745 -2.964061 2.256131
34.901 -0.905322 1.258419 -2.930900 2.268011
35.001 -0.928142 1.250605 -2.902010 2.292131
35.101 -0.958598 1.239099 -2.871313 2.324688
35.201 -0.970351 1.235579 -2.834662 2.336958
35.301 -0.988494 1.229267 -2.787538 2.356167
35.401 -0.998695 1.225361 -2.770084 2.367090
35.502 -1.008192 1.221546 -2.750886 2.377325
35.602 -1.025674 1.213929 -2.715979 2.396394
35.701 -1.036549 1.208861 -2.696431 2.408392
35.801 -1.046881 1.203768 -2.677233 2.419911
35.901 -1.063472 1.195263 -2.659605 2.438555
36.002 -1.072551 1.190377 -2.643897 2.448865
36.105 -1.081766 1.185291 -2.635170 2.459391
36.202 -1.098365 1.175889 -2.621208 2.478467
36.301 -1.108852 1.169860 -2.619462 2.490564
36.401 -1.121195 1.162580 -2.601486 2.504894
36.501 -1.135431 1.153808 -2.584032 2.521616
36.602 -1.144432 1.148070 -2.570070 2.532290
36.701 -1.176611 1.144602 -2.556112 2.564655
36.801 -1.190020 1.135545 -2.538310 2.580836
36.901 -1.199338 1.129055 -2.529583 2.592191
37.002 -1.210203 1.121244 -2.513701 2.605573
37.101 -1.222014 1.112546 -2.503229 2.620242
37.205 -1.230898 1.105942 -2.501483 2.631311
37.301 -1.240284 1.098913 -2.497993 2.643037
37.401 -1.255151 1.087537 -2.478794 2.661757
37.501 -1.263818 1.080668 -2.464831 2.672817
37.603 -1.272863 1.073350 -2.461341 2.684451
37.701 -1.288098 1.060998 -2.459595 2.704064
37.801 -1.296584 1.054101 -2.459595 2.714999
37.908 -1.304218 1.047914 -2.461341 2.724825
38.001 -1.318350 1.036242 -2.442142 2.743155
38.101 -1.326857 1.028913 -2.421024 2.754384
38.201 -1.334893 1.021781 -2.414042 2.765128
38.301 -1.350427 1.007739 -2.400080 2.786068
38.415 -1.358744 0.999995 -2.384372 2.797431
38.501 -1.369694 0.989392 -2.361508 2.812675
38.602 -1.379233 0.979296 -2.302167 2.826564
38.701 -1.390060 0.966120 -2.227118 2.843617
38.801 -1.395145 0.959366 -2.214900 2.852072
38.901 -1.404147 0.946756 -2.174583 2.867566
39.001 -1.413137 0.932651 -2.110006 2.884291
39.101 -1.417534 0.924900 -2.073354 2.893203
39.201 -1.425388 0.909144 -2.007032 2.910808
39.301 -1.431344 0.894954 -1.938964 2.926197
39.401 -1.433915 0.887888 -1.909293 2.933716
39.501 -1.437889 0.875153 -1.846461 2.947057
39.601 -1.441010 0.862863 -1.799337 2.959737
39.701 -1.442415 0.856412 -1.778393 2.966340
39.815 -1.404095 0.769238 -1.559539 3.061564
39.901 -1.403621 0.755033 -1.519397 3.075777
40.003 -1.402788 0.743568 -1.482745 3.087272
40.101 -1.401980 0.735891 -1.460055 3.094991
40.202 -1.400214 0.724267 -1.388497 3.106749
40.302 -1.397479 0.712322 -1.320429 3.119003
40.401 -1.392391 0.696403 -1.220945 3.135715
40.502 -1.386056 0.681690 -1.123381 3.151734
40.602 -1.382273 0.674438 -1.074338 3.159914
40.701 -1.373181 0.659495 -0.987071 3.177405
40.802 -1.363027 0.645597 -0.906786 3.194618
40.901 -1.359932 0.663892 -0.847736 3.213173
41.001 -1.354064 0.679238 -0.779525 3.229603
41.101 -1.337439 0.664056 -0.706221 3.252118
41.201 -1.330477 0.658245 -0.692259 3.261186
41.301 -1.317440 0.647642 -0.673060 3.277990
41.401 -1.303622 0.637090 -0.636408 3.295376
41.501 -1.296447 0.631864 -0.625936 3.304253
41.608 -1.282257 0.621988 -0.598011 3.321542
41.701 -1.269858 0.570154 -0.650211 3.374838
41.803 -1.261040 0.563650 -0.629267 3.385796
41.901 -1.248115 0.554699 -0.589124 3.401518
42.001 -1.238689 0.548570 -0.566435 3.412761
42.101 -1.220861 0.537968 -0.514075 3.433502
42.202 -1.211224 0.532724 -0.487895 3.444475
42.301 -1.196489 0.525289 -0.451243 3.460979
42.402 -1.186524 0.520503 -0.446007 3.472033
42.502 -1.174405 0.514823 -0.435535 3.485418
42.601 -1.164058 0.510221 -0.402374 3.496741
42.701 -1.147672 0.503825 -0.351760 3.514331
42.801 -1.131387 0.498292 -0.309872 3.531531
42.901 -1.123038 0.495740 -0.290673 3.540262
43.001 -1.111716 0.492565 -0.261002 3.552020
43.101 -1.092502 0.488094 -0.203581 3.571748
43.201 -1.081367 0.485971 -0.184208 3.583083
43.301 -1.067501 0.483569 -0.164660 3.597156
43.401 -1.050265 0.480960 -0.141971 3.614587
43.501 -0.970623 0.447388 -0.024664 3.701016
43.601 -0.958813 0.447162 -0.017334 3.712829
43.701 -0.938040 0.446860 -0.011923 3.733604
43.801 -0.926336 0.446737 -0.010003 3.745308
43.901 -0.914076 0.446648 -0.006338 3.757569
44.001 -0.893503 0.446565 -0.004593 3.778142
44.101 -0.881655 0.446500 -0.006338 3.789991
44.201 -0.869696 0.446424 -0.006338 3.801950
44.301 -0.849283 0.446295 -0.006338 3.822363
44.401 -0.837454 0.446214 -0.008258 3.834193
44.501 -0.819959 0.446059 -0.010003 3.851688
44.601 -0.805072 0.445887 -0.011923 3.866576
44.701 -0.792821 0.445725 -0.013669 3.878828
44.801 -0.774576 0.445453 -0.015589 3.897075
44.901 -0.759928 0.445181 -0.019254 3.911726
45.001 -0.748056 0.444964 -0.017334 3.923600
45.101 -0.729809 0.444653 -0.015589 3.941849
45.201 -0.715093 0.444447 -0.013669 3.956566
45.301 -0.703313 0.444322 -0.008258 3.968347
45.401 -0.686195 0.444197 -0.006338 3.985466
45.501 -0.674723 0.444149 -0.002673 3.996938
45.601 -0.657698 0.444109 -0.000928 4.013963
45.701 -0.642993 0.444085 -0.000928 4.028667
45.801 -0.631568 0.444059 -0.002673 4.040093
45.901 -0.615620 0.443981 -0.006338 4.056041
46.001 -0.601589 0.443903 -0.004593 4.070073
46.101 -0.589081 0.443823 -0.006338 4.082580
46.201 -0.571963 0.443715 -0.006338 4.099699
46.301 -0.558370 0.443629 -0.006338 4.113292
46.401 -0.547078 0.443562 -0.006338 4.124584
46.501 -0.529477 0.443451 -0.006338 4.142185
46.601 -0.478365 0.525115 0.015831 4.238526
46.701 -0.467639 0.525255 0.012166 4.249253
46.801 -0.452024 0.525382 0.003264 4.264868
46.901 -0.439115 0.525310 -0.014538 4.277777
47.001 -0.428045 0.525085 -0.021694 4.288849
47.101 -0.410142 0.524632 -0.030595 4.306759
47.201 -0.395448 0.524145 -0.037925 4.321460
47.302 -0.383753 0.523671 -0.044907 4.333165
47.401 -0.372778 0.523162 -0.046827 4.344152
47.501 -0.353742 0.522221 -0.050492 4.363211
47.601 -0.342526 0.521639 -0.052237 4.374442
47.701 -0.324914 0.520676 -0.055902 4.392080
47.801 -0.310621 0.519860 -0.057822 4.406397
47.901 -0.299186 0.519183 -0.059567 4.417851
48.001 -0.284803 0.518309 -0.063058 4.432261
48.102 -0.267080 0.517138 -0.068294 4.450023
48.202 -0.255238 0.516261 -0.075275 4.461898
48.301 -0.240334 0.514994 -0.094474 4.476855
48.401 -0.222100 0.512959 -0.127635 4.495202
48.501 -0.210469 0.511300 -0.150325 4.506951
48.601 -0.195732 0.508878 -0.164287 4.521885
48.701 -0.178399 0.505989 -0.166033 4.539458
48.801 -0.166824 0.504089 -0.157306 4.551188
48.901 -0.154783 0.502259 -0.148579 4.563367
49.001 -0.133954 0.499195 -0.148579 4.584420
49.101 -0.122410 0.497426 -0.152070 4.596099
49.201 -0.110744 0.495612 -0.153815 4.607905
49.302 -0.092107 0.492722 -0.153815 4.626765
49.402 -0.080474 0.490908 -0.155561 4.638538
49.501 -0.062940 0.488122 -0.159051 4.656292
49.601 -0.050048 0.485965 -0.176505 4.669363
49.702 0.010130 0.515035 -0.300816 4.736195
49.801 0.028154 0.509049 -0.325250 4.755187
49.902 0.039581 0.505195 -0.325250 4.767246
50.001 0.050856 0.501382 -0.325250 4.779149
50.101 0.070252 0.494857 -0.323505 4.799613
50.202 0.081590 0.490919 -0.342703 4.811615
50.304 0.092404 0.486991 -0.353175 4.823121
50.401 0.111515 0.479600 -0.377610 4.843611
50.505 0.122722 0.475008 -0.395063 4.855722
50.601 0.133634 0.470363 -0.403790 4.867581
50.701 0.151598 0.462584 -0.412517 4.887157
50.801 0.161928 0.457974 -0.429970 4.898470
50.901 0.171626 0.453428 -0.445678 4.909180
51.004 0.183608 0.447580 -0.457895 4.922514
51.101 0.198737 0.440107 -0.459641 4.939387
51.201 0.209030 0.434996 -0.461386 4.950879
51.302 0.226735 0.426177 -0.463131 4.970659
51.403 0.234428 0.422442 -0.442187 4.979211
51.501 0.253377 0.414141 -0.393318 4.999898
51.601 0.266090 0.409255 -0.346194 5.013518
51.701 0.275990 0.405924 -0.309542 5.023963
51.801 0.286227 0.402808 -0.293834 5.034664
51.901 0.306074 0.397018 -0.278126 5.055338
52.001 0.317384 0.393995 -0.251946 5.067045
52.101 0.328037 0.391407 -0.232748 5.078008
52.201 0.346966 0.387440 -0.189115 5.097349
52.301 0.356871 0.385714 -0.162935 5.107403
52.401 0.367110 0.384185 -0.141991 5.117755
52.501 0.385892 0.381944 -0.100103 5.136671
52.601 0.396190 0.381088 -0.072177 5.147004
52.701 0.406476 0.380472 -0.049488 5.157308
52.803 0.429838 0.383710 -0.016470 5.180894
52.902 0.472626 0.404065 -0.020277 5.228277
53.002 0.484162 0.403929 -0.011201 5.239814
53.101 0.501841 0.403795 -0.005790 5.257493
53.201 0.518877 0.403769 0.001540 5.274529
53.301 0.532580 0.403841 0.007125 5.288232
53.402 0.545850 0.404050 0.021437 5.301503
53.502 0.556553 0.404364 0.032083 5.312212
53.601 0.573266 0.404994 0.041159 5.328936
53.701 0.585548 0.405546 0.048489 5.341231
53.801 0.602737 0.406588 0.073098 5.358451
53.901 0.617017 0.407822 0.092646 5.372784
54.001 0.629289 0.408986 0.094566 5.385112
54.101 0.641036 0.410138 0.098231 5.396915
54.201 0.660712 0.412212 0.110798 5.416700
54.301 0.671669 0.413471 0.117953 5.427729
54.401 0.689230 0.415640 0.124935 5.445424
54.501 0.701272 0.417169 0.126855 5.457562
54.601 0.718584 0.419462 0.134010 5.475025
54.701 0.727374 0.420664 0.137676 5.483897
54.801 0.744299 0.423026 0.139596 5.500986
54.902 0.762133 0.425581 0.143261 5.519003
55.004 0.776713 0.427749 0.150591 5.533742
55.102 0.788433 0.429543 0.152336 5.545599
55.202 0.804237 0.432149 0.166648 5.561617
55.301 0.816164 0.434244 0.179215 5.573726
55.406 0.826763 0.436229 0.186545 5.584509
55.501 0.843365 0.439564 0.204173 5.601443
55.603 0.851144 0.441208 0.211154 5.609394
55.701 0.865833 0.444442 0.222150 5.624434
55.801 0.882339 0.448251 0.229480 5.641374
55.901 0.891250 0.450370 0.234716 5.650534
56.001 0.913706 0.536598 0.407315 5.739638
56.101 0.928279 0.554756 0.434500 5.762921
56.202 0.940723 0.560260 0.411810 5.776528
56.301 0.950636 0.564427 0.392437 5.787281
56.401 0.963572 0.569502 0.359276 5.801177
56.501 0.979994 0.575309 0.324020 5.818595
56.601 0.990464 0.578697 0.308138 5.829600
56.701 1.000980 0.581899 0.286845 5.840593
56.801 1.018591 0.586766 0.260316 5.858864
56.901 1.028715 0.589312 0.235707 5.869303
57.001 1.039307 0.591802 0.230471 5.880184
57.101 1.059948 0.596542 0.223140 5.901362
57.201 1.070922 0.599028 0.223140 5.912614
57.302 1.084646 0.602142 0.223140 5.926688
57.402 1.100322 0.605530 0.203593 5.942725
57.501 1.110136 0.607513 0.196611 5.952737
57.601 1.122810 0.609945 0.187710 5.965643
57.701 1.138535 0.612797 0.175144 5.981624
57.803 1.149018 0.614633 0.173398 5.992267
57.903 1.163474 0.617115 0.167813 6.006935
58.001 1.174922 0.619022 0.162403 6.018540
58.101 1.191936 0.621721 0.149662 6.035767
58.205 1.207453 0.624024 0.145997 6.051454
58.301 1.219458 0.625758 0.142332 6.063583
58.401 1.229023 0.627111 0.138666 6.073243
58.501 1.240588 0.628695 0.133256 6.084916
58.601 1.244486 0.629217 0.133256 6.088849
58.701 1.245535 0.629358 0.133256 6.089908
58.806 1.245595 0.629371 0.175144 6.089969
58.901 1.245788 0.629401 0.246702 6.090165
59.001 1.246158 0.629502 0.321751 6.090548
59.101 1.257502 0.661553 0.322714 6.124548
59.201 1.267939 0.694169 0.355714 6.158793
59.302 1.267943 0.694167 0.422037 6.158797
59.401 1.268089 0.694235 0.449962 6.158958
59.503 1.267827 0.694093 0.514365 6.159256
59.602 1.267785 0.694067 0.568644 6.159305
59.701 1.267515 0.693888 0.598315 6.159629
59.802 1.267842 0.694124 0.652420 6.160032
59.901 1.267618 0.693952 0.704780 6.160314
60.001 1.268875 0.695086 0.739687 6.162008
60.102 1.277871 0.703949 0.797283 6.174636
60.201 1.262235 0.694784 0.895950 6.192760
60.301 1.268680 0.705075 0.939292 6.204903
60.401 1.275118 0.714232 0.968962 6.216096
60.501 1.277885 0.718387 0.986416 6.221089
60.601 1.287473 0.733927 1.037030 6.239348
60.701 1.294952 0.747394 1.084154 6.254752
60.801 1.301216 0.759819 1.119061 6.268667
60.901 1.306277 0.770745 1.146986 6.280708
61.002 1.313181 0.786919 1.178576 6.298295
61.102 1.318158 0.799696 1.213483 6.312006
61.202 1.323675 0.815585 1.255371 6.328825
61.302 1.326700 0.825407 1.279980 6.339103
61.401 1.330401 0.838604 1.304589 6.352809
61.501 1.337886 0.864394 1.323360 6.379663
61.601 1.346920 0.893258 1.325415 6.409908
61.701 1.349232 0.902741 1.339378 6.419669
61.801 1.352690 0.919049 1.381265 6.436339
61.901 1.354432 0.929076 1.410936 6.446517
62.001 1.356002 0.939918 1.433625 6.457472
62.102 1.357419 0.951443 1.454744 6.469083
62.201 1.359171 0.971173 1.500122 6.488891
62.302 1.359746 0.981777 1.524557 6.499511
62.408 1.360259 1.001888 1.556322 6.519628
62.501 1.360371 1.014045 1.566968 6.531786
62.603 1.360396 1.025642 1.568714 6.543383
62.701 1.360389 1.041653 1.572379 6.559394
62.803 1.360372 1.052686 1.572379 6.570427
62.901 1.360336 1.067861 1.574299 6.585602
63.002 1.360309 1.084899 1.572379 6.602640
63.101 1.360291 1.096312 1.572379 6.614054
63.206 1.360292 1.107372 1.570634 6.625113
63.301 1.360307 1.123135 1.568714 6.640876
63.401 1.360322 1.132614 1.568714 6.650355
63.501 1.360358 1.140919 1.565049 6.658661
63.605 1.360336 1.147390 1.619154 6.665131
63.701 1.360383 1.147100 1.688967 6.665425
63.801 1.360348 1.147395 1.788451 6.665722
63.902 1.360326 1.147493 1.886189 6.665822
64.005 1.360297 1.147572 1.933313 6.665906
64.101 1.360358 1.147403 2.003126 6.666085
64.219 1.355683 1.143752 2.091045 6.672017
64.301 1.329197 1.127125 2.206754 6.703290
64.401 1.323889 1.133897 2.248642 6.711894
64.501 1.315828 1.143885 2.250387 6.724730
64.601 1.308152 1.153352 2.252132 6.736918
64.702 1.297119 1.166974 2.250387 6.754447
64.801 1.287988 1.178306 2.248642 6.769000
64.901 1.280790 1.187280 2.246896 6.780504
65.002 1.270481 1.200222 2.239915 6.797050
65.101 1.261733 1.211315 2.238170 6.811178
65.202 1.254807 1.220180 2.229443 6.822428
65.302 1.248390 1.228654 2.215480 6.833057
65.401 1.199673 1.272615 2.134776 6.898676
65.501 1.190726 1.287266 2.110342 6.915843
65.603 1.183260 1.300028 2.096379 6.930629
65.701 1.177282 1.310336 2.096379 6.942544
65.802 1.168811 1.325108 2.091143 6.959573
65.901 1.162509 1.336078 2.092889 6.972224
66.001 1.155564 1.348198 2.091143 6.986193
66.101 1.149570 1.358660 2.091143 6.998250
66.201 1.141083 1.373520 2.087653 7.015364
66.301 1.133899 1.386179 2.085907 7.029918
66.403 1.128183 1.396379 2.077181 7.041611
66.501 1.120318 1.410863 2.061473 7.058093
66.601 1.115129 1.420670 2.054491 7.069188
66.701 1.107102 1.435984 2.052746 7.086479
66.801 1.100461 1.448732 2.051001 7.100853
66.901 1.094095 1.460985 2.049255 7.114660
67.001 1.089035 1.470741 2.049255 7.125650
67.101 1.082804 1.482772 2.047510 7.139199
67.201 1.077259 1.493536 2.045765 7.151308
67.303 1.073653 1.500563 2.044019 7.159206
67.401 1.071743 1.504209 2.077181 7.163321
67.501 1.071222 1.505116 2.160956 7.164368
67.603 1.071132 1.505219 2.255204 7.164505
67.701 1.071399 1.504948 2.382613 7.164886
67.802 1.071279 1.505054 2.497805 7.165046
67.902 1.071114 1.505169 2.590307 7.165247
68.001 1.071712 1.504888 2.726618 7.165908
68.102 1.074043 1.504067 2.840064 7.168379
68.201 1.075882 1.503613 2.932392 7.170273
68.301 1.077575 1.503353 3.017913 7.171986
68.402 1.035615 1.490387 3.133404 7.215904
68.502 1.037173 1.490452 -3.064261 7.217463
68.602 1.034373 1.489959 -2.921144 7.220306
68.703 1.031845 1.489211 -2.809442 7.222942
68.801 1.029397 1.488183 -2.713449 7.225597
68.901 1.037269 1.468024 -2.580303 7.247238
69.003 1.031941 1.464223 -2.479074 7.253784
69.101 1.031074 1.463482 -2.400534 7.254923
69.202 1.028048 1.460237 -2.295814 7.259360
69.301 1.024300 1.455675 -2.232982 7.265265
69.402 1.069033 1.475884 -2.012616 7.314351
69.502 1.066463 1.469760 -1.941058 7.320992
69.601 1.064189 1.463442 -1.907897 7.327707
69.701 1.061862 1.456248 -1.871245 7.335268
69.801 1.058169 1.442830 -1.813649 7.349184
69.901 1.056551 1.435643 -1.778742 7.356552
70.002 1.015944 1.423399 -1.802405 7.398965
70.104 1.014677 1.417344 -1.753535 7.405150
70.202 1.014340 1.415325 -1.722119 7.407197
70.302 1.014145 1.413847 -1.692449 7.408688
70.403 1.013917 1.411656 -1.659462 7.410891
70.502 1.013707 1.408436 -1.627872 7.414118
70.602 1.013508 1.401351 -1.580922 7.421206
70.702 1.013575 1.395876 -1.533449 7.426681
70.801 1.013655 1.394350 -1.507269 7.428209
70.901 1.013822 1.392160 -1.486325 7.430406
71.001 1.014732 1.384107 -1.447928 7.438510
71.101 1.015792 1.376239 -1.428730 7.446449
71.202 1.016960 1.368563 -1.413022 7.454213
71.303 1.023139 1.367398 -1.403512 7.460501
71.401 1.024218 1.361296 -1.389550 7.466698
71.501 1.026146 1.351638 -1.365115 7.476547
71.601 1.026625 1.349420 -1.349407 7.478816
71.701 1.026837 1.348527 -1.330208 7.479734
71.807 1.027085 1.347539 -1.321482 7.480752
71.901 1.027175 1.347188 -1.314500 7.481114
72.001 1.028036 1.344063 -1.295302 7.484355
72.101 1.028381 1.342849 -1.293556 7.485618
72.201 1.028699 1.341732 -1.293556 7.486779
72.302 1.029542 1.338730 -1.298792 7.489897
72.401 1.030443 1.335472 -1.302283 7.493278
72.502 1.031430 1.331891 -1.300538 7.496993
72.601 1.031548 1.331462 -1.300538 7.497437
72.701 1.031553 1.331443 -1.300538 7.497457
72.801 1.031612 1.331232 -1.298792 7.497676
72.902 1.031775 1.330653 -1.295302 7.498277
73.001 1.031917 1.330153 -1.293556 7.498797
73.102 1.032677 1.327480 -1.293556 7.501576
73.201 1.033459 1.324737 -1.291811 7.504428
73.301 1.034123 1.322427 -1.290066 7.506832
73.401 1.034811 1.320040 -1.290066 7.509316
73.508 1.035345 1.318187 -1.290066 7.511244
73.601 1.035842 1.316463 -1.290066 7.513039
73.701 1.036947 1.312672 -1.286575 7.516988
73.803 1.037137 1.312018 -1.286575 7.517668
73.901 1.037685 1.310143 -1.286575 7.519622
74.001 1.038249 1.308223 -1.284830 7.521623
74.101 1.038612 1.306995 -1.281339 7.522904
74.201 1.039604 1.303693 -1.276103 7.526352
74.301 1.039946 1.302579 -1.272612 7.527517
74.402 1.055643 1.349670 -1.301980 7.577156
74.502 1.055931 1.348650 -1.293253 7.578216
74.601 1.056283 1.347422 -1.291508 7.579493
74.701 1.057090 1.344636 -1.284526 7.582394
74.802 1.057380 1.343674 -1.274054 7.583398
74.901 1.057409 1.343579 -1.268818 7.583497
75.001 1.058354 1.340579 -1.265328 7.586643
75.101 1.059405 1.337283 -1.261837 7.590103
75.202 1.059649 1.336521 -1.260092 7.590902
75.301 1.059685 1.336409 -1.260092 7.591021
75.401 1.060471 1.333899 -1.270564 7.593651
75.501 1.062008 1.328649 -1.294998 7.599121
75.601 1.064939 1.317437 -1.335141 7.610710
75.701 1.067141 1.306953 -1.377029 7.621422
75.801 1.069303 1.295077 -1.399718 7.633493
75.901 1.071294 1.280668 -1.453823 7.648039
76.001 1.071988 1.274669 -1.459059 7.654078
76.101 1.072774 1.266851 -1.478258 7.661935
76.201 1.072980 1.264639 -1.471277 7.664157
76.301 1.073218 1.262506 -1.457314 7.666304
76.401 1.073879 1.256276 -1.469531 7.672569
76.501 1.074504 1.249671 -1.480003 7.679203
76.601 1.074862 1.245310 -1.490475 7.683578
76.701 1.074841 1.245571 -1.490475 7.683840
76.801 1.074830 1.245711 -1.490475 7.683980
76.901 1.074824 1.245790 -1.490475 7.684060
77.001 1.074824 1.245790 -1.490475 7.684060
77.102 1.074824 1.245790 -1.490475 7.684060
77.204 1.074824 1.245790 -1.490475 7.684060
77.302 1.074824 1.245790 -1.490475 7.684060
77.401 1.074824 1.245790 -1.490475 7.684060
77.501 1.074824 1.245790 -1.490475 7.684060
77.602 1.082916 1.345043 -1.490238 7.783642
77.701 1.082916 1.345043 -1.490238 7.783642
77.802 1.082916 1.345043 -1.490238 7.783642
77.901 1.082916 1.345043 -1.490238 7.783642
78.002 1.083184 1.341681 -1.491983 7.787014
78.102 1.083475 1.337740 -1.498964 7.790966
78.202 1.084099 1.327828 -1.512927 7.800897
78.301 1.084463 1.320841 -1.523399 7.807893
78.402 1.084689 1.315571 -1.528635 7.813168
78.502 1.084811 1.312988 -1.519908 7.815754
78.601 1.084971 1.309974 -1.516418 7.818773
78.703 1.085066 1.308270 -1.514672 7.820480
78.802 1.085149 1.306809 -1.511182 7.821942
78.901 1.085237 1.305468 -1.500710 7.823287
79.001 1.085326 1.304234 -1.497219 7.824524
79.102 1.085458 1.302588 -1.485002 7.826175
79.209 1.086124 1.293798 -1.502455 7.834990
79.302 1.086452 1.288650 -1.509436 7.840149
79.406 1.086672 1.284489 -1.519908 7.844316
79.501 1.086673 1.284469 -1.519908 7.844336
79.601 1.086673 1.284469 -1.519908 7.844336
79.702 1.086673 1.284469 -1.519908 7.844336
79.802 1.086673 1.284469 -1.519908 7.844336
79.903 1.086673 1.284469 -1.519908 7.844336
80.001 1.086673 1.284469 -1.519908 7.844336
80.101 1.086673 1.284469 -1.519908 7.844336
80.201 1.086673 1.284469 -1.519908 7.844336
80.301 1.086673 1.284469 -1.519908 7.844336
80.401 1.086673 1.284469 -1.519908 7.844336
80.503 1.086673 1.284469 -1.519908 7.844336
80.601 1.088156 1.344006 -1.519206 7.903891
80.707 1.088156 1.344006 -1.519206 7.903891
80.803 1.088156 1.344006 -1.519206 7.903891
80.902 1.088156 1.344006 -1.519206 7.903891
81.001 1.088156 1.344006 -1.519206 7.903891
81.101 1.088156 1.344006 -1.519206 7.903891
81.201 1.088213 1.342902 -1.519206 7.904997
81.302 1.088483 1.337119 -1.527933 7.910786
81.401 1.088645 1.332035 -1.545386 7.915873
81.502 1.088689 1.320541 -1.585528 7.927366
81.605 1.088378 1.310528 -1.608567 7.937385
81.701 1.087673 1.298657 -1.646789 7.949276
81.801 1.087090 1.291723 -1.657611 7.956235
81.901 1.086549 1.286186 -1.675238 7.961798
82.002 1.086003 1.281301 -1.680300 7.966714
82.101 1.085816 1.279589 -1.678554 7.968436
82.201 1.085494 1.276550 -1.674889 7.971492
82.302 1.084978 1.271617 -1.674889 7.976452
82.401 1.084527 1.267266 -1.673144 7.980826
82.503 1.084329 1.265316 -1.671399 7.982787
82.601 1.083805 1.260257 -1.673144 7.987872
82.702 1.083434 1.256570 -1.669479 7.991578
82.802 1.083296 1.255185 -1.671399 7.992970
82.902 1.083283 1.255049 -1.671399 7.993106
83.001 1.083283 1.255049 -1.671399 7.993106
83.101 1.083283 1.255049 -1.671399 7.993106
83.201 1.083283 1.255049 -1.671399 7.993106
83.301 1.083283 1.255049 -1.671399 7.993106
83.401 1.083283 1.255049 -1.671399 7.993106
83.508 1.083283 1.255049 -1.671399 7.993106
83.603 1.083283 1.255049 -1.671399 7.993106
83.701 1.090977 1.321612 -1.677773 8.060112
83.801 1.091327 1.324649 -1.678064 8.063169
83.901 1.091327 1.324649 -1.678064 8.063169
84.001 1.091327 1.324649 -1.678064 8.063169
84.101 1.091327 1.324649 -1.678064 8.063169
84.201 1.091327 1.324649 -1.678064 8.063169
84.302 1.091327 1.324649 -1.678064 8.063169
84.401 1.091327 1.324649 -1.678064 8.063169
84.502 1.091327 1.324649 -1.678064 8.063169
84.601 1.091327 1.324649 -1.678064 8.063169
84.702 1.091327 1.324649 -1.678064 8.063169
84.801 1.091327 1.324649 -1.678064 8.063169
84.901 1.091327 1.324649 -1.678064 8.063169
85.002 1.091327 1.324649 -1.678064 8.063169
85.101 1.091327 1.324649 -1.678064 8.063169
85.201 1.091327 1.324649 -1.678064 8.063169
85.302 1.091327 1.324649 -1.678064 8.063169
85.402 1.091327 1.324649 -1.678064 8.063169
85.501 1.091327 1.324649 -1.678064 8.063169
85.601 1.091327 1.324649 -1.678064 8.063169
85.701 1.091327 1.324649 -1.678064 8.063169
85.801 1.091327 1.324649 -1.678064 8.063169
85.901 1.091327 1.324649 -1.678064 8.063169
86.001 1.091327 1.324649 -1.678064 8.063169
86.101 1.091327 1.324649 -1.678064 8.063169
86.201 1.091327 1.324649 -1.678064 8.063169
86.305 1.091327 1.324649 -1.678064 8.063169
86.404 1.091327 1.324649 -1.678064 8.063169
86.501 1.091327 1.324649 -1.678064 8.063169
86.601 1.091327 1.324649 -1.678064 8.063169
86.702 1.091199 1.324649 -1.678003 8.063297
86.801 1.088039 1.324666 -1.676502 8.066457
86.906 1.088039 1.324666 -1.676502 8.066457
87.001 1.088039 1.324666 -1.676502 8.066457
87.102 1.088039 1.324666 -1.676502 8.066457
87.201 1.088039 1.324666 -1.676502 8.066457
87.301 1.088039 1.324666 -1.676502 8.066457
87.401 1.088039 1.324666 -1.676502 8.066457
87.501 1.088039 1.324666 -1.676502 8.066457
87.601 1.088039 1.324666 -1.676502 8.066457
87.701 1.088039 1.324666 -1.676502 8.066457
87.801 1.088039 1.324666 -1.676502 8.066457
87.901 1.088039 1.324666 -1.676502 8.066457
88.001 1.088039 1.324666 -1.676502 8.066457
88.104 1.088039 1.324666 -1.676502 8.066457
88.201 1.088039 1.324666 -1.676502 8.066457
88.302 1.088039 1.324666 -1.676502 8.066457
88.401 1.088039 1.324666 -1.676502 8.066457
88.501 1.088039 1.324666 -1.676502 8.066457
88.601 1.088039 1.324666 -1.676502 8.066457
88.701 1.088039 1.324666 -1.676502 8.066457
88.802 1.088039 1.324666 -1.676502 8.066457
88.901 1.088039 1.324666 -1.676502 8.066457
89.001 1.088039 1.324666 -1.676502 8.066457
89.102 1.088039 1.324666 -1.676502 8.066457
89.202 1.088039 1.324666 -1.676502 8.066457
89.310 1.088039 1.324666 -1.676502 8.066457
89.401 1.088039 1.324666 -1.676502 8.066457
89.504 1.088039 1.324666 -1.676502 8.066457
89.601 1.088039 1.324666 -1.676502 8.066457
89.701 1.088039 1.324666 -1.676502 8.066457
89.802 1.088039 1.324666 -1.676502 8.066457
89.901 1.088039 1.325761 -1.676502 8.067552
90.001 1.088039 1.326229 -1.676502 8.068019
90.101 1.088039 1.326229 -1.676502 8.068019
90.201 1.088039 1.326229 -1.676502 8.068019
90.302 1.088039 1.326229 -1.676502 8.068019
90.401 1.088039 1.326229 -1.676502 8.068019
90.501 1.088039 1.326229 -1.676502 8.068019
90.601 1.088039 1.326229 -1.676502 8.068019
90.701 1.088039 1.326229 -1.676502 8.068019
90.801 1.088039 1.326229 -1.676502 8.068019
90.902 1.088039 1.326229 -1.676502 8.068019
91.001 1.088039 1.326229 -1.676502 8.068019
91.101 1.088039 1.326229 -1.676502 8.068019
91.201 1.088039 1.326229 -1.676502 8.068019
91.301 1.088039 1.326229 -1.676502 8.068019
91.401 1.088039 1.326229 -1.676502 8.068019
91.502 1.088039 1.326229 -1.676502 8.068019
91.602 1.088039 1.326229 -1.676502 8.068019
91.701 1.088039 1.326229 -1.676502 8.068019
91.801 1.088039 1.326229 -1.676502 8.068019
91.901 1.088039 1.326229 -1.676502 8.068019
92.001 1.088039 1.326229 -1.676502 8.068019
92.101 1.088039 1.326229 -1.676502 8.068019
92.201 1.088039 1.326229 -1.676502 8.068019
92.301 1.088039 1.326229 -1.676502 8.068019
92.401 1.088039 1.326229 -1.676502 8.068019
92.501 1.088039 1.326229 -1.676502 8.068019
92.601 1.088039 1.326229 -1.676502 8.068019
92.701 1.088039 1.326229 -1.676502 8.068019
92.801 1.088039 1.326229 -1.676502 8.068019
92.901 1.088039 1.326229 -1.676502 8.068019
93.002 1.088039 1.326229 -1.676502 8.068019
93.102 1.088039 1.325005 -1.676502 8.069243
93.201 1.088039 1.324666 -1.676502 8.069582
93.301 1.088039 1.324666 -1.676502 8.069582
93.401 1.088039 1.324666 -1.676502 8.069582
93.502 1.088039 1.324666 -1.676502 8.069582
93.604 1.088039 1.324666 -1.676502 8.069582
93.701 1.088039 1.324666 -1.676502 8.069582
93.803 1.088039 1.324666 -1.676502 8.069582
93.901 1.088039 1.324666 -1.676502 8.069582
94.001 1.088039 1.324666 -1.676502 8.069582
94.101 1.088039 1.324666 -1.676502 8.069582
94.201 1.088039 1.324666 -1.676502 8.069582
94.301 1.088039 1.324666 -1.676502 8.069582
94.401 1.088039 1.324666 -1.676502 8.069582
94.501 1.088039 1.324666 -1.676502 8.069582
94.602 1.088039 1.324666 -1.676502 8.069582
94.701 1.088039 1.324666 -1.676502 8.069582
94.801 1.088039 1.324666 -1.676502 8.069582
94.901 1.088039 1.324666 -1.676502 8.069582
95.001 1.088039 1.324666 -1.676502 8.069582
95.101 1.088039 1.324666 -1.676502 8.069582
95.201 1.088039 1.324666 -1.676502 8.069582
95.301 1.088035 1.324630 -1.676502 8.069618
95.401 1.087970 1.324015 -1.676502 8.070237
95.501 1.087618 1.320895 -1.686974 8.073377
95.601 1.086734 1.313438 -1.690639 8.080886
95.703 1.086235 1.309366 -1.694304 8.084988
95.801 1.085596 1.304341 -1.697795 8.090054
95.902 1.084718 1.297528 -1.701460 8.096923
96.001 1.083810 1.290891 -1.710536 8.103622
96.102 1.083242 1.286906 -1.714026 8.107647
96.201 1.085704 1.293161 -1.729034 8.114369
96.304 1.086004 1.293317 -1.731858 8.114707
96.401 1.085654 1.291153 -1.729938 8.116899
96.501 1.085516 1.290288 -1.726448 8.117775
96.601 1.085424 1.289688 -1.721037 8.118382
96.701 1.085406 1.289571 -1.715627 8.118500
96.801 1.085592 1.290904 -1.704806 8.119846
96.901 1.085747 1.292093 -1.697475 8.121044
97.001 1.085819 1.292668 -1.692065 8.121624
97.101 1.085922 1.293558 -1.679498 8.122521
97.201 1.086072 1.295178 -1.653144 8.124147
97.301 1.086212 1.297274 -1.628709 8.126248
97.402 1.086292 1.299028 -1.609511 8.128004
97.501 1.086337 1.300732 -1.590312 8.129709
97.601 1.086342 1.300971 -1.595548 8.129947
97.701 1.086339 1.300832 -1.595548 8.130086
97.801 1.086302 1.298928 -1.588567 8.131990
97.901 1.086221 1.294141 -1.588567 8.136778
98.001 1.086053 1.283854 -1.588567 8.147066
98.101 1.085863 1.272573 -1.588567 8.158349
98.201 1.085819 1.269365 -1.581585 8.161558
98.302 1.085815 1.264841 -1.560641 8.166082
98.401 1.085808 1.264900 -1.550169 8.166141
98.502 1.085777 1.265954 -1.534461 8.167195
98.601 1.085827 1.265188 -1.506536 8.167963
98.702 1.086023 1.262685 -1.476866 8.170474
98.801 1.086316 1.259923 -1.461158 8.173252
98.901 1.087626 1.249461 -1.433232 8.183795
99.001 1.089022 1.240986 -1.393090 8.192384
99.101 1.091196 1.230196 -1.358183 8.203391
99.201 1.095832 1.211579 -1.302333 8.222577
99.301 1.098787 1.201604 -1.269171 8.232980
99.401 1.126147 1.283341 -1.180011 8.319174
99.501 1.133195 1.267139 -1.143359 8.336843
99.611 1.140916 1.251118 -1.110198 8.354628
99.701 1.144640 1.243775 -1.094664 8.362861
99.801 1.152810 1.228441 -1.064819 8.380237
99.901 1.159743 1.216508 -1.029913 8.394036
100.001 1.168974 1.201471 -1.014030 8.411681
100.101 1.175176 1.191660 -1.001638 8.423288
100.201 1.182868 1.179396 -1.022582 8.437765
100.301 1.191896 1.164322 -1.041955 8.455335
100.401 1.197627 1.154252 -1.059583 8.466922
100.502 1.204635 1.141534 -1.075466 8.481443
100.601 1.212906 1.126089 -1.079131 8.498964
100.701 1.218191 1.116221 -1.079131 8.510157
100.801 1.223642 1.105976 -1.082796 8.521762
100.901 1.231676 1.090841 -1.082796 8.538897
101.001 1.236696 1.081322 -1.086461 8.549660
101.101 1.244655 1.066138 -1.090127 8.566802
101.201 1.249580 1.056508 -1.102693 8.577619
101.301 1.254338 1.047033 -1.109674 8.588222
101.401 1.262955 1.029249 -1.120495 8.607983
101.501 1.267887 1.018976 -1.124160 8.619379
101.601 1.272920 1.008271 -1.138123 8.631207
101.701 1.278833 0.995060 -1.162558 8.645682
101.801 1.285261 0.979475 -1.193974 8.662540
101.901 1.289291 0.969008 -1.211427 8.673757
102.002 1.293023 0.958622 -1.230626 8.684792
102.101 1.299899 0.939070 -1.234116 8.705518
102.202 1.303718 0.927974 -1.242843 8.717253
102.301 1.333649 0.925432 -1.370834 8.747291
102.401 1.336528 0.911223 -1.372580 8.761789
102.501 1.338699 0.900389 -1.372580 8.772838
102.601 1.342131 0.883528 -1.369089 8.790045
102.701 1.344553 0.871738 -1.365598 8.802081
102.801 1.347681 0.856303 -1.374325 8.817830
102.901 1.350468 0.841994 -1.381306 8.832408
103.001 1.352661 0.830426 -1.384797 8.844183
103.101 1.356024 0.812288 -1.390033 8.862629
103.201 1.358582 0.798061 -1.395269 8.877085
103.301 1.360680 0.786082 -1.398760 8.889246
103.401 1.363084 0.772011 -1.402250 8.903520
103.501 1.366105 0.754262 -1.402250 8.921525
103.601 1.368038 0.742989 -1.400505 8.932962
103.702 1.369981 0.731972 -1.395269 8.944150
103.801 1.373484 0.712733 -1.388288 8.963705
103.901 1.375697 0.700944 -1.383052 8.975700
104.001 1.378982 0.683843 -1.379561 8.993113
104.101 1.381752 0.669821 -1.374325 9.007407
104.202 1.384016 0.658370 -1.376070 9.019079
104.301 1.387447 0.640701 -1.381306 9.037078
104.401 1.390185 0.626507 -1.379561 9.051534
104.501 1.392545 0.614565 -1.374325 9.063707
104.601 1.395690 0.598045 -1.390033 9.080523
104.701 1.398154 0.583900 -1.403996 9.094881
104.801 1.400036 0.572604 -1.405741 9.106333
104.901 1.402927 0.555065 -1.407486 9.124109
105.001 1.405293 0.540647 -1.407486 9.138720
105.101 1.407276 0.528804 -1.403996 9.150728
105.201 1.410134 0.512033 -1.398760 9.167740
105.301 1.467638 0.480819 -1.400280 9.233170
105.401 1.506723 0.450833 -1.398310 9.282432
105.501 1.509224 0.436622 -1.393074 9.296861
105.601 1.511292 0.424841 -1.398310 9.308822
105.701 1.514296 0.407428 -1.400055 9.326492
105.801 1.516789 0.392814 -1.401800 9.341318
105.901 1.518793 0.381041 -1.401800 9.353259
106.001 1.521784 0.363196 -1.408782 9.371354
106.101 1.524054 0.349033 -1.414018 9.385697
106.201 1.525790 0.337763 -1.419253 9.397100
106.301 1.528436 0.319983 -1.426235 9.415077
106.401 1.530101 0.308545 -1.426235 9.426634
106.501 1.532501 0.291435 -1.433216 9.443912
106.601 1.534122 0.279878 -1.431471 9.455583
106.701 1.536565 0.262562 -1.429725 9.473070
106.801 1.538667 0.247804 -1.429725 9.487977
106.901 1.540323 0.236210 -1.427980 9.499688
107.002 1.542417 0.221684 -1.426235 9.514364
107.101 1.544911 0.204378 -1.426235 9.531849
107.201 1.546465 0.192980 -1.441943 9.543353
107.301 1.547947 0.181189 -1.448924 9.555237
107.401 1.550284 0.160934 -1.455905 9.575626
107.501 1.551642 0.149160 -1.455905 9.587479
107.601 1.553019 0.137459 -1.450669 9.599260
107.701 1.555594 0.116899 -1.441943 9.619981
107.801 1.557138 0.105069 -1.440197 9.631911
107.901 1.559123 0.090508 -1.433216 9.646607
108.001 1.561537 0.073255 -1.431471 9.664028
108.101 1.563190 0.061578 -1.429725 9.675821
108.201 1.565265 0.047149 -1.427980 9.690399
108.301 1.567571 0.031081 -1.427980 9.706631
108.402 1.627996 0.007419 -1.434828 9.771524
108.501 1.653390 -0.014418 -1.440327 9.805016
108.602 1.654965 -0.027133 -1.452544 9.817828
108.701 1.656053 -0.036761 -1.463016 9.827517
108.801 1.657200 -0.049309 -1.494432 9.840118
108.901 1.658071 -0.065484 -1.532829 9.856316
109.002 1.658376 -0.075733 -1.541556 9.866569
109.101 1.658656 -0.086619 -1.546792 9.877459
109.201 1.659137 -0.105429 -1.541556 9.896275
109.301 1.659544 -0.117245 -1.532829 9.908098
109.401 1.660192 -0.134329 -1.534574 9.925194
109.501 1.660617 -0.146497 -1.536320 9.937370
109.601 1.660988 -0.158124 -1.541556 9.949003
109.702 1.661568 -0.178883 -1.545046 9.969769
109.801 1.661840 -0.190389 -1.548537 9.981279
109.901 1.662054 -0.202040 -1.553773 9.992932
110.002 1.662258 -0.221224 -1.564245 10.012117
110.102 1.662258 -0.230776 -1.574717 10.021669
110.201 1.662173 -0.240350 -1.583444 10.031243
110.301 1.661922 -0.251037 -1.602642 10.041934
110.402 1.661811 -0.257313 -1.546792 10.048211
110.502 1.661817 -0.257516 -1.485705 10.048413
110.601 1.661814 -0.257387 -1.407165 10.048542
110.701 1.661798 -0.257338 -1.307681 10.048593
110.801 1.661773 -0.257263 -1.239614 10.048672
110.901 1.661876 -0.257504 -1.120931 10.048934
111.001 1.661889 -0.257522 -1.063335 10.048956
111.101 1.665514 -0.263617 -1.017957 10.056048
111.205 1.674128 -0.276175 -0.939417 10.071276
111.301 1.680982 -0.285090 -0.899274 10.082522
111.402 1.692346 -0.298390 -0.834697 10.100015
111.501 1.727981 -0.317130 -0.674901 10.140277
111.601 1.736785 -0.323845 -0.639994 10.151350
111.701 1.751254 -0.334022 -0.591125 10.169040
111.801 1.763510 -0.342029 -0.566690 10.183679
111.901 1.773348 -0.348169 -0.549237 10.195276
112.006 1.788139 -0.356748 -0.496877 10.212375
112.101 1.797419 -0.361510 -0.461971 10.222805
112.202 1.811990 -0.368150 -0.406120 10.238818
112.301 1.829925 -0.376476 -0.363262 10.258591
112.401 1.862577 -0.396156 -0.390429 10.296716
112.501 1.875017 -0.400950 -0.352031 10.310048
112.601 1.889686 -0.405724 -0.285709 10.325474
112.701 1.899769 -0.408403 -0.243821 10.335907
112.801 1.913555 -0.411388 -0.194952 10.350012
112.901 1.931321 -0.414233 -0.132120 10.368004
113.001 1.942834 -0.415575 -0.109431 10.379595
113.101 1.960282 -0.417085 -0.067543 10.397109
113.201 1.973519 -0.417811 -0.046424 10.410366
113.302 1.983973 -0.418164 -0.027226 10.420825
113.401 1.994127 -0.418309 -0.011343 10.430981
113.504 1.993693 -0.386977 -0.009342 10.462316
113.604 2.002802 -0.386999 0.001130 10.471425
113.705 2.021578 -0.386736 0.025914 10.490203
113.802 2.038066 -0.386091 0.047032 10.506703
113.905 2.044079 -0.385776 0.052268 10.512725
114.005 2.061540 -0.384668 0.068325 10.530221
114.101 2.081385 -0.383062 0.091363 10.550131
114.201 2.092923 -0.381911 0.105326 10.561726
114.301 2.104472 -0.380541 0.128190 10.573356
114.401 2.125350 -0.377545 0.149134 10.594448
114.502 2.136965 -0.375784 0.152799 10.606195
114.601 2.148342 -0.373974 0.158210 10.617716
114.702 2.167119 -0.370929 0.161875 10.636738
114.801 2.176804 -0.369321 0.165540 10.646555
114.902 2.186190 -0.367740 0.169205 10.656074
115.003 2.201115 -0.365175 0.172870 10.671217
115.105 2.208790 -0.363835 0.172870 10.679009
115.202 2.211624 -0.363274 0.223485 10.681897
115.307 2.211739 -0.363248 0.307086 10.682016
115.404 2.211733 -0.363248 0.356130 10.682022
115.501 2.211769 -0.363236 0.413726 10.682060
115.601 2.211981 -0.363136 0.474812 10.682295
115.701 2.211545 -0.363378 0.551607 10.682794
115.801 2.211679 -0.363291 0.603967 10.682954
115.901 2.210881 -0.363935 0.687742 10.683980
116.001 2.212933 -0.362227 0.691233 10.686650
116.102 2.210348 -0.315679 0.796653 10.733270
116.201 2.223910 -0.302803 0.730330 10.751970
116.301 2.232293 -0.295776 0.674480 10.762909
116.401 2.241379 -0.288815 0.637828 10.774355
116.501 2.253768 -0.280252 0.587213 10.789415
116.601 2.268955 -0.271009 0.519145 10.807194
116.701 2.278550 -0.265856 0.475512 10.818085
116.801 2.290573 -0.260143 0.423152 10.831396
116.901 2.306471 -0.253629 0.367302 10.848577
117.001 2.322726 -0.260849 0.289641 10.866364
117.104 2.338657 -0.267480 0.204870 10.883620
117.201 2.356104 -0.264405 0.152510 10.901335
117.301 2.367676 -0.262824 0.122665 10.913015
117.402 2.386476 -0.261173 0.063323 10.931887
117.501 2.398271 -0.260682 0.028417 10.943693
117.601 2.409476 -0.260596 -0.006490 10.954898
117.701 2.424383 -0.261131 -0.055359 10.969814
117.803 2.441405 -0.262625 -0.109464 10.986902
117.901 2.452388 -0.264113 -0.147861 10.997986
118.001 2.484443 -0.255348 -0.209970 11.031218
118.101 2.528977 -0.222964 -0.244258 11.086281
118.201 2.539135 -0.225723 -0.279165 11.096807
118.301 2.554007 -0.230476 -0.333270 11.112420
118.401 2.563880 -0.234138 -0.368176 11.122951
118.501 2.577335 -0.239784 -0.413555 11.137542
118.601 2.592901 -0.246994 -0.443226 11.154697
118.701 2.603380 -0.252138 -0.462424 11.166370
118.801 2.615773 -0.258496 -0.479878 11.180299
118.901 2.629648 -0.265900 -0.497331 11.196026
119.005 2.639245 -0.271260 -0.518275 11.207018
119.101 2.651682 -0.278538 -0.537473 11.221428
119.202 2.665338 -0.286963 -0.561908 11.237474
119.301 2.674087 -0.292609 -0.579361 11.247886
119.401 2.689352 -0.302963 -0.607287 11.266332
119.501 2.698399 -0.309316 -0.617759 11.277386
119.605 2.735420 -0.284053 -0.619895 11.322206
119.702 2.744950 -0.291011 -0.642584 11.334005
119.807 2.755207 -0.298773 -0.653056 11.346869
119.902 2.768426 -0.309249 -0.684472 11.363735
120.001 2.777187 -0.316469 -0.691453 11.375087
120.102 2.786540 -0.324385 -0.707161 11.387341
120.201 2.797210 -0.333655 -0.719378 11.401475
120.302 2.808835 -0.344107 -0.743813 11.417109
120.401 2.816344 -0.351165 -0.763012 11.427414
120.502 2.831441 -0.366032 -0.792682 11.448602
120.601 2.839376 -0.374167 -0.803154 11.459966
120.702 2.849007 -0.384236 -0.813626 11.473899
120.802 2.858489 -0.394579 -0.836490 11.487931
120.901 2.868008 -0.405328 -0.855863 11.502289
121.001 2.875040 -0.413622 -0.870000 11.513163
121.101 2.884967 -0.425785 -0.892864 11.528863
121.201 2.895773 -0.439315 -0.900194 11.546179
121.301 2.901265 -0.446282 -0.903860 11.555050
121.401 2.911624 -0.459632 -0.916251 11.571948
121.501 2.919552 -0.470101 -0.927073 11.585080
121.604 2.925971 -0.478701 -0.930738 11.595811
121.702 2.936650 -0.493393 -0.946795 11.613974
121.801 2.944803 -0.504898 -0.957616 11.628075
121.901 2.951244 -0.514095 -0.961281 11.639303
122.001 2.960190 -0.527124 -0.980654 11.655107
122.106 2.966634 -0.536855 -0.989555 11.666779
122.216 2.969946 -0.541930 -0.993221 11.672839
122.302 2.975286 -0.550238 -1.003867 11.682716
122.401 2.978566 -0.555700 -1.084327 11.689086
122.501 2.978522 -0.555580 -1.150649 11.689214
122.601 2.978448 -0.555415 -1.255369 11.689395
122.701 2.978470 -0.555492 -1.305984 11.689474
122.802 3.024005 -0.548427 -1.588403 11.735554
122.903 3.023890 -0.552928 -1.602365 11.740057
123.001 3.023024 -0.568740 -1.637795 11.755892
123.101 3.022472 -0.576804 -1.641286 11.763975
123.201 3.021458 -0.591428 -1.637795 11.778634
123.301 3.020424 -0.607113 -1.635876 11.794353
123.402 3.019733 -0.618389 -1.630465 11.805651
123.501 3.018888 -0.634019 -1.621564 11.821303
123.602 3.018516 -0.642036 -1.614408 11.829329
123.701 3.017941 -0.657260 -1.603936 11.844564
123.801 3.017535 -0.665063 -1.659787 11.852377
123.901 3.017560 -0.664871 -1.733090 11.852570
124.001 3.017530 -0.664943 -1.823848 11.852648
124.101 3.017603 -0.664703 -1.932058 11.852899
124.202 3.017586 -0.664731 -2.047250 11.852933
124.301 3.017337 -0.665506 -2.151199 11.853747
124.401 3.016166 -0.665227 -2.239882 11.854951
124.502 3.016043 -0.665370 -2.309695 11.855140
124.601 3.015975 -0.665442 -2.330639 11.855239
124.701 3.015962 -0.665457 -2.388235 11.855259
124.810 3.015673 -0.665701 -2.454382 11.855637
124.901 3.015769 -0.665627 -2.489464 11.855759
125.002 3.015573 -0.665773 -2.536413 11.856003
125.103 3.042634 -0.685189 -2.599214 11.889309
125.201 3.042324 -0.685376 -2.597469 11.889670
125.301 3.042137 -0.685490 -2.597469 11.889889
125.401 3.042154 -0.685479 -2.597469 11.889909
125.501 3.042154 -0.685479 -2.597469 11.889909
125.601 3.042154 -0.685479 -2.597469 11.889909
125.702 3.042223 -0.685437 -2.585251 11.889990
125.803 3.043944 -0.684272 -2.534637 11.892068
125.901 3.046083 -0.682668 -2.466569 11.894742
126.001 3.047321 -0.681571 -2.344396 11.896395
126.101 3.047636 -0.681207 -2.255384 11.896877
126.201 3.048525 -0.679975 -2.155900 11.898396
126.301 3.049764 -0.677849 -2.056417 11.900857
126.401 3.050147 -0.677028 -1.923772 11.901763
126.501 3.050229 -0.676757 -1.817307 11.902045
126.611 3.050301 -0.676375 -1.726549 11.902434
126.701 3.084082 -0.634498 -1.496410 11.956238
126.818 3.084900 -0.639473 -1.367256 11.961279
126.901 3.087034 -0.647748 -1.290461 11.969825
127.001 3.091277 -0.660043 -1.204940 11.982831
127.101 3.095275 -0.674414 -1.104917 11.997748
127.201 3.041065 -0.676170 -0.993724 12.051987
127.301 3.047242 -0.684929 -0.934557 12.062706
127.401 3.059879 -0.700159 -0.840135 12.082496
127.501 3.067998 -0.708645 -0.787775 12.094240
127.601 3.076508 -0.716733 -0.745887 12.105981
127.703 3.093117 -0.730730 -0.675623 12.127701
127.807 3.107515 -0.741150 -0.650633 12.145474
127.902 3.117186 -0.748263 -0.624453 12.157479
128.001 3.133597 -0.759495 -0.586056 12.177366
128.101 3.142712 -0.765307 -0.556386 12.188176
128.201 3.151785 -0.770814 -0.540678 12.198790
128.301 3.166902 -0.779395 -0.502280 12.216173
128.401 3.175940 -0.784228 -0.484827 12.226421
128.501 3.191907 -0.792409 -0.465628 12.244362
128.601 3.205119 -0.798803 -0.441194 12.259040
128.701 3.216079 -0.803812 -0.420250 12.271090
128.802 3.232298 -0.810484 -0.367890 12.288629
128.901 3.246288 -0.815415 -0.319021 12.303462
129.001 3.257295 -0.818934 -0.305058 12.315018
129.101 3.274348 -0.823959 -0.277133 12.332795
129.201 3.285346 -0.826906 -0.252698 12.344182
129.301 3.293610 -0.884021 -0.228421 12.401891
129.401 3.308356 -0.887246 -0.205731 12.416986
129.502 3.320130 -0.889507 -0.183042 12.428975
129.601 3.337241 -0.892459 -0.162098 12.446339
129.701 3.351158 -0.894535 -0.141154 12.460410
129.803 3.362404 -0.895913 -0.107993 12.471740
129.901 3.379707 -0.897356 -0.062789 12.489103
130.001 3.393663 -0.897911 -0.024217 12.503070
130.101 3.404377 -0.897957 0.007024 12.513784
130.201 3.418520 -0.897523 0.045596 12.527933
130.301 3.435746 -0.896280 0.090975 12.545205
130.401 3.449778 -0.894734 0.124136 12.559321
130.501 3.460572 -0.893182 0.153632 12.570226
130.601 3.471920 -0.891249 0.176496 12.581738
130.701 3.483522 -0.888996 0.199360 12.593557
130.801 3.503291 -0.884434 0.244738 12.613845
130.901 3.514026 -0.881551 0.272838 12.624960
131.004 3.524299 -0.872838 0.318323 12.638431
131.101 3.535576 -0.868929 0.344678 12.650367
131.204 3.551382 -0.862984 0.365622 12.667254
131.301 3.564255 -0.857807 0.393721 12.681128
131.401 3.574188 -0.853632 0.402448 12.691903
131.501 3.587370 -0.847934 0.413269 12.706264
131.601 3.600809 -0.842024 0.416934 12.720945
131.701 3.611662 -0.837206 0.418680 12.732819
131.801 3.622063 -0.832544 0.423916 12.744218
131.908 3.639167 -0.824758 0.429501 12.763011
132.001 3.644291 -0.822411 0.429501 12.768647
132.101 3.660322 -0.815040 0.433166 12.786291
132.208 3.678702 -0.806540 0.433166 12.806541
132.301 3.689799 -0.801434 0.431246 12.818756
132.405 3.700327 -0.796478 0.447129 12.830392
132.501 3.716563 -0.788500 0.466153 12.848483
132.601 3.732286 -0.780414 0.480290 12.866163
132.701 3.745391 -0.773517 0.490762 12.880972
132.801 3.755453 -0.768129 0.492507 12.892386
132.901 3.767495 -0.761607 0.497743 12.906080
133.001 3.778743 -0.755495 0.497743 12.918882
133.101 3.796080 -0.745990 0.502979 12.938654
133.201 3.806258 -0.740391 0.502979 12.950271
133.301 3.816520 -0.734739 0.504724 12.961986
133.401 3.834845 -0.724615 0.504724 12.982921
133.501 3.844902 -0.719059 0.504724 12.994411
133.601 3.860389 -0.710462 0.508215 13.012124
133.701 3.870648 -0.704748 0.508215 13.023866
133.806 3.885027 -0.696718 0.509960 13.040336
133.901 3.896828 -0.690095 0.511706 13.053869
134.002 3.904395 -0.685820 0.515196 13.062560
134.101 3.902163 -0.606760 0.570974 13.141652
134.201 3.916381 -0.597632 0.567483 13.158547
134.301 3.923994 -0.592816 0.560502 13.167556
134.402 3.939999 -0.582831 0.553520 13.186421
134.504 3.948304 -0.577779 0.543048 13.196141
134.601 3.959851 -0.570983 0.525595 13.209539
134.701 3.975222 -0.562337 0.504651 13.227175
134.805 3.984541 -0.557292 0.490514 13.237772
134.901 3.996039 -0.551285 0.474631 13.250745
135.001 4.008319 -0.545113 0.458749 13.264488
135.101 4.021892 -0.538562 0.442866 13.279560
135.201 4.037366 -0.531354 0.430475 13.296631
135.302 4.044794 -0.527987 0.421399 13.304786
135.401 4.059712 -0.521440 0.407262 13.321077
135.515 4.066202 -0.518664 0.403597 13.328136
135.601 4.084783 -0.510981 0.387365 13.348242
135.701 4.095678 -0.506576 0.381954 13.359994
135.801 4.109172 -0.501195 0.374624 13.374522
135.901 4.124509 -0.495223 0.369214 13.390981
136.005 4.134324 -0.491456 0.365548 13.401493
136.105 4.144517 -0.487615 0.356647 13.412386
136.202 4.154673 -0.483847 0.352982 13.423219
136.301 4.155259 -0.483630 0.352982 13.423844
136.404 4.155252 -0.483637 0.321566 13.423853
136.501 4.155441 -0.483576 0.272522 13.424052
136.606 4.155788 -0.483487 0.239361 13.424410
136.701 4.155877 -0.483468 0.194157 13.424502
136.801 4.155758 -0.483487 0.141797 13.424622
136.901 4.155638 -0.483502 0.101655 13.424744
137.005 4.155030 -0.483562 0.098164 13.425355
137.102 4.155190 -0.483546 0.098164 13.425515
137.201 4.155190 -0.483546 0.098164 13.425515
137.301 4.170616 -0.402212 -0.068324 13.508299
137.401 4.170616 -0.402212 -0.068324 13.508299
137.501 4.170616 -0.402212 -0.068324 13.508299
137.601 4.170616 -0.402212 -0.068324 13.508299
137.701 4.170616 -0.402212 -0.068324 13.508299
137.802 4.170616 -0.402212 -0.068324 13.508299
137.901 4.170616 -0.402212 -0.068324 13.508299
138.001 4.170616 -0.402212 -0.068324 13.508299
138.101 4.170616 -0.402212 -0.068324 13.508299
138.201 4.170616 -0.402212 -0.068324 13.508299
138.301 4.170616 -0.402212 -0.068324 13.508299
138.401 4.170616 -0.402212 -0.068324 13.508299
138.502 4.170616 -0.402212 -0.068324 13.508299
138.601 4.170616 -0.402212 -0.068324 13.508299
138.701 4.170616 -0.402212 -0.068324 13.508299
138.808 4.170616 -0.402212 -0.068324 13.508299
138.902 4.170616 -0.402212 -0.068324 13.508299
139.002 4.170616 -0.402212 -0.068324 13.508299
139.102 4.170616 -0.402212 -0.068324 13.508299
139.202 4.170616 -0.402212 -0.068324 13.508299
139.301 4.170616 -0.402212 -0.068324 13.508299
139.401 4.170616 -0.402212 -0.068324 13.508299
139.501 4.170616 -0.402212 -0.068324 13.508299
139.601 4.170616 -0.402212 -0.068324 13.508299
139.701 4.172863 -0.402282 -0.014045 13.510547
139.801 4.178825 -0.402102 0.066240 13.516512
139.901 4.182028 -0.401800 0.102892 13.519729
140.002 4.207389 -0.396530 0.280741 13.545631
140.101 4.217877 -0.393029 0.350555 13.556688
140.201 4.228518 -0.388577 0.422288 13.568224
140.317 4.245780 -0.379406 0.533989 13.587770
140.402 4.224551 -0.353900 0.767002 13.620954
140.501 4.222825 -0.341856 0.831053 13.633121
140.603 4.234452 -0.327801 0.913083 13.651362
140.701 4.241255 -0.318953 0.918319 13.662524
140.801 4.248477 -0.309416 0.923555 13.674487
140.902 4.268234 -0.287013 0.910702 13.704356
141.004 4.284036 -0.269024 0.877731 13.728301
141.101 4.295921 -0.254664 0.881222 13.746941
141.201 4.302202 -0.247046 0.881222 13.756814
141.301 4.312645 -0.234344 0.882967 13.773258
141.401 4.323481 -0.221141 0.884712 13.790339
141.501 4.329018 -0.214315 0.889948 13.799128
141.601 4.339487 -0.201351 0.893439 13.815791
141.701 4.348554 -0.190063 0.895184 13.830270
141.801 4.356140 -0.180580 0.896930 13.842413
141.901 4.366866 -0.166995 0.903911 13.859723
142.002 4.376210 -0.155050 0.910892 13.874888
142.101 4.383076 -0.146216 0.910892 13.886077
142.201 4.393282 -0.133064 0.910892 13.902724
142.301 4.402054 -0.121556 0.926600 13.917194
142.402 4.408955 -0.112318 0.930091 13.928725
142.501 4.419073 -0.098659 0.937072 13.945724
142.601 4.425542 -0.089839 0.938818 13.956661
142.701 4.435353 -0.076365 0.944054 13.973329
142.801 4.443432 -0.065135 0.952780 13.987163
142.901 4.446554 -0.060677 0.959762 13.992605
143.001 4.458590 -0.042983 0.989781 14.014005
143.101 4.466206 -0.030566 1.038650 14.028572
143.201 4.472028 -0.020034 1.080538 14.040605
143.301 4.478383 -0.007297 1.122601 14.054840
143.401 4.485210 0.008282 1.180022 14.071849
143.501 4.489605 0.019007 1.183687 14.083439
143.601 4.493871 0.029557 1.189272 14.094819
143.703 4.499614 0.044821 1.231335 14.111128
143.804 4.504045 0.058325 1.271303 14.125340
143.902 4.507549 0.070685 1.311445 14.138188
144.001 4.510919 0.084842 1.358569 14.152740
144.102 4.492846 0.119954 1.478477 14.192231
144.202 4.454944 0.159074 1.589440 14.246700
144.301 4.454585 0.171762 1.605497 14.259393
144.401 4.454078 0.181874 1.631502 14.269518
144.501 4.453176 0.195144 1.645639 14.282819
144.601 4.451848 0.211280 1.659777 14.299009
144.701 4.450902 0.221733 1.665013 14.309505
144.801 4.449656 0.234811 1.666932 14.322642
144.902 4.448268 0.248849 1.670598 14.336749
145.005 4.447391 0.257465 1.672343 14.345409
145.106 4.446087 0.269643 1.683164 14.357657
145.201 4.444458 0.283575 1.691891 14.371683
145.301 4.443505 0.291200 1.697127 14.379367
145.401 4.442010 0.302337 1.707599 14.390605
145.501 4.440697 0.311684 1.712835 14.400044
145.602 4.439670 0.318773 1.716325 14.407207
145.701 4.437946 0.330322 1.721561 14.418884
145.801 4.436563 0.339304 1.725052 14.427971
145.901 4.435177 0.348065 1.728543 14.436841
146.001 4.432922 0.361977 1.733778 14.450934
146.103 4.430506 0.375923 1.745996 14.465088
146.204 4.428301 0.387552 1.761704 14.476925
146.301 4.424708 0.404702 1.789629 14.494447
146.401 4.422038 0.415916 1.810573 14.505974
146.501 4.417977 0.431701 1.831517 14.522273
146.601 4.414476 0.444404 1.847225 14.535451
146.701 4.411785 0.453616 1.857697 14.545047
146.801 4.407570 0.467461 1.871660 14.559520
146.902 4.404436 0.477322 1.880386 14.569867
147.002 4.401908 0.485106 1.887367 14.578051
147.101 4.397776 0.497494 1.896094 14.591110
147.206 4.395170 0.505102 1.903075 14.599151
147.301 4.326813 0.516352 2.025286 14.668427
147.402 4.326504 0.516985 2.025286 14.669132
147.516 4.326531 0.516929 2.025286 14.669195
147.602 4.326548 0.516895 2.025286 14.669233
147.701 4.326548 0.516895 2.025286 14.669233
147.801 4.326548 0.516895 2.025286 14.669233
147.901 4.326548 0.516895 2.025286 14.669233
148.009 4.326548 0.516895 2.025286 14.669233
148.103 4.326548 0.516895 2.025286 14.669233
148.201 4.326548 0.516895 2.025286 14.669233
148.301 4.326548 0.516895 2.025286 14.669233
148.401 4.326548 0.516895 2.025286 14.669233
148.502 4.326548 0.516895 2.025286 14.669233
148.602 4.326548 0.516895 2.025286 14.669233
148.701 4.326548 0.516895 2.025286 14.669233
148.801 4.326548 0.516895 2.025286 14.669233
148.901 4.326548 0.516895 2.025286 14.669233
149.001 4.326548 0.516895 2.025286 14.669233
149.102 4.326548 0.516895 2.025286 14.669233
149.201 4.326548 0.516895 2.025286 14.669233
149.301 4.326548 0.516895 2.025286 14.669233
149.401 4.326548 0.516895 2.025286 14.669233
149.501 4.326548 0.516895 2.025286 14.669233
149.601 4.326548 0.516895 2.025286 14.669233
149.704 4.326548 0.516895 2.025286 14.669233
149.802 4.326548 0.516895 2.025286 14.669233
149.901 4.323474 0.523462 1.995616 14.676483
150.001 4.319752 0.532328 1.950237 14.686099
150.101 4.316182 0.541865 1.918821 14.696282
150.201 4.310742 0.558452 1.868207 14.713738
150.302 4.312156 0.564571 1.846900 14.720019
150.401 4.309108 0.576157 1.818975 14.731999
150.501 4.305884 0.590108 1.784068 14.746318
150.602 4.302816 0.605919 1.749162 14.762424
150.701 4.300886 0.616926 1.740435 14.773599
150.801 4.298628 0.631342 1.717746 14.788190
150.901 4.296285 0.648821 1.696802 14.805826
151.002 4.294866 0.660908 1.682839 14.817996
151.101 4.293676 0.673015 1.661721 14.830161
151.202 4.292556 0.687469 1.637111 14.844659
151.305 4.291643 0.703552 1.621229 14.860767
151.401 4.291199 0.714040 1.605346 14.871264
151.501 4.290758 0.733543 1.589289 14.890772
151.602 4.290612 0.745367 1.578468 14.902597
151.703 4.290533 0.757049 1.576723 14.914279
151.801 4.290487 0.777938 1.571138 14.935169
151.903 4.290445 0.789663 1.574803 14.946893
152.002 4.290374 0.800649 1.578468 14.957880
152.104 4.290219 0.820803 1.578468 14.978034
152.201 4.290124 0.832452 1.578468 14.989685
152.302 4.290039 0.843652 1.578468 15.000884
152.402 4.289942 0.862603 1.576723 15.019836
152.501 4.289678 0.873199 1.602903 15.030435
152.601 4.289256 0.883906 1.615295 15.041150
152.701 4.288283 0.904458 1.620705 15.061725
152.801 4.287675 0.916519 1.622625 15.073802
152.901 4.286882 0.930722 1.628036 15.088027
153.001 4.285705 0.948797 1.647583 15.106140
153.102 4.284653 0.960313 1.673763 15.117704
153.203 4.282861 0.975270 1.701863 15.132767
153.301 4.211756 1.041720 1.702699 15.230090
153.401 4.210262 1.051848 1.727133 15.240328
153.504 4.207837 1.065776 1.753313 15.254464
153.601 4.205685 1.076606 1.770767 15.265506
153.702 4.201007 1.096692 1.814400 15.286130
153.801 4.197281 1.110449 1.845816 15.300382
153.902 4.194120 1.121192 1.863269 15.311581
154.001 4.190431 1.132882 1.880722 15.323839
154.101 4.185288 1.147871 1.912138 15.339687
154.201 4.179298 1.163619 1.945300 15.356535
154.301 4.175934 1.172076 1.952281 15.365636
154.401 4.169140 1.188625 1.967989 15.383525
154.501 4.162156 1.204504 1.994169 15.400872
154.602 4.158583 1.212204 2.009877 15.409361
154.701 4.150515 1.228864 2.032566 15.427871
154.809 4.145915 1.237762 2.051765 15.437889
154.902 4.140778 1.247318 2.069218 15.448738
155.002 4.130901 1.264756 2.095398 15.468779
155.101 4.124994 1.274882 2.102379 15.480502
155.202 4.118848 1.285177 2.112851 15.492492
155.301 4.108287 1.302507 2.123323 15.512786
155.402 4.102150 1.312403 2.126814 15.524430
155.501 4.095924 1.322354 2.132050 15.536169
155.601 4.028541 1.310712 2.219656 15.604550
155.707 4.001124 1.317062 2.246637 15.632692
155.802 3.995635 1.323891 2.248382 15.641454
155.901 3.985070 1.337090 2.244891 15.658360
156.005 3.974431 1.350480 2.236165 15.675463
156.101 3.968885 1.357565 2.234419 15.684461
156.204 3.958065 1.371619 2.223947 15.702198
156.301 3.952788 1.378491 2.225693 15.710861
156.401 3.952689 1.378620 2.225693 15.711024
156.501 3.946485 1.386754 2.220457 15.721254
156.601 3.937965 1.398078 2.213475 15.735426
156.701 3.929157 1.410150 2.192531 15.750369
156.802 3.922903 1.419111 2.176823 15.761297
156.901 3.916662 1.428200 2.168097 15.772322
157.006 3.908411 1.440548 2.154134 15.787173
157.101 3.899948 1.453540 2.138426 15.802678
157.201 3.894416 1.462208 2.138426 15.812961
157.301 3.886973 1.473969 2.134936 15.826880
157.401 3.877376 1.489474 2.124464 15.845114
157.502 3.871040 1.499724 2.124464 15.857164
157.602 3.861280 1.515468 2.126209 15.875689
157.701 3.854811 1.525832 2.129700 15.887905
157.801 3.848633 1.535671 2.131445 15.899523
157.901 3.839780 1.549939 2.122718 15.916315
158.006 3.831372 1.563637 2.120973 15.932387
158.103 3.826898 1.570951 2.119228 15.940961
158.201 3.817634 1.586163 2.117482 15.958772
158.301 3.808324 1.601563 2.112246 15.976767
158.401 3.803723 1.609254 2.108756 15.985730
158.501 3.795331 1.623365 2.107010 16.002147
158.604 3.789565 1.633077 2.105265 16.013442
158.701 3.784282 1.642056 2.101774 16.023860
158.805 3.777198 1.654203 2.096538 16.037922
158.901 3.718598 1.651606 2.030387 16.096580
159.001 3.717785 1.653228 2.049586 16.098394
159.102 3.717587 1.653601 2.068785 16.098816
159.202 3.717536 1.653688 2.112418 16.098917
159.301 3.717533 1.653689 2.145579 16.098920
159.401 3.717249 1.654103 2.201430 16.099422
159.501 3.717410 1.653894 2.238081 16.099686
159.601 3.717122 1.654225 2.272988 16.100125
159.702 3.716655 1.654777 2.272988 16.100848
159.801 3.716551 1.654900 2.272988 16.101008
159.901 3.718562 1.652696 2.330584 16.103992
160.001 3.719826 1.651431 2.379453 16.105780
160.101 3.721648 1.649883 2.471956 16.108171
160.201 3.724401 1.648073 2.629035 16.111465
160.304 3.726122 1.647215 2.711066 16.113389
160.401 3.727962 1.646495 2.800078 16.115364
160.502 3.729418 1.646063 2.908288 16.116883
160.602 3.729651 1.646023 3.039188 16.117120
160.701 3.729525 1.623888 -3.043321 16.139255
160.801 3.730116 1.621585 -2.948408 16.141632
160.901 3.732907 1.622418 -2.784347 16.144544
161.001 3.734907 1.623292 -2.691845 16.146727
161.101 3.736438 1.624135 -2.606323 16.148475
161.202 3.801078 1.641164 -2.440725 16.215320
161.301 3.799648 1.639793 -2.355204 16.217300
161.401 3.797757 1.637680 -2.267937 16.220136
161.501 3.793172 1.631265 -2.152746 16.228021
161.602 3.788695 1.623588 -2.061988 16.236908
161.701 3.786484 1.619137 -2.016610 16.241878
161.802 3.779357 1.625259 -1.919466 16.251273
161.901 3.777390 1.619216 -1.865360 16.257628
162.001 3.775711 1.612924 -1.813000 16.264140
162.102 3.773750 1.602416 -1.717182 16.274830
162.203 3.773030 1.595921 -1.659411 16.281365
162.301 3.772787 1.592324 -1.621189 16.284969
162.402 3.764254 1.606085 -1.596710 16.301161
162.503 3.764259 1.607475 -1.553077 16.302551
162.601 3.764083 1.610646 -1.495481 16.305727
162.702 3.764013 1.611532 -1.439630 16.306616
162.802 3.764024 1.611428 -1.397742 16.306721
162.902 3.763704 1.612959 -1.352364 16.308285
163.001 3.762959 1.615839 -1.296513 16.311260
163.101 3.762477 1.617416 -1.256371 16.312909
163.201 3.761875 1.619118 -1.219719 16.314715
163.301 3.743752 1.637949 -1.142654 16.340849
163.404 3.742878 1.639501 -1.104081 16.342630
163.501 3.741724 1.641509 -1.016814 16.344946
163.601 3.739782 1.644085 -0.861480 16.348172
163.702 3.738327 1.645610 -0.777704 16.350280
163.801 3.735906 1.647675 -0.652040 16.353463
163.901 3.733808 1.649077 -0.545575 16.355986
164.006 3.732914 1.649579 -0.500197 16.357012
164.105 3.728539 1.648360 -0.375846 16.361553
164.202 3.717064 1.638760 -0.228054 16.376514
164.311 3.714952 1.639116 -0.144279 16.378655
164.401 3.712774 1.639273 -0.031007 16.380839
164.501 3.709769 1.639138 0.101813 16.383847
164.601 3.708184 1.638889 0.194315 16.385452
164.701 3.657991 1.629067 0.344070 16.436596
164.803 3.654627 1.627589 0.466243 16.440271
164.901 3.652960 1.626644 0.557000 16.442187
165.001 3.650673 1.624965 0.689645 16.445024
165.101 3.648861 1.623389 0.801447 16.447426
165.203 3.635758 1.622158 0.853399 16.460587
165.301 3.631570 1.619563 1.031230 16.465514
165.401 3.630954 1.618362 1.141186 16.466863
165.501 3.630662 1.617613 1.231943 16.467667
165.602 3.630182 1.615875 1.343644 16.469470
165.704 3.641085 1.596633 1.447637 16.491586
165.801 3.641121 1.597625 1.580282 16.492578
165.901 3.640971 1.599675 1.671039 16.494634
166.001 3.640226 1.604417 1.770523 16.499435
166.101 3.639550 1.607134 1.842081 16.502234
166.201 3.674781 1.590250 1.926966 16.541302
166.301 3.674035 1.592023 1.993288 16.543226
166.401 3.673263 1.593590 2.049139 16.544973
166.502 3.670385 1.598638 2.103244 16.550783
166.604 3.664966 1.607041 2.174802 16.560783
166.701 3.662046 1.611101 2.204473 16.565784
166.801 3.658512 1.622129 2.217843 16.577364
166.902 3.651738 1.631302 2.256942 16.588767
167.002 3.648341 1.635275 2.293594 16.593994
167.101 3.644587 1.639349 2.328500 16.599534
167.202 3.637689 1.646076 2.398314 16.609169
167.303 3.633968 1.649330 2.436711 16.614112
167.403 3.627453 1.654494 2.497797 16.622426
167.501 3.620058 1.659496 2.574592 16.631354
167.610 3.612810 1.663731 2.634108 16.639748
167.701 3.602858 1.668655 2.715964 16.650852
167.806 3.592908 1.671606 2.783136 16.661230
167.903 3.573818 1.669789 2.823345 16.680406
168.001 3.567499 1.671646 2.873960 16.686993
168.102 3.558381 1.673734 2.945519 16.696347
168.201 3.550610 1.675024 2.985661 16.704224
168.302 3.548033 1.675432 2.983916 16.706833
168.401 3.548593 1.675346 2.994388 16.707399
168.501 3.548659 1.675988 3.029213 16.708045
168.601 3.552086 1.681030 3.049648 16.714141
168.701 3.551700 1.681050 3.095026 16.714527
168.804 3.551901 1.681049 3.131678 16.714728
168.901 3.551770 1.681042 -3.100893 16.714859
169.001 3.552071 1.681066 -3.060750 16.715161
169.101 3.551840 1.681034 -2.999489 16.715394
169.201 3.551997 1.681059 -2.957776 16.715554
169.301 3.548693 1.680398 -2.938577 16.718924
169.401 3.534491 1.677171 -2.906812 16.733487
169.501 3.525528 1.674919 -2.889359 16.742729
169.601 3.516327 1.672428 -2.871905 16.752261
169.701 3.499226 1.667452 -2.849216 16.770071
169.801 3.489726 1.664509 -2.836999 16.780016
169.901 3.481608 1.661915 -2.828272 16.788539
170.001 3.468752 1.657563 -2.807328 16.802111
170.105 3.461317 1.654906 -2.791620 16.810007
170.201 3.459183 1.652587 -2.772026 16.813159
170.301 3.465153 1.651196 -2.757613 16.819289
170.406 3.465340 1.651271 -2.757613 16.819491
170.501 3.465395 1.651294 -2.757613 16.819550
170.601 3.465395 1.651294 -2.757613 16.819550
170.701 3.465395 1.651294 -2.759358 16.819550
170.801 3.465395 1.651294 -2.759358 16.819550
170.901 3.465395 1.651294 -2.761103 16.819550
171.001 3.465338 1.651271 -2.762849 16.819611
171.101 3.465263 1.651241 -2.766339 16.819691
171.201 3.465319 1.651263 -2.769830 16.819752
171.301 3.465394 1.651292 -2.771575 16.819832
171.401 3.465450 1.651314 -2.775066 16.819892
171.501 3.465747 1.651427 -2.780302 16.820210
171.601 3.465841 1.651462 -2.783793 16.820310
171.702 3.465693 1.651407 -2.785538 16.820469
171.801 3.465447 1.651316 -2.787283 16.820731
171.901 3.465429 1.651310 -2.790774 16.820750
172.001 3.465411 1.651303 -2.792519 16.820769
172.101 3.465484 1.651329 -2.797755 16.820846
172.202 3.465579 1.651363 -2.801246 16.820948
172.302 3.465616 1.651376 -2.806482 16.820986
172.401 3.465555 1.651354 -2.809973 16.821051
172.502 3.465631 1.651380 -2.813463 16.821132
172.601 3.465706 1.651406 -2.815209 16.821211
172.701 3.465763 1.651425 -2.818699 16.821271
172.801 3.465725 1.651413 -2.822190 16.821312
172.901 3.465648 1.651387 -2.825681 16.821392
173.001 3.465591 1.651369 -2.829171 16.821452
173.102 3.465400 1.651308 -2.836153 16.821652
173.201 3.465363 1.651296 -2.837898 16.821692
173.301 3.465551 1.651714 -2.855195 16.822150
173.402 3.461362 1.651038 -2.908686 16.826392
173.501 3.461204 1.651001 -2.910431 16.826554
173.601 3.461262 1.651014 -2.915667 16.826614
173.708 3.461219 1.651004 -2.913922 16.826657
173.801 3.460592 1.650859 -2.913922 16.827301
173.901 3.449392 1.648277 -2.915667 16.838796
174.001 3.441124 1.646377 -2.915667 16.847278
174.101 3.433391 1.644600 -2.915667 16.855213
174.201 3.419801 1.641462 -2.915667 16.869161
174.301 3.412037 1.639673 -2.913922 16.877128
174.401 3.402477 1.637458 -2.913922 16.886942
174.501 3.391133 1.634830 -2.913922 16.898586
174.601 3.383570 1.633078 -2.913922 16.906349
174.701 3.373569 1.630761 -2.913922 16.916615
174.801 3.362027 1.628087 -2.913922 16.928463
174.903 3.354272 1.626290 -2.913922 16.936423
175.002 3.342707 1.623603 -2.912177 16.948296
175.101 3.332992 1.621341 -2.913922 16.958271
175.201 3.325602 1.619629 -2.913922 16.965857
175.301 3.313830 1.616895 -2.913922 16.977943
175.401 3.303540 1.614511 -2.913922 16.988505
175.501 3.295970 1.612753 -2.912177 16.996276
175.603 3.286423 1.610531 -2.912177 17.006079
175.701 3.275068 1.607886 -2.913922 17.017738
175.802 3.267121 1.606045 -2.913922 17.025895
175.901 3.257364 1.603770 -2.912177 17.035914
176.001 3.245578 1.601035 -2.913922 17.048013
176.101 3.237975 1.599256 -2.910431 17.055821
176.202 3.234154 1.598360 -2.912177 17.059746
176.302 3.216913 1.594334 -2.912177 17.077450
176.403 3.209274 1.592539 -2.910431 17.085297
176.502 3.201804 1.590781 -2.910431 17.092971
176.604 3.183969 1.560440 -2.902364 17.128167
176.701 3.170678 1.557212 -2.904109 17.141843
176.801 3.165544 1.555960 -2.902364 17.147129
176.901 3.164761 1.555769 -2.902364 17.147935
177.001 3.164761 1.555769 -2.902364 17.147935
177.101 3.164761 1.555769 -2.902364 17.147935
177.204 3.164761 1.555769 -2.902364 17.147935
177.313 3.164761 1.555769 -2.902364 17.147935
177.413 3.164761 1.555769 -2.902364 17.147935
177.501 3.164761 1.555769 -2.902364 17.147935
177.601 3.164761 1.555769 -2.902364 17.147935
177.702 3.164779 1.555773 -2.902364 17.147953
177.801 3.164876 1.555797 -2.902364 17.148054
177.901 3.164876 1.555797 -2.902364 17.148054
178.001 3.164876 1.555797 -2.902364 17.148054
178.101 3.164876 1.555797 -2.902364 17.148054
178.201 3.164876 1.555797 -2.902364 17.148054
178.301 3.164876 1.555797 -2.902364 17.148054
178.401 3.164876 1.555797 -2.902364 17.148054
178.501 3.164876 1.555797 -2.902364 17.148054
178.601 3.164876 1.555797 -2.902364 17.148054
178.701 3.164876 1.555797 -2.902364 17.148054
178.801 3.164876 1.555797 -2.902364 17.148054
178.901 3.164876 1.555797 -2.902364 17.148054
179.001 3.164876 1.555797 -2.902364 17.148054
179.101 3.164876 1.555797 -2.902364 17.148054
179.201 3.164876 1.555797 -2.902364 17.148054
179.301 3.164876 1.555797 -2.902364 17.148054
179.402 3.164876 1.555797 -2.902364 17.148054
179.501 3.164876 1.555797 -2.902364 17.148054
179.601 3.161725 1.544993 -2.918413 17.159308
179.701 3.161357 1.543864 -2.920055 17.160495
179.803 3.161357 1.543864 -2.920055 17.160495
179.901 3.161357 1.543864 -2.920055 17.160495
180.002 3.161357 1.543864 -2.920055 17.160495
180.101 3.161357 1.543864 -2.920055 17.160495
180.201 3.161357 1.543864 -2.920055 17.160495
180.301 3.161357 1.543864 -2.920055 17.160495
180.401 3.161357 1.543864 -2.920055 17.160495
180.501 3.161357 1.543864 -2.920055 17.160495
180.601 3.161357 1.543864 -2.920055 17.160495
180.701 3.161357 1.543864 -2.920055 17.160495
180.801 3.161357 1.543864 -2.920055 17.160495
180.901 3.161357 1.543864 -2.920055 17.160495
181.001 3.161357 1.543864 -2.920055 17.160495
181.102 3.161357 1.543864 -2.920055 17.160495
181.201 3.161357 1.543864 -2.920055 17.160495
181.301 3.161357 1.543864 -2.920055 17.160495
181.401 3.161357 1.543864 -2.920055 17.160495
181.501 3.161357 1.543864 -2.920055 17.160495
181.602 3.161357 1.543864 -2.920055 17.160495
181.701 3.161357 1.543864 -2.920055 17.160495
181.801 3.161357 1.543864 -2.920055 17.160495
181.901 3.161357 1.543864 -2.920055 17.160495
182.001 3.161357 1.543864 -2.920055 17.160495
182.101 3.161357 1.543864 -2.920055 17.160495
182.201 3.161357 1.543864 -2.920055 17.160495
182.301 3.161357 1.543864 -2.920055 17.160495
182.401 3.161357 1.543864 -2.920055 17.160495
182.501 3.161357 1.543864 -2.920055 17.160495
182.602 3.161357 1.543864 -2.920055 17.160495
182.701 3.161321 1.544024 -2.918493 17.160659
182.801 3.161321 1.544024 -2.918493 17.160659
182.901 3.161321 1.544024 -2.918493 17.160659
183.001 3.161321 1.544024 -2.918493 17.160659
183.101 3.161321 1.544024 -2.918493 17.160659
183.201 3.161321 1.544024 -2.918493 17.160659
183.301 3.161321 1.544024 -2.918493 17.160659
183.401 3.161321 1.544024 -2.918493 17.160659
183.503 3.161321 1.544024 -2.918493 17.160659
183.601 3.161321 1.544024 -2.918493 17.160659
183.701 3.161321 1.544024 -2.918493 17.160659
183.801 3.161340 1.544029 -2.918493 17.160679
183.901 3.161320 1.544024 -2.918493 17.160700
184.001 3.161359 1.544033 -2.918493 17.160739
184.101 3.161359 1.544033 -2.918493 17.160739
184.201 3.161359 1.544033 -2.918493 17.160739
184.301 3.161359 1.544033 -2.918493 17.160739
184.401 3.161359 1.544033 -2.918493 17.160739
184.501 3.161359 1.544033 -2.918493 17.160739
184.601 3.161359 1.544033 -2.918493 17.160739
184.701 3.161359 1.544033 -2.918493 17.160739
184.801 3.161359 1.544033 -2.918493 17.160739
184.901 3.161359 1.544033 -2.918493 17.160739
185.001 3.161359 1.544033 -2.918493 17.160739
185.101 3.161359 1.544033 -2.918493 17.160739
185.201 3.161359 1.544033 -2.918493 17.160739
185.301 3.161359 1.544033 -2.918493 17.160739
185.401 3.161359 1.544033 -2.918493 17.160739
185.501 3.161359 1.544033 -2.918493 17.160739
185.601 3.161359 1.544033 -2.918493 17.160739
185.701 3.161358 1.544039 -2.918438 17.160745
185.801 3.161321 1.544194 -2.916938 17.160904
185.901 3.161321 1.544194 -2.916938 17.160904
186.001 3.161321 1.544194 -2.916938 17.160904
186.101 3.161321 1.544194 -2.916938 17.160904
186.201 3.161321 1.544194 -2.916938 17.160904
186.301 3.161321 1.544194 -2.916938 17.160904
186.401 3.161321 1.544194 -2.916938 17.160904
186.501 3.161321 1.544194 -2.916938 17.160904
186.601 3.161321 1.544194 -2.916938 17.160904
186.701 3.161321 1.544194 -2.916938 17.160904
186.801 3.161321 1.544194 -2.916938 17.160904
186.901 3.161321 1.544194 -2.916938 17.160904
187.001 3.161321 1.544194 -2.916938 17.160904
187.101 3.161321 1.544194 -2.916938 17.160904
187.201 3.161321 1.544194 -2.916938 17.160904
187.301 3.161321 1.544194 -2.916938 17.160904
187.401 3.161321 1.544194 -2.916938 17.160904
187.501 3.161321 1.544194 -2.916938 17.160904
187.601 3.161321 1.544194 -2.916938 17.160904
187.701 3.161321 1.544194 -2.916938 17.160904
187.801 3.161321 1.544194 -2.916938 17.160904
187.901 3.161321 1.544194 -2.916938 17.160904
188.001 3.161321 1.544194 -2.916938 17.160904
188.101 3.161321 1.544194 -2.916938 17.160904
188.201 3.161321 1.544194 -2.916938 17.160904
188.301 3.161321 1.544194 -2.916938 17.160904
188.401 3.161321 1.544194 -2.916938 17.160904
188.501 3.161321 1.544194 -2.916938 17.160904
188.601 3.161321 1.544194 -2.916938 17.160904
188.701 3.161321 1.544194 -2.916938 17.160904
188.801 3.161340 1.544198 -2.916938 17.160924
188.901 3.161340 1.543857 -2.916938 17.161265
189.001 3.161340 1.542635 -2.916938 17.162486
189.101 3.161340 1.542635 -2.916938 17.162486
189.201 3.161340 1.542635 -2.916938 17.162486
189.301 3.161340 1.542635 -2.916938 17.162486
189.401 3.161340 1.542635 -2.916938 17.162486
189.501 3.161340 1.542635 -2.916938 17.162486
189.601 3.161340 1.542635 -2.916938 17.162486
189.701 3.161340 1.542635 -2.916938 17.162486
189.801 3.161340 1.542635 -2.916938 17.162486
189.902 3.161340 1.542635 -2.916938 17.162486
190.001 3.161340 1.542635 -2.916938 17.162486
