# t_sec x y yaw_rad cum_dist_m
0.102 -0.018771 0.003125 0.000000 0.000000
0.201 -0.018731 0.003125 0.000000 0.000040
0.302 -0.018731 0.003125 0.000000 0.000040
0.410 -0.018731 0.003125 0.000000 0.000040
0.501 -0.018731 0.003125 0.000000 0.000040
0.602 -0.018772 0.003125 0.000000 0.000081
0.701 -0.018941 0.003124 0.031416 0.000250
0.811 -0.018960 0.003123 0.048869 0.000269
0.902 -0.019245 0.003099 0.085696 0.000555
1.002 -0.019177 0.003112 0.122348 0.000624
1.101 -0.018690 0.003177 0.158999 0.001115
1.201 -0.016875 -0.003857 0.216471 0.008379
1.301 -0.016178 -0.004947 0.254880 0.009674
1.402 -0.016065 -0.004920 0.300259 0.009791
1.501 -0.016237 -0.004976 0.324693 0.009972
1.601 -0.016123 -0.004934 0.352619 0.010092
1.701 -0.016310 -0.005012 0.396252 0.010294
1.801 -0.016200 -0.004965 0.410215 0.010415
1.904 -0.016355 -0.005042 0.448612 0.010588
2.002 -0.016287 -0.004999 0.495736 0.010668
2.103 -0.016007 -0.004843 0.523661 0.010988
2.201 -0.016294 -0.005016 0.551586 0.011323
2.301 -0.016633 -0.005236 0.598710 0.011728
2.401 -0.016765 -0.005331 0.630126 0.011890
2.501 -0.016931 -0.005452 0.658400 0.012095
2.601 -0.016897 -0.005432 0.696798 0.012135
2.701 -0.017159 -0.005658 0.724897 0.012480
2.802 0.008931 0.008477 0.742520 0.042153
2.902 0.008719 0.008267 0.786153 0.042451
3.001 0.008646 0.008193 0.814078 0.042555
3.101 0.008816 0.008380 0.848985 0.042808
3.201 0.008692 0.008230 0.889127 0.043002
3.301 0.008704 0.008246 0.904835 0.043021
3.401 0.008501 0.007973 0.948469 0.043362
3.502 0.008566 0.008071 0.981630 0.043480
3.601 0.008804 0.008438 1.007810 0.043918
3.702 0.008426 0.007799 1.046207 0.044660
3.802 0.008496 0.007926 1.075878 0.044805
3.901 0.008488 0.007910 1.121431 0.044823
4.002 0.008431 0.007788 1.145865 0.044958
4.101 0.008310 0.007508 1.179027 0.045262
4.208 0.008299 0.007485 1.208697 0.045288
4.301 0.008472 0.007960 1.245349 0.045794
4.401 0.008345 0.007556 1.275020 0.046217
4.505 0.008263 0.007265 1.311672 0.046519
4.601 -0.011793 0.001109 1.354797 0.067498
4.701 -0.011827 0.000933 1.382722 0.067678
4.801 -0.011927 0.000365 1.431592 0.068255
4.902 -0.011877 0.000775 1.457772 0.068669
5.001 -0.011888 0.000637 1.487442 0.068808
5.101 -0.011898 0.000458 1.536311 0.068987
5.202 -0.011901 0.000220 1.560746 0.069225
5.301 -0.011906 0.000322 1.595653 0.069327
5.402 -0.011906 0.000320 1.621833 0.069329
5.501 -0.011848 -0.000379 1.663720 0.070030
5.619 -0.011855 -0.000318 1.679428 0.070091
5.710 -0.011880 -0.000078 1.726552 0.070333
5.801 -0.011782 -0.000649 1.752732 0.070912
5.902 -0.011867 -0.000258 1.801601 0.071313
6.001 -0.011845 -0.000339 1.827781 0.071397
6.101 -0.011864 -0.000295 1.866179 0.071445
6.202 -0.036434 0.010155 1.901527 0.098145
6.301 -0.037320 0.010065 1.925981 0.099035
6.401 -0.037506 0.010526 1.966123 0.099532
6.511 -0.037505 0.010526 1.997539 0.099532
6.602 -0.037311 0.010126 2.030701 0.099977
6.701 -0.037339 0.010184 2.069098 0.100041
6.801 -0.037380 0.010255 2.090042 0.100123
6.901 -0.037271 0.010085 2.126694 0.100325
7.001 -0.036966 0.009615 2.166836 0.100885
7.102 -0.037215 0.009973 2.187955 0.101322
7.201 -0.037235 0.010006 2.229843 0.101360
7.302 -0.036839 0.009511 2.257768 0.101994
7.401 -0.036843 0.009515 2.298085 0.102000
7.522 -0.036922 0.009602 2.317109 0.102117
7.601 -0.036967 0.009642 2.355681 0.102177
7.702 -0.010832 0.030059 2.398566 0.135342
7.802 -0.010391 0.030247 2.435478 0.135821
7.901 -0.010835 0.030617 2.458342 0.136399
8.001 -0.010466 0.030338 2.498484 0.136862
8.101 -0.010591 0.030422 2.535311 0.137012
8.205 -0.010495 0.030357 2.566727 0.137129
8.302 -0.010328 0.030250 2.601808 0.137327
8.401 -0.010523 0.030367 2.633049 0.137555
8.501 -0.010332 0.030265 2.659404 0.137771
8.602 -0.010548 0.030366 2.694310 0.138009
8.701 -0.010209 0.030223 2.738118 0.138376
8.801 -0.009699 0.030012 2.762553 0.138929
8.902 -0.009793 0.030047 2.783497 0.139029
9.001 -0.009735 0.030030 2.828875 0.139090
9.103 -0.009697 0.030019 2.851565 0.139129
9.201 -0.009306 0.029909 2.879490 0.139535
9.302 -0.046076 -0.015726 2.894844 0.198140
9.402 -0.045867 -0.015774 2.917533 0.198354
9.502 -0.045494 -0.015852 2.948949 0.198735
9.601 -0.045752 -0.015812 2.994328 0.198996
9.701 -0.045960 -0.015784 3.027489 0.199206
9.801 -0.045243 -0.015848 3.062396 0.199926
9.907 -0.045025 -0.015864 3.086830 0.200144
10.002 -0.045087 -0.015862 3.119991 0.200206
10.112 -0.045209 -0.015862 -3.119561 0.200328
10.203 -0.044970 -0.015852 -3.091635 0.200568
10.301 -0.044649 -0.015832 -3.070691 0.200889
10.401 -0.045266 -0.015899 -3.027058 0.201510
10.501 -0.045028 -0.015864 -2.997388 0.201751
10.603 -0.044410 -0.015769 -2.958990 0.202377
10.712 -0.044804 -0.015845 -2.931065 0.202778
10.801 -0.044414 -0.015748 -2.890923 0.203179
10.901 -0.044534 -0.015783 -2.855841 0.203303
11.001 -0.044592 -0.015801 -2.829662 0.203364
11.103 -0.000260 -0.020409 -2.725987 0.247934
11.202 -0.000484 -0.020510 -2.696141 0.248179
11.319 0.000175 -0.020183 -2.671707 0.248915
11.401 0.000028 -0.020271 -2.626328 0.249085
11.502 -0.000292 -0.020457 -2.593167 0.249456
11.601 -0.000072 -0.020318 -2.561577 0.249716
11.702 -0.000304 -0.020477 -2.525099 0.249997
11.801 -0.000224 -0.020418 -2.498919 0.250097
11.902 -0.000048 -0.020277 -2.463838 0.250322
12.002 0.000120 -0.020137 -2.428931 0.250540
12.101 0.000015 -0.020238 -2.394025 0.250685
12.226 -0.000216 -0.020454 -2.367845 0.251002
12.302 0.000417 -0.019802 -2.325957 0.251911
12.401 0.000488 -0.019726 -2.310249 0.252015
12.501 0.000514 -0.019692 -2.261380 0.252058
12.601 0.000367 -0.019876 -2.231709 0.252293
12.705 0.000427 -0.019796 -2.200293 0.252393
12.801 0.004849 0.004174 -2.146213 0.276768
12.901 0.004470 0.003563 -2.116542 0.277487
13.004 0.004668 0.003906 -2.085126 0.277883
13.102 0.004938 0.004393 -2.046729 0.278440
13.202 0.004696 0.003902 -2.010077 0.278988
13.303 0.004810 0.004162 -1.985642 0.279273
13.401 0.005008 0.004627 -1.940264 0.279778
13.501 0.004965 0.004511 -1.908848 0.279901
13.602 0.004991 0.004585 -1.887904 0.279981
13.702 0.004865 0.004168 -1.851252 0.280416
13.802 0.004990 0.004645 -1.809364 0.280909
13.901 0.005012 0.004743 -1.783184 0.281009
14.002 0.004994 0.004647 -1.753514 0.281107
14.106 0.005037 0.004904 -1.711626 0.281368
14.201 0.005057 0.005060 -1.692427 0.281524
14.302 0.005054 0.005039 -1.652284 0.281545
14.402 0.004479 0.008390 -1.604146 0.284945
14.501 0.000044 0.036124 -1.482974 0.313032
14.608 0.000010 0.036442 -1.442831 0.313351
14.708 0.000056 0.036124 -1.409670 0.313671
14.806 0.000010 0.036361 -1.374763 0.313913
14.902 -0.000073 0.036751 -1.348583 0.314311
15.001 -0.000049 0.036654 -1.322403 0.314411
15.101 -0.000045 0.036632 -1.270043 0.314434
15.201 -0.000013 0.036539 -1.242118 0.314532
15.301 -0.000231 0.037122 -1.201976 0.315154
15.401 -0.000275 0.037235 -1.172305 0.315275
15.501 -0.000035 0.036688 -1.146125 0.315873
15.601 -0.000277 0.037176 -1.104237 0.316418
15.707 -0.000305 0.037233 -1.074566 0.316482
15.801 -0.000209 0.037064 -1.036169 0.316677
15.901 -0.000462 0.037472 -1.004753 0.317157
16.002 -0.010858 0.039137 -0.919043 0.327685
16.102 -0.010759 0.039010 -0.899845 0.327846
16.207 -0.010825 0.039087 -0.859702 0.327947
16.302 -0.011051 0.039317 -0.816069 0.328270
16.401 -0.011355 0.039629 -0.788144 0.328704
16.502 -0.010884 0.039179 -0.753237 0.329355
16.601 -0.010754 0.039046 -0.711349 0.329541
16.702 -0.011075 0.039315 -0.685169 0.329959
16.802 -0.010995 0.039254 -0.648343 0.330060
16.901 -0.010961 0.039229 -0.623908 0.330102
17.002 -0.011192 0.039388 -0.585162 0.330382
17.101 -0.011581 0.039635 -0.552001 0.330843
17.201 -0.011151 0.039383 -0.520585 0.331341
17.301 -0.011290 0.039456 -0.476952 0.331499
17.403 -0.011614 0.039618 -0.449026 0.331861
17.501 -0.002204 0.031373 -0.402020 0.344372
17.602 -0.002131 0.031343 -0.368858 0.344451
17.702 -0.002282 0.031399 -0.330287 0.344612
17.801 -0.002604 0.031503 -0.304107 0.344951
17.901 -0.002334 0.031429 -0.267455 0.345231
18.001 -0.001691 0.031265 -0.229058 0.345894
18.102 -0.002650 0.031468 -0.194151 0.346874
18.201 -0.002610 0.031461 -0.166226 0.346914
18.301 -0.002195 0.031400 -0.138300 0.347333
18.401 -0.002648 0.031452 -0.103394 0.347788
18.501 -0.002512 0.031444 -0.059761 0.347924
18.602 -0.002674 0.031450 -0.026599 0.348087
18.702 -0.002514 0.031450 -0.000419 0.348248
18.802 -0.001756 0.031452 0.001326 0.349005
18.901 -0.001597 0.031453 0.001326 0.349165
19.001 -0.001597 0.031453 0.001326 0.349165
19.102 -0.023957 -0.002677 0.002032 0.389968
19.201 -0.023916 -0.002677 0.000286 0.390009
19.301 -0.023916 -0.002677 0.000286 0.390009
19.401 -0.023916 -0.002677 0.000286 0.390009
19.504 -0.023916 -0.002677 0.000286 0.390009
19.601 -0.023916 -0.002677 0.000286 0.390009
19.704 -0.023916 -0.002677 0.000286 0.390009
19.801 -0.023916 -0.002677 0.000286 0.390009
19.901 -0.023916 -0.002677 0.000286 0.390009
20.001 -0.023916 -0.002677 0.000286 0.390009
20.101 -0.023916 -0.002677 0.000286 0.390009
20.201 -0.023916 -0.002677 0.000286 0.390009
20.312 -0.023916 -0.002677 0.000286 0.390009
20.401 -0.023916 -0.002677 0.000286 0.390009
20.501 -0.023576 -0.002676 0.002032 0.390349
20.601 -0.018303 -0.002638 0.007268 0.395622
20.702 -0.003291 -0.002294 0.031702 0.410638
20.802 0.002679 -0.002068 0.040429 0.416612
20.901 0.020166 -0.001031 0.064864 0.434130
21.001 0.033583 -0.000106 0.070274 0.447579
21.101 0.049870 0.001119 0.077255 0.463912
21.203 0.058852 0.001843 0.082491 0.472923
21.301 0.068288 0.002631 0.084237 0.482392
21.401 0.087248 0.004435 0.105181 0.501438
21.501 0.098315 0.005736 0.126299 0.512580
21.602 0.115911 0.008337 0.159460 0.530368
21.702 0.133756 0.011558 0.185640 0.548501
21.801 0.141170 0.012964 0.187386 0.556047
21.901 0.157786 0.016236 0.208330 0.572983
22.001 0.174257 0.019971 0.233113 0.589871
22.101 0.196842 0.035486 0.263224 0.617272
22.201 0.229940 0.056317 0.306409 0.656380
22.301 0.245742 0.061641 0.336080 0.673055
22.401 0.252890 0.064228 0.353533 0.680656
22.501 0.268582 0.070126 0.362259 0.697421
22.602 0.282025 0.075280 0.367495 0.711818
22.701 0.298876 0.081616 0.351787 0.729821
22.802 0.309720 0.085553 0.344806 0.741357
22.901 0.323009 0.090316 0.344806 0.755474
23.005 0.333648 0.094131 0.344806 0.766776
23.101 0.350322 0.100141 0.346551 0.784500
23.201 0.366776 0.106125 0.350042 0.802008
23.301 0.374876 0.109144 0.364005 0.810652
23.404 0.391455 0.115670 0.386694 0.828470
23.501 0.408141 0.122606 0.395421 0.846540
23.606 0.416594 0.126140 0.397166 0.855702
23.701 0.432674 0.132885 0.397166 0.873139
23.801 0.445532 0.138278 0.397166 0.887083
23.902 0.459111 0.143836 0.376222 0.901755
24.001 0.474488 0.149668 0.350042 0.918200
24.101 0.481943 0.152345 0.344806 0.926122
24.202 0.496969 0.157707 0.341315 0.942076
24.301 0.509768 0.162344 0.355278 0.955689
24.401 0.520931 0.166563 0.365750 0.967623
24.501 0.537635 0.173162 0.377967 0.985583
24.602 0.550733 0.178368 0.379713 0.999677
24.701 0.561752 0.182748 0.376222 1.011536
24.801 0.578103 0.189142 0.369241 1.029092
24.901 0.594519 0.195440 0.364005 1.046674
25.001 0.602746 0.198547 0.360514 1.055469
25.101 0.613558 0.202612 0.358769 1.067020
25.201 0.631232 0.209266 0.360514 1.085905
25.308 0.667762 0.260983 0.370622 1.149222
25.401 0.705882 0.309829 0.378335 1.211182
25.504 0.722529 0.316428 0.376590 1.229090
25.601 0.732174 0.320170 0.369608 1.239435
25.702 0.742496 0.324117 0.364372 1.250486
25.801 0.761879 0.331471 0.360882 1.271218
25.902 0.773089 0.335669 0.355646 1.283187
26.002 0.788200 0.341271 0.353900 1.299303
26.103 0.801404 0.346108 0.350410 1.313366
26.201 0.812346 0.350101 0.348664 1.325013
26.301 0.829311 0.356268 0.348664 1.343064
26.401 0.842665 0.361075 0.345174 1.357257
26.501 0.853470 0.364944 0.343428 1.368734
26.601 0.869429 0.370631 0.341683 1.385676
26.702 0.882878 0.375392 0.339938 1.399943
26.801 0.894253 0.379393 0.338192 1.412001
26.902 0.910353 0.385045 0.338192 1.429065
27.003 0.921348 0.388885 0.334702 1.440710
27.101 0.937350 0.394445 0.334702 1.457651
27.201 0.951053 0.399189 0.332782 1.472153
27.301 0.964455 0.403806 0.329291 1.486327
27.401 0.975403 0.407541 0.327371 1.497895
27.501 0.985737 0.411050 0.327371 1.508808
27.601 1.005092 0.417612 0.325626 1.529245
27.701 1.016290 0.421348 0.321961 1.541050
27.801 1.032967 0.426816 0.314805 1.558601
27.906 1.041434 0.429539 0.311140 1.567495
28.002 1.060248 0.435478 0.302239 1.587224
28.101 1.071008 0.438810 0.300319 1.598488
28.201 1.082392 0.442314 0.298573 1.610399
28.301 1.101456 0.448108 0.291418 1.630324
28.401 1.116521 0.512975 0.239011 1.696918
28.502 1.129009 0.558131 0.204832 1.743769
28.601 1.149756 0.562409 0.203087 1.764952
28.701 1.161370 0.564747 0.189124 1.776799
28.804 1.177954 0.567716 0.166435 1.793647
28.905 1.191238 0.569830 0.150727 1.807097
29.003 1.201483 0.571297 0.136765 1.817447
29.101 1.216272 0.573084 0.103254 1.832343
29.201 1.224838 0.573850 0.077074 1.840945
29.302 1.236498 0.574492 0.040422 1.852621
29.401 1.246179 0.574780 0.019304 1.862307
29.501 1.254237 0.574833 -0.000069 1.870365
29.601 1.266384 0.574637 -0.027995 1.882513
29.701 1.277466 0.574193 -0.052429 1.893604
29.801 1.288619 0.573462 -0.075118 1.904781
29.905 1.302684 0.572205 -0.094492 1.918903
30.001 1.318699 0.570363 -0.127653 1.935024
30.101 1.329148 0.568872 -0.150342 1.945578
30.202 1.340185 0.567124 -0.160814 1.956752
30.301 1.360257 0.563495 -0.191008 1.977150
30.402 1.371236 0.561312 -0.201480 1.988344
30.501 1.381802 0.559024 -0.215443 1.999155
30.601 1.401902 0.554563 -0.222424 2.019744
30.701 1.413573 0.551903 -0.225915 2.031715
30.801 1.424604 0.549347 -0.229405 2.043038
30.901 1.444925 0.544475 -0.245288 2.063934
31.001 1.456465 0.541427 -0.264661 2.075871
31.101 1.467577 0.538268 -0.285780 2.087422
31.201 1.487064 0.532394 -0.299917 2.107775
31.303 1.498196 0.528931 -0.301662 2.119434
31.404 1.509005 0.525567 -0.301662 2.130754
31.501 1.528856 0.519374 -0.305153 2.151549
31.601 1.569730 0.532959 -0.404574 2.194621
31.701 1.592817 0.535278 -0.460925 2.217824
31.801 1.608841 0.527256 -0.464416 2.235744
31.901 1.619691 0.521815 -0.464416 2.247882
32.001 1.635110 0.514102 -0.462671 2.265123
32.102 1.648135 0.507611 -0.462671 2.279675
32.201 1.658745 0.502307 -0.460925 2.291537
32.301 1.671968 0.495684 -0.466161 2.306325
32.401 1.687382 0.487907 -0.467907 2.323591
32.501 1.697752 0.482553 -0.487105 2.335261
32.601 1.712698 0.474143 -0.530739 2.352411
32.701 1.724097 0.467005 -0.576117 2.365861
32.801 1.732093 0.461560 -0.612769 2.375534
32.901 1.740411 0.455503 -0.642440 2.385823
33.001 1.755802 0.443018 -0.712253 2.405642
33.101 1.763823 0.435826 -0.743669 2.416415
33.201 1.771067 0.428969 -0.769849 2.426391
33.301 1.782305 0.417537 -0.790793 2.442420
33.402 1.790015 0.409940 -0.771594 2.453245
33.501 1.799041 0.401456 -0.743669 2.465632
33.601 1.812178 0.389989 -0.692880 2.483070
33.701 1.820209 0.383586 -0.659718 2.493341
33.802 1.828775 0.377256 -0.624812 2.503992
33.902 1.845334 0.366258 -0.558489 2.523870
34.001 1.854597 0.360660 -0.532309 2.534694
34.102 1.873916 0.372135 -0.476816 2.557164
34.204 1.912326 0.402964 -0.408242 2.606417
34.302 1.922624 0.398473 -0.415223 2.617651
34.401 1.932949 0.393889 -0.418714 2.628948
34.501 1.948080 0.387077 -0.425695 2.645541
34.601 1.963530 0.379952 -0.436167 2.662555
34.702 1.975827 0.374195 -0.439658 2.676133
34.801 1.984656 0.370020 -0.443148 2.685900
34.901 1.996945 0.364152 -0.446639 2.699518
35.002 2.004293 0.360614 -0.450129 2.707673
35.101 2.014603 0.355602 -0.457111 2.719137
35.201 2.016516 0.354633 -0.474564 2.721282
35.303 2.016528 0.354637 -0.518197 2.721295
35.401 2.016314 0.354758 -0.573873 2.721541
35.502 2.016342 0.354746 -0.615936 2.721572
35.601 2.016013 0.354986 -0.657824 2.721978
35.701 2.016061 0.354949 -0.713674 2.722039
35.804 2.015850 0.355144 -0.755562 2.722325
35.903 2.015735 0.355256 -0.774761 2.722486
36.002 2.017594 0.353407 -0.778251 2.725108
36.101 2.020147 0.350953 -0.757307 2.728649
36.203 2.031981 0.343526 -0.757569 2.742620
36.301 2.045456 0.333422 -0.850789 2.759463
36.403 2.052925 0.325370 -0.807155 2.770445
36.501 2.065732 0.313206 -0.724950 2.788108
36.607 2.079845 0.301893 -0.639604 2.806196
36.701 2.091927 0.293661 -0.573281 2.820816
36.801 2.100920 0.288238 -0.522667 2.831318
36.901 2.112994 0.281871 -0.465071 2.844968
37.001 2.126585 0.275534 -0.416202 2.859963
37.101 2.142672 0.269043 -0.362096 2.877311
37.201 2.149903 0.266385 -0.348134 2.885014
37.303 2.159583 0.263058 -0.323525 2.895251
37.401 2.177140 0.257664 -0.279891 2.913617
37.513 2.222010 0.298070 -0.111502 2.973999
37.603 2.241105 0.296461 -0.066123 2.993161
37.702 2.252942 0.295858 -0.038198 3.005013
37.802 2.264695 0.295579 -0.013764 3.016769
37.902 2.283768 0.295571 0.012242 3.035843
38.002 2.295012 0.295910 0.038596 3.047091
38.101 2.306740 0.296542 0.061286 3.058836
38.201 2.327282 0.297803 0.061286 3.079418
38.301 2.338524 0.298630 0.085720 3.090690
38.401 2.350608 0.299849 0.110155 3.102835
38.501 2.367982 0.302082 0.129353 3.120352
38.601 2.384346 0.304390 0.153963 3.136878
38.701 2.398812 0.306757 0.171416 3.151536
38.802 2.410279 0.308857 0.188869 3.163194
38.901 2.424600 0.311777 0.209813 3.177810
39.001 2.441829 0.315674 0.232851 3.195473
39.101 2.452919 0.318371 0.240007 3.206887
39.203 2.466806 0.321600 0.225870 3.221145
39.302 2.480737 0.324732 0.220460 3.235424
39.401 2.499467 0.360950 0.205053 3.276198
39.502 2.507667 0.362677 0.210464 3.284578
39.602 2.527896 0.367071 0.217794 3.305279
39.701 2.539201 0.369630 0.226695 3.316870
39.801 2.550511 0.372421 0.249385 3.328519
39.905 2.567648 0.377081 0.270503 3.346279
40.001 2.578965 0.380235 0.272248 3.358026
40.101 2.598988 0.385818 0.263522 3.378813
40.201 2.610692 0.388839 0.247639 3.390901
40.301 2.622229 0.391628 0.231931 3.402770
40.402 2.641578 0.396186 0.230012 3.422649
40.501 2.653542 0.398952 0.221285 3.434928
40.601 2.664009 0.401147 0.198421 3.445624
40.701 2.679788 0.404003 0.165434 3.461658
40.801 2.695686 0.406600 0.160198 3.477767
40.901 2.703357 0.407826 0.158453 3.485536
41.002 2.718297 0.410140 0.147981 3.500654
41.101 2.733400 0.412358 0.142745 3.515919
41.201 2.741191 0.413473 0.141000 3.523789
41.301 2.756974 0.415685 0.144490 3.539726
41.401 2.773000 0.418161 0.158453 3.555942
41.501 2.780756 0.419427 0.165434 3.563801
41.601 2.795469 0.422216 0.200341 3.578776
41.703 2.809342 0.425356 0.238738 3.593000
41.802 2.817633 0.427416 0.247639 3.601543
41.901 2.828874 0.430428 0.268583 3.613180
42.001 2.848214 0.436187 0.310646 3.633360
42.101 2.859792 0.440052 0.324608 3.645566
42.201 2.879612 0.446813 0.331590 3.666507
42.303 2.890008 0.450447 0.345552 3.677520
42.401 2.898469 0.453596 0.361260 3.686548
42.502 2.907542 0.462764 0.379228 3.699447
42.602 2.938015 0.547356 0.373796 3.789360
42.701 2.949331 0.551812 0.375541 3.801522
42.801 2.960060 0.555976 0.368560 3.813030
42.901 2.978747 0.562988 0.351107 3.832989
43.001 2.988987 0.566669 0.340635 3.843871
43.122 3.006933 0.572832 0.323181 3.862846
43.201 3.015183 0.575501 0.305728 3.871517
43.302 3.023307 0.577935 0.284784 3.879998
43.401 3.035639 0.581349 0.260000 3.892793
43.501 3.043099 0.583271 0.247434 3.900497
43.601 3.045607 0.583928 0.306775 3.903090
43.701 3.045777 0.583987 0.345173 3.903269
43.801 3.045771 0.583988 0.388806 3.903275
43.901 3.045761 0.583971 0.444656 3.903295
44.001 3.046022 0.584106 0.483054 3.903590
44.101 3.046057 0.584124 0.530177 3.903629
44.201 3.045879 0.584027 0.587773 3.903832
44.301 3.046153 0.584214 0.622680 3.904165
44.401 3.046011 0.584107 0.685512 3.904343
44.502 3.045995 0.584092 0.720418 3.904365
44.601 3.044851 0.590904 0.739752 3.911273
44.701 3.044093 0.597780 0.726267 3.918190
44.801 3.046966 0.600236 0.698342 3.921970
44.901 3.053054 0.605158 0.670417 3.929799
45.001 3.062806 0.612444 0.623293 3.941972
45.101 3.075479 0.620938 0.567268 3.957228
45.201 3.085345 0.626882 0.527300 3.968746
45.301 3.098475 0.634061 0.483667 3.983711
45.407 3.112504 0.640904 0.433052 3.999320
45.501 3.122596 0.645310 0.398145 4.010331
45.602 3.136287 0.650751 0.363239 4.025064
45.701 3.153224 0.656702 0.321351 4.043016
45.802 3.165607 0.660631 0.293426 4.056008
45.901 3.175708 0.663540 0.272307 4.066520
46.001 3.197844 0.688869 0.174659 4.100158
46.101 3.211325 0.691043 0.149876 4.113813
46.202 3.222264 0.692583 0.134168 4.124860
46.301 3.237821 0.694408 0.104497 4.140524
46.403 3.243828 0.694974 0.090535 4.146557
46.501 3.267761 0.696339 0.029448 4.170529
46.603 3.282353 0.696360 -0.015931 4.185121
46.701 3.293917 0.696155 -0.017676 4.196687
46.801 3.311679 0.695686 -0.040365 4.214455
46.901 3.326434 0.694867 -0.061309 4.229232
47.001 3.338224 0.694143 -0.061309 4.241045
47.103 3.352279 0.693266 -0.061309 4.255128
47.202 3.369620 0.692206 -0.059564 4.272501
47.301 3.380051 0.691621 -0.054328 4.282948
47.401 3.394782 0.690836 -0.052582 4.297699
47.501 3.412624 0.689996 -0.045601 4.315562
47.601 3.424038 0.689506 -0.041936 4.326986
47.701 3.435323 0.689073 -0.034780 4.338280
47.801 3.455757 0.688474 -0.026053 4.358722
47.901 3.467766 0.688198 -0.020817 4.370734
48.001 3.485728 0.687908 -0.010346 4.388699
48.101 3.497648 0.687826 -0.005110 4.400619
48.201 3.511887 0.687973 0.017580 4.414859
48.301 3.529169 0.688476 0.040444 4.432149
48.401 3.540549 0.689016 0.050916 4.443541
48.501 3.551715 0.689749 0.077095 4.454731
48.601 3.571372 0.691921 0.132946 4.474508
48.703 3.582676 0.693604 0.152145 4.485936
48.801 3.594533 0.695564 0.173263 4.497955
48.901 3.593764 0.773532 0.303311 4.575927
49.001 3.601387 0.776084 0.322578 4.583965
49.101 3.619676 0.782624 0.353994 4.603389
49.201 3.630584 0.786682 0.359230 4.615027
49.301 3.641422 0.790795 0.362721 4.626620
49.401 3.660336 0.798048 0.369702 4.646877
49.501 3.671013 0.802191 0.373193 4.658329
49.601 3.682192 0.806602 0.376683 4.670347
49.702 3.701435 0.814397 0.394137 4.691109
49.802 3.712256 0.818975 0.404609 4.702858
49.901 3.722729 0.823552 0.413335 4.714288
50.002 3.741437 0.831912 0.425553 4.734779
50.103 3.751524 0.836536 0.432534 4.745875
50.202 3.767940 0.844264 0.446496 4.764019
50.302 3.779554 0.849952 0.460634 4.776951
50.402 3.788316 0.854376 0.474771 4.786767
50.501 3.803229 0.862177 0.485417 4.803597
50.602 3.814113 0.867957 0.490828 4.815920
50.702 3.829648 0.876330 0.494493 4.833568
50.801 3.842020 0.883061 0.499904 4.847653
50.901 3.852342 0.888721 0.501649 4.859425
51.002 3.865625 0.896006 0.501649 4.874574
51.102 3.880779 0.904324 0.501649 4.891861
51.201 3.890770 0.909803 0.501649 4.903255
51.301 3.902934 0.916487 0.501649 4.917135
51.401 3.917855 0.924670 0.501649 4.934153
51.502 3.927458 0.930054 0.521022 4.945162
51.601 3.942685 0.938989 0.542315 4.962817
51.701 3.954346 0.946210 0.563434 4.976533
51.801 3.962891 0.951685 0.576000 4.986682
51.901 3.975966 0.960519 0.602180 5.002461
52.002 3.970241 1.031495 0.659475 5.073668
52.103 3.972585 1.075643 0.689719 5.117878
52.201 3.983862 1.084965 0.689719 5.132509
52.301 3.992806 1.092329 0.687974 5.144095
52.401 4.004342 1.101777 0.686229 5.159005
52.502 4.018237 1.113190 0.696701 5.176987
52.601 4.027255 1.120830 0.707173 5.188806
52.701 4.036003 1.128459 0.722880 5.200413
52.801 4.051360 1.142125 0.729862 5.220970
52.901 4.060124 1.150087 0.745570 5.232811
53.002 4.068853 1.158389 0.766514 5.244858
53.102 4.083688 1.173221 0.796184 5.265836
53.201 4.091891 1.181771 0.811892 5.277684
53.303 4.100066 1.190497 0.820619 5.289641
53.401 4.113809 1.205364 0.829346 5.309888
53.501 4.121710 1.214022 0.831091 5.321609
53.601 4.131515 1.224714 0.827600 5.336116
53.702 4.139675 1.233540 0.822364 5.348136
53.801 4.151703 1.246500 0.822364 5.365817
53.903 4.161908 1.257542 0.824110 5.380853
54.001 4.174067 1.270726 0.829346 5.398788
54.101 4.181671 1.278993 0.825855 5.410020
54.202 4.189744 1.287778 0.827600 5.421951
54.302 4.203712 1.303002 0.829346 5.442612
54.401 4.211682 1.311711 0.831091 5.454418
54.503 4.223306 1.324510 0.834582 5.471707
54.601 4.233324 1.335573 0.836327 5.486632
54.704 4.241380 1.344479 0.834582 5.498641
54.804 4.253058 1.357395 0.836327 5.516053
54.912 4.259338 1.364350 0.836327 5.525425
55.001 4.273439 1.379974 0.838072 5.546471
55.101 4.281159 1.388538 0.836327 5.558001
55.201 4.264474 1.465254 0.838003 5.636510
55.301 4.272449 1.474056 0.827531 5.648388
55.401 4.284394 1.486923 0.817059 5.665944
55.501 4.294148 1.497205 0.810078 5.680117
55.602 4.302267 1.505676 0.804842 5.691851
55.701 4.312358 1.516071 0.797861 5.706338
55.802 4.324654 1.528469 0.785643 5.723799
55.901 4.332826 1.536543 0.773426 5.735287
56.001 4.343289 1.546648 0.761209 5.749833
56.101 4.356457 1.558925 0.738519 5.767836
56.202 4.364707 1.566310 0.726302 5.778909
56.301 4.375511 1.575685 0.705358 5.793213
56.401 4.388208 1.586218 0.680924 5.809711
56.501 4.396897 1.593121 0.665216 5.820808
56.601 4.407511 1.601226 0.647588 5.834163
56.701 4.414754 1.606793 0.665216 5.843298
56.801 4.423349 1.613666 0.680924 5.854303
56.901 4.432180 1.620897 0.687905 5.865717
57.001 4.448403 1.634244 0.687905 5.886724
57.101 4.456776 1.641119 0.686160 5.897559
57.201 4.465826 1.648543 0.687905 5.909264
57.303 4.481855 1.661615 0.682669 5.929948
57.401 4.490952 1.669005 0.680924 5.941667
57.501 4.499854 1.676211 0.679178 5.953121
57.601 4.515535 1.688795 0.673942 5.973227
57.701 4.524536 1.695965 0.672197 5.984734
57.801 4.533577 1.703167 0.670452 5.996294
57.902 4.549718 1.716029 0.677433 6.016932
58.002 4.558685 1.723302 0.684414 6.028479
58.102 4.567775 1.730772 0.689650 6.040244
58.201 4.585290 1.774469 0.717000 6.087321
58.301 4.597444 1.913961 0.768248 6.227341
58.401 4.605952 1.922334 0.782211 6.239277
58.501 4.620276 1.937053 0.811881 6.259817
58.601 4.627938 1.945295 0.831080 6.271069
58.701 4.635551 1.953794 0.848533 6.282479
58.801 4.644563 1.964252 0.865987 6.296284
58.901 4.655483 1.977350 0.883440 6.313338
59.001 4.662700 1.986453 0.909620 6.324955
59.101 4.675042 2.002796 0.937545 6.345434
59.201 4.681893 2.012412 0.960234 6.357241
59.302 4.688655 2.022370 0.982924 6.369278
59.402 4.699659 2.039667 1.023066 6.389779
59.501 4.705590 2.049577 1.037029 6.401327
59.602 4.711376 2.059667 1.057973 6.412959
59.702 4.719454 2.074457 1.080837 6.429811
59.802 4.726131 2.087412 1.101781 6.444385
59.901 4.731495 2.098208 1.119409 6.456441
60.001 4.738827 2.113785 1.137385 6.473657
60.101 4.746179 2.130212 1.160598 6.491655
60.201 4.749680 2.138513 1.178052 6.500663
60.301 4.754257 2.149896 1.197250 6.512932
60.401 4.761640 2.169598 1.227095 6.533972
60.501 4.765622 2.180912 1.235996 6.545966
60.601 4.772307 2.200338 1.241582 6.566511
60.703 4.776094 2.211521 1.245247 6.578317
60.803 4.779855 2.222712 1.246992 6.590123
60.910 4.767308 2.254407 1.264319 6.624211
61.001 4.710716 2.299049 1.307337 6.696291
61.102 4.713734 2.310235 1.307337 6.707877
61.201 4.718212 2.326903 1.307337 6.725137
61.302 4.722750 2.343767 1.307337 6.742600
61.401 4.725040 2.352258 1.307337 6.751395
61.501 4.729955 2.369978 1.283077 6.769784
61.601 4.734352 2.383697 1.244680 6.784190
61.701 4.740527 2.400471 1.201046 6.802065
61.801 4.744831 2.410877 1.164395 6.813325
61.901 4.749406 2.421041 1.139960 6.824471
62.001 4.758109 2.439069 1.106624 6.844490
62.101 4.763315 2.449117 1.085680 6.855807
62.218 4.768441 2.458453 1.059500 6.866457
62.301 4.777400 2.473534 1.015867 6.883999
62.401 4.782894 2.482083 0.991432 6.894161
62.501 4.788703 2.490628 0.966998 6.904494
62.602 4.795809 2.501401 0.994923 6.917399
62.701 4.804632 2.515650 1.029830 6.934159
62.801 4.810689 2.526252 1.062991 6.946369
62.901 4.819684 2.543832 1.122158 6.966117
63.001 4.824736 2.554747 1.148512 6.978144
63.105 4.829251 2.565509 1.188655 6.989815
63.201 4.834319 2.579065 1.230543 7.004288
63.301 4.839976 2.596693 1.281157 7.022800
63.402 4.843655 2.610373 1.326536 7.036966
63.503 4.846263 2.621896 1.361442 7.048781
63.602 4.811026 2.669246 1.482875 7.107804
63.701 4.811469 2.674279 1.482875 7.112857
63.803 4.811555 2.675247 1.482875 7.113828
63.902 4.811522 2.674872 1.482875 7.114204
64.002 4.811514 2.674791 1.482875 7.114285
64.101 4.811514 2.674791 1.482875 7.114285
64.202 4.811514 2.674791 1.482875 7.114285
64.301 4.811514 2.674791 1.482875 7.114285
64.401 4.811514 2.674791 1.482875 7.114285
64.501 4.811514 2.674791 1.482875 7.114285
64.601 4.811514 2.674791 1.482875 7.114285
64.701 4.811514 2.674791 1.482875 7.114285
64.802 4.811514 2.674791 1.482875 7.114285
64.901 4.811514 2.674791 1.482875 7.114285
65.002 4.811514 2.674791 1.482875 7.114285
65.107 4.811514 2.674791 1.482875 7.114285
65.204 4.811514 2.674791 1.482875 7.114285
65.301 4.811514 2.674791 1.482875 7.114285
65.403 4.811514 2.674791 1.482875 7.114285
65.503 4.811514 2.674791 1.482875 7.114285
65.601 4.811514 2.674791 1.482875 7.114285
65.702 4.811514 2.674791 1.482875 7.114285
65.807 4.811514 2.674791 1.482875 7.114285
65.901 4.811514 2.674791 1.482875 7.114285
66.004 4.811514 2.674791 1.482875 7.114285
66.105 4.811514 2.674791 1.482875 7.114285
66.202 4.811518 2.674831 1.481129 7.114325
66.303 4.811479 2.674442 1.454949 7.114716
66.401 4.811535 2.674860 1.421614 7.115137
66.501 4.811417 2.674230 1.367683 7.115778
66.601 4.790683 2.687432 1.264203 7.140359
66.702 4.790326 2.688007 1.222995 7.141036
66.803 4.790186 2.687629 1.216013 7.141439
66.902 4.790357 2.688098 1.219679 7.141939
67.001 4.793353 2.696191 1.216013 7.150568
67.101 4.796023 2.703398 1.216013 7.158254
67.201 4.800932 2.716650 1.216013 7.172387
67.301 4.805269 2.728345 1.214268 7.184860
67.401 4.808711 2.737628 1.214268 7.194761
67.501 4.813682 2.750961 1.214268 7.208990
67.602 4.815406 2.755605 1.216013 7.213943
67.701 4.815437 2.755688 1.216013 7.214032
67.801 4.815409 2.755613 1.216013 7.214112
67.901 4.815409 2.755613 1.216013 7.214112
68.001 4.815409 2.755613 1.216013 7.214112
68.102 4.815409 2.755613 1.214268 7.214112
68.201 4.815409 2.755613 1.212348 7.214112
68.301 4.815395 2.755576 1.212348 7.214152
68.401 4.815360 2.755482 1.212348 7.214252
68.501 4.815297 2.755314 1.210603 7.214431
68.601 4.815255 2.755204 1.208683 7.214549
68.701 4.815177 2.754999 1.205018 7.214769
68.808 4.815163 2.754962 1.205018 7.214808
68.902 4.815098 2.754794 1.201353 7.214988
69.002 4.815040 2.754645 1.199607 7.215148
69.102 4.815004 2.754554 1.197688 7.215246
69.202 4.814902 2.754293 1.195942 7.215526
69.301 4.814866 2.754201 1.194022 7.215624
69.403 4.814822 2.754090 1.190357 7.215744
69.515 4.814777 2.753978 1.186692 7.215865
69.601 4.814694 2.753774 1.183027 7.216085
69.702 4.812089 2.752602 1.169691 7.218941
69.801 4.809987 2.751542 1.157702 7.221297
69.903 4.809938 2.751431 1.154037 7.221417
70.004 4.809930 2.751413 1.154037 7.221437
70.102 4.809889 2.751322 1.152292 7.221537
70.201 4.809901 2.751350 1.154037 7.221568
70.301 4.813036 2.758422 1.154037 7.229303
70.402 4.816264 2.765714 1.154037 7.237278
70.505 4.821009 2.776432 1.154037 7.248999
70.602 4.824991 2.785427 1.154037 7.258836
70.707 4.828159 2.792584 1.154037 7.266663
70.801 4.831212 2.799480 1.154037 7.274205
70.903 4.836807 2.812118 1.154037 7.288026
71.003 4.840114 2.819589 1.154037 7.296196
71.101 4.844881 2.830356 1.154037 7.307971
71.202 4.849063 2.839805 1.154037 7.318304
71.302 4.852102 2.846670 1.154037 7.325811
71.401 4.855306 2.853907 1.154037 7.333727
71.519 4.860901 2.866544 1.154037 7.347546
71.601 4.864159 2.873903 1.154037 7.355594
71.702 4.867139 2.880646 1.155957 7.362967
71.801 4.872792 2.893424 1.155957 7.376939
71.904 4.876035 2.900760 1.154037 7.384960
72.003 4.880979 2.911967 1.157702 7.397209
72.102 4.884127 2.919124 1.155957 7.405027
72.205 4.887396 2.926565 1.157702 7.413156
72.303 4.892873 2.939051 1.157702 7.426789
72.401 4.896162 2.946556 1.157702 7.434984
72.502 4.899987 2.955283 1.157702 7.444512
72.602 4.904820 2.966308 1.157702 7.456550
72.705 4.907978 2.973512 1.157702 7.464416
72.802 4.911277 2.981041 1.157702 7.472636
72.902 4.906030 3.040723 1.147687 7.532548
73.002 4.909292 3.047968 1.147687 7.540494
73.102 4.914067 3.058572 1.147687 7.552123
73.208 4.916539 3.064061 1.147687 7.558143
73.310 4.917094 3.065293 1.147687 7.559494
73.407 4.916930 3.064929 1.147687 7.559893
73.501 4.916930 3.064929 1.147687 7.559893
73.601 4.916930 3.064929 1.147687 7.559893
73.703 4.916930 3.064929 1.147687 7.559893
73.801 4.916881 3.064819 1.147687 7.560013
73.905 4.916864 3.064782 1.147687 7.560055
74.001 4.916872 3.064800 1.147687 7.560075
74.101 4.916872 3.064800 1.147687 7.560075
74.201 4.916872 3.064800 1.147687 7.560075
74.301 4.916872 3.064800 1.147687 7.560075
74.401 4.916872 3.064800 1.147687 7.560075
74.502 4.916880 3.064819 1.147687 7.560095
74.601 4.916888 3.064837 1.147687 7.560115
74.701 4.916888 3.064837 1.147687 7.560115
74.802 4.916913 3.064891 1.147687 7.560174
74.902 4.916913 3.064891 1.147687 7.560174
75.001 4.916913 3.064891 1.147687 7.560174
75.101 4.916913 3.064891 1.147687 7.560174
75.202 4.916913 3.064891 1.147687 7.560174
75.301 4.916913 3.064891 1.147687 7.560174
75.401 4.916913 3.064891 1.147687 7.560174
75.501 4.916913 3.064891 1.147687 7.560174
75.601 4.916913 3.064891 1.147687 7.560174
75.701 4.916913 3.064891 1.147687 7.560174
75.802 4.916913 3.064891 1.147687 7.560174
75.901 4.916913 3.064891 1.147687 7.560174
76.001 4.911382 3.058080 1.148382 7.568948
76.102 4.909486 3.055745 1.148621 7.571955
76.202 4.909486 3.055745 1.148621 7.571955
76.301 4.909486 3.055745 1.148621 7.571955
76.401 4.909486 3.055745 1.148621 7.571955
76.501 4.909486 3.055745 1.148621 7.571955
76.601 4.909486 3.055745 1.148621 7.571955
76.702 4.909486 3.055745 1.148621 7.571955
76.801 4.909469 3.055708 1.148621 7.571997
76.901 4.909469 3.055708 1.148621 7.571997
77.002 4.909469 3.055708 1.148621 7.571997
77.101 4.909461 3.055689 1.148621 7.572017
77.202 4.909452 3.055671 1.148621 7.572036
77.301 4.909444 3.055653 1.148621 7.572056
77.402 4.909436 3.055635 1.148621 7.572076
77.501 4.909436 3.055635 1.148621 7.572076
77.601 4.909436 3.055635 1.148621 7.572076
77.701 4.909436 3.055635 1.148621 7.572076
77.801 4.909436 3.055635 1.148621 7.572076
77.903 4.909436 3.055635 1.148621 7.572076
78.001 4.909436 3.055635 1.148621 7.572076
78.101 4.909436 3.055635 1.148621 7.572076
78.201 4.909436 3.055635 1.148621 7.572076
78.301 4.909436 3.055635 1.148621 7.572076
78.401 4.909436 3.055635 1.148621 7.572076
78.501 4.909436 3.055635 1.148621 7.572076
78.601 4.909436 3.055635 1.148621 7.572076
78.701 4.909436 3.055635 1.148621 7.572076
78.801 4.909436 3.055635 1.148621 7.572076
78.901 4.909436 3.055635 1.148621 7.572076
79.001 4.909436 3.055635 1.148621 7.572076
79.101 4.910703 3.055766 1.145515 7.573349
79.201 4.910703 3.055766 1.145515 7.573349
79.301 4.910703 3.055766 1.145515 7.573349
79.401 4.910703 3.055766 1.145515 7.573349
79.501 4.910703 3.055766 1.145515 7.573349
79.601 4.910703 3.055766 1.145515 7.573349
79.701 4.910703 3.055766 1.145515 7.573349
79.801 4.910703 3.055766 1.145515 7.573349
79.901 4.910703 3.055766 1.145515 7.573349
80.001 4.910703 3.055766 1.145515 7.573349
80.101 4.910703 3.055766 1.145515 7.573349
80.201 4.910703 3.055766 1.145515 7.573349
80.301 4.910703 3.055766 1.145515 7.573349
80.401 4.910703 3.055766 1.145515 7.573349
80.505 4.910703 3.055766 1.145515 7.573349
80.601 4.910703 3.055766 1.145515 7.573349
80.701 4.910703 3.055766 1.145515 7.573349
80.801 4.910703 3.055766 1.145515 7.573349
80.901 4.910703 3.055766 1.145515 7.573349
81.001 4.910703 3.055766 1.145515 7.573349
81.101 4.910703 3.055766 1.145515 7.573349
81.201 4.910703 3.055766 1.145515 7.573349
81.301 4.910703 3.055766 1.145515 7.573349
81.402 4.910703 3.055766 1.145515 7.573349
81.501 4.910703 3.055766 1.145515 7.573349
81.601 4.910703 3.055766 1.145515 7.573349
81.701 4.910703 3.055766 1.145515 7.573349
81.801 4.910703 3.055766 1.145515 7.573349
81.902 4.910703 3.055766 1.145515 7.573349
82.001 4.910703 3.055766 1.145515 7.573349
82.102 4.910703 3.055766 1.145515 7.573349
82.202 4.910029 3.055734 1.146262 7.574023
82.301 4.909290 3.055698 1.147078 7.574764
82.401 4.909290 3.055698 1.147078 7.574764
82.501 4.909290 3.055698 1.147078 7.574764
82.601 4.909290 3.055698 1.147078 7.574764
82.701 4.909290 3.055698 1.147078 7.574764
82.801 4.909290 3.055698 1.147078 7.574764
82.901 4.909290 3.055698 1.147078 7.574764
83.001 4.909290 3.055698 1.147078 7.574764
83.101 4.909290 3.055698 1.147078 7.574764
83.201 4.909290 3.055698 1.147078 7.574764
83.301 4.909290 3.055698 1.147078 7.574764
83.401 4.909290 3.055698 1.147078 7.574764
83.501 4.909290 3.055698 1.147078 7.574764
83.601 4.909290 3.055698 1.147078 7.574764
83.701 4.909290 3.055698 1.147078 7.574764
83.801 4.909290 3.055698 1.147078 7.574764
83.901 4.909290 3.055698 1.147078 7.574764
84.001 4.909290 3.055698 1.147078 7.574764
84.102 4.909290 3.055698 1.147078 7.574764
84.202 4.909290 3.055698 1.147078 7.574764
84.302 4.909290 3.055698 1.147078 7.574764
84.402 4.909290 3.055698 1.147078 7.574764
84.501 4.909298 3.055717 1.147078 7.574784
84.601 4.909298 3.055717 1.147078 7.574784
84.701 4.909298 3.055717 1.147078 7.574784
84.801 4.909298 3.055717 1.147078 7.574784
84.901 4.909298 3.055717 1.147078 7.574784
85.001 4.909298 3.055717 1.147078 7.574784
85.101 4.909298 3.055717 1.147078 7.574784
85.203 4.909298 3.055717 1.147078 7.574784
85.301 4.909298 3.055717 1.147078 7.574784
85.401 4.907886 3.055652 1.148641 7.576198
85.503 4.907886 3.055652 1.148641 7.576198
85.601 4.907886 3.055652 1.148641 7.576198
85.701 4.907886 3.055652 1.148641 7.576198
85.801 4.907886 3.055652 1.148641 7.576198
85.901 4.907886 3.055652 1.148641 7.576198
86.001 4.907886 3.055652 1.148641 7.576198
86.102 4.907886 3.055652 1.148641 7.576198
