# t_sec x y yaw_rad cum_dist_m
0.114 -0.004688 0.003125 -0.000000 0.000000
0.211 -0.004688 0.003125 -0.000000 0.000000
0.311 -0.004688 0.003125 -0.000000 0.000000
0.411 -0.004688 0.003125 -0.000000 0.000000
0.514 -0.004688 0.003125 -0.000000 0.000000
0.611 -0.004688 0.003125 -0.000000 0.000000
0.711 -0.004688 0.003125 -0.000000 0.000000
0.811 -0.004888 0.003124 0.008727 0.000201
0.927 -0.004783 0.003129 0.038397 0.000306
1.011 -0.004937 0.003117 0.068068 0.000461
1.111 -0.005116 0.003102 0.092502 0.000641
1.214 -0.004834 0.003135 0.120428 0.000924
1.314 -0.005011 0.003105 0.174533 0.001104
1.412 -0.004498 0.003204 0.195477 0.001626
1.511 -0.005066 0.003073 0.233874 0.002208
1.611 -0.005090 0.003068 0.267035 0.002233
1.713 -0.004533 0.003225 0.301942 0.002812
1.811 -0.004907 0.003099 0.338594 0.003206
1.911 -0.004768 0.003152 0.368264 0.003355
2.011 -0.005138 0.003001 0.403171 0.003754
2.111 -0.004798 0.003160 0.445059 0.004129
2.212 -0.004870 0.003124 0.467748 0.004210
2.311 -0.005009 0.003052 0.507891 0.004366
2.411 -0.004471 0.003361 0.551524 0.004987
2.512 -0.004994 0.003027 0.575959 0.005607
2.611 -0.004983 0.003038 0.603709 0.005622
2.711 -0.004853 0.003122 0.654498 0.005776
2.811 -0.005105 0.002923 0.682598 0.006097
2.911 -0.004782 0.003194 0.715585 0.006518
3.015 0.013909 0.027871 0.779906 0.037475
3.111 0.014242 0.028218 0.821794 0.037956
3.212 0.014110 0.028068 0.856700 0.038155
3.311 0.014134 0.028100 0.891607 0.038195
3.415 0.014133 0.028097 0.917787 0.038199
3.511 0.014066 0.027997 0.959675 0.038319
3.611 0.014246 0.028262 0.987600 0.038639
3.711 0.014128 0.028076 1.029488 0.038859
3.819 0.014357 0.028477 1.064395 0.039321
3.911 0.014012 0.027821 1.099301 0.040063
4.013 0.013924 0.027642 1.132462 0.040262
4.111 0.014152 0.028140 1.172605 0.040809
4.211 0.014002 0.027768 1.204021 0.041211
4.311 0.014146 0.028171 1.235437 0.041638
4.411 0.014085 0.027985 1.259872 0.041834
4.511 0.014118 0.028102 1.312231 0.041955
4.611 0.014103 0.028037 1.336666 0.042022
4.711 -0.011321 0.015992 1.370095 0.070155
4.811 -0.018313 0.013050 1.413802 0.077741
4.911 -0.018415 0.012330 1.445218 0.078467
5.012 -0.018378 0.012730 1.482044 0.078869
5.111 -0.018371 0.012813 1.508224 0.078952
5.211 -0.018384 0.012489 1.548367 0.079277
5.312 -0.018383 0.012864 1.593746 0.079652
5.411 -0.018379 0.012784 1.618180 0.079732
5.511 -0.018408 0.013172 1.654832 0.080120
5.619 -0.018375 0.012855 1.693229 0.080439
5.713 -0.018398 0.013013 1.719409 0.080599
5.811 -0.018448 0.013336 1.749080 0.080926
5.913 -0.018343 0.012808 1.797949 0.081465
6.011 -0.022501 0.014085 1.849992 0.085815
6.134 -0.022359 0.013623 1.877918 0.086299
6.211 -0.022487 0.013982 1.926787 0.086681
6.311 -0.022304 0.013515 1.952967 0.087182
6.411 -0.022305 0.013515 1.984383 0.087182
6.511 -0.022521 0.013993 2.028016 0.087707
6.611 -0.022374 0.013710 2.057686 0.088025
6.711 -0.022403 0.013764 2.066413 0.088086
6.812 -0.022219 0.013428 2.076885 0.088470
6.911 -0.022095 0.013219 2.111792 0.088712
7.013 -0.022158 0.013321 2.132736 0.088832
7.111 -0.000508 0.012478 2.184808 0.110498
7.211 -0.000354 0.012265 2.209243 0.110761
7.311 -0.000347 0.012252 2.235423 0.110775
7.411 -0.000519 0.012476 2.284118 0.111058
7.511 -0.000264 0.012188 2.315708 0.111442
7.611 -0.000653 0.012596 2.345204 0.112006
7.712 -0.000507 0.012459 2.394248 0.112206
7.811 -0.000732 0.012660 2.418682 0.112506
7.919 -0.000639 0.012581 2.448353 0.112628
8.011 -0.000879 0.012765 2.490241 0.112929
8.111 -0.001007 0.012860 2.535620 0.113089
8.211 -0.000958 0.012825 2.568781 0.113149
8.312 -0.000975 0.012837 2.598451 0.113170
8.411 -0.001014 0.012860 2.638594 0.113215
8.512 -0.000979 0.012841 2.664774 0.113256
8.611 -0.001250 0.012971 2.709978 0.113556
8.711 -0.011577 0.009056 2.721628 0.124601
8.811 -0.017119 0.007057 2.731840 0.130493
8.911 -0.016806 0.006929 2.784200 0.130831
9.011 -0.017258 0.007087 2.814045 0.131310
9.111 -0.017199 0.007068 2.841971 0.131372
9.212 -0.017218 0.007069 2.885604 0.131391
9.311 -0.017705 0.007189 2.920510 0.131892
9.411 -0.017415 0.007131 2.957162 0.132188
9.511 -0.017555 0.007154 2.986833 0.132329
9.611 -0.017553 0.007155 3.018249 0.132331
9.711 -0.017799 0.007174 3.065373 0.132577
9.811 -0.017719 0.007170 3.086317 0.132657
9.911 -0.017419 0.007161 3.124714 0.132957
10.011 -0.017862 0.007157 -3.123565 0.133400
10.113 -0.017931 0.007156 -3.107857 0.133469
10.211 0.019908 -0.013471 -2.984988 0.176564
10.314 0.019888 -0.013475 -2.958808 0.176584
10.416 0.019829 -0.013486 -2.946591 0.176644
10.511 0.019923 -0.013457 -2.883759 0.176742
10.611 0.019981 -0.013441 -2.855834 0.176802
10.711 0.019423 -0.013617 -2.829654 0.177387
10.811 0.019669 -0.013526 -2.779040 0.177649
10.911 0.019651 -0.013534 -2.749369 0.177668
11.011 0.019463 -0.013617 -2.717953 0.177874
11.111 0.019185 -0.013759 -2.672574 0.178186
11.211 0.019322 -0.013683 -2.642729 0.178343
11.311 0.019580 -0.013539 -2.621960 0.178638
11.411 0.019029 -0.013882 -2.578152 0.179287
11.511 0.019047 -0.013868 -2.552147 0.179309
11.611 0.019161 -0.013790 -2.517240 0.179448
11.713 0.019152 -0.015082 -2.469964 0.180740
11.812 0.019889 -0.017255 -2.441515 0.183035
11.911 0.019649 -0.017468 -2.394217 0.183355
12.011 0.019927 -0.017201 -2.366466 0.183740
12.111 0.019685 -0.017450 -2.340111 0.184087
12.211 0.019380 -0.017766 -2.299794 0.184527
12.311 0.019706 -0.017388 -2.259652 0.185026
12.419 0.019407 -0.017763 -2.231727 0.185506
12.511 0.019442 -0.017716 -2.196820 0.185566
12.612 0.019409 -0.017766 -2.168895 0.185626
12.711 0.019433 -0.017724 -2.135733 0.185674
12.811 0.019443 -0.017709 -2.107808 0.185692
12.911 0.019291 -0.017972 -2.062430 0.185996
13.011 0.019411 -0.017739 -2.034504 0.186259
13.112 0.019262 -0.018065 -1.994362 0.186618
13.215 0.019322 -0.017914 -1.950729 0.186780
13.312 0.019382 -0.017761 -1.933275 0.186945
13.411 0.019389 0.007972 -1.862125 0.212677
13.512 0.019371 0.007897 -1.825473 0.212755
13.620 0.019304 0.007642 -1.790567 0.213019
13.711 0.019420 0.008211 -1.759151 0.213600
13.811 0.019357 0.007830 -1.729480 0.213986
13.911 0.019329 0.007650 -1.680611 0.214168
14.014 0.019335 0.007692 -1.652686 0.214211
14.113 0.019332 0.007691 -1.621270 0.214214
14.211 0.019331 0.007687 -1.577636 0.214218
14.311 0.019334 0.007467 -1.547966 0.214438
14.411 0.019337 0.007384 -1.521786 0.214521
14.511 0.019336 0.007415 -1.485134 0.214553
14.611 0.019384 0.006946 -1.451973 0.215024
14.711 0.019360 0.007132 -1.403103 0.215211
14.811 0.019422 0.006794 -1.369942 0.215555
14.911 0.019433 0.006739 -1.359470 0.215611
15.013 0.019414 0.006817 -1.312346 0.215692
15.111 0.019438 0.006742 -1.270458 0.215771
15.216 0.019480 0.006611 -1.244278 0.215909
15.311 0.005056 0.022369 -1.147591 0.237272
15.411 0.005030 0.022427 -1.116175 0.237336
15.511 0.005216 0.022071 -1.063815 0.237738
15.612 0.005179 0.022136 -1.039381 0.237813
15.711 0.005181 0.022132 -1.011455 0.237817
15.813 0.005289 0.021974 -0.967822 0.238008
15.911 0.005399 0.021824 -0.931170 0.238194
16.011 0.005222 0.022049 -0.898009 0.238480
16.119 0.005050 0.022260 -0.873574 0.238752
16.211 0.005481 0.021767 -0.831686 0.239407
16.311 0.005547 0.021694 -0.803761 0.239506
16.411 0.005571 0.021681 -0.753147 0.239533
16.511 0.005555 0.021695 -0.721731 0.239554
16.615 0.005498 0.021617 -0.696887 0.239651
16.712 -0.001792 0.021011 -0.634546 0.246967
16.811 -0.001722 0.020963 -0.606447 0.247052
16.913 -0.001181 0.020610 -0.564733 0.247698
17.017 -0.001337 0.020695 -0.527907 0.247876
17.116 -0.001675 0.020886 -0.512024 0.248264
17.220 -0.001190 0.020642 -0.458094 0.248807
17.311 -0.001380 0.020729 -0.416206 0.249016
17.411 -0.001157 0.020638 -0.377809 0.249257
17.511 -0.001271 0.020681 -0.355119 0.249378
17.611 -0.000626 0.020456 -0.318467 0.250062
17.711 -0.000776 0.020499 -0.280070 0.250217
17.811 -0.000867 0.020525 -0.259126 0.250313
17.915 -0.000828 0.020516 -0.229456 0.250353
18.011 0.005490 0.002062 -0.178566 0.269858
18.120 0.005026 0.002140 -0.154132 0.270330
18.211 0.005244 0.002114 -0.108753 0.270550
18.311 0.005602 0.002087 -0.068436 0.270909
18.414 0.005512 0.002091 -0.045747 0.270998
18.512 0.005010 0.002106 -0.002114 0.271501
18.614 0.005158 0.002107 0.011849 0.271649
18.711 0.005364 0.002109 0.010104 0.271854
18.811 0.005267 0.002108 0.010104 0.271951
18.912 0.005267 0.002108 0.010104 0.271951
19.012 0.005267 0.002108 0.010104 0.271951
19.111 0.005267 0.002108 0.010104 0.271951
19.211 0.005267 0.002108 0.010104 0.271951
19.313 0.005267 0.002108 0.010104 0.271951
19.411 0.005267 0.002108 0.010104 0.271951
19.511 0.005267 0.002108 0.010104 0.271951
19.611 0.005267 0.002108 0.010104 0.271951
19.711 0.005267 0.002108 0.010104 0.271951
19.811 0.005267 0.002108 0.010104 0.271951
19.911 0.005267 0.002108 0.010104 0.271951
20.011 0.005267 0.002108 0.010104 0.271951
20.111 0.005267 0.002108 0.010104 0.271951
20.211 0.005267 0.002108 0.010104 0.271951
20.311 0.005267 0.002108 0.010104 0.271951
20.411 0.005267 0.002108 0.010104 0.271951
20.511 0.005464 0.002111 0.011849 0.272148
20.611 0.013385 0.002370 0.041694 0.280073
20.711 0.021223 0.002833 0.066129 0.287925
20.811 0.032801 0.003640 0.071365 0.299531
20.912 0.041073 0.000582 0.045431 0.308351
21.011 0.052085 0.001164 0.057648 0.319378
21.111 0.067785 0.002193 0.073356 0.335112
21.211 0.080764 0.003382 0.099536 0.348145
21.326 0.097009 0.005275 0.129206 0.364500
21.411 0.111266 0.007273 0.146485 0.378897
21.511 0.122838 0.009103 0.162368 0.390613
21.614 0.139898 0.012376 0.207746 0.407984
21.713 0.154000 0.015661 0.240908 0.422463
21.811 0.165094 0.018392 0.242653 0.433888
21.911 0.179240 0.021893 0.242653 0.448461
22.018 0.195435 0.026148 0.265517 0.465206
22.113 0.206295 0.029252 0.286461 0.476500
22.211 0.216773 0.032489 0.305834 0.487468
22.311 0.236248 0.038980 0.335679 0.507995
22.445 0.254790 0.045799 0.365350 0.527751
22.511 0.263018 0.049026 0.377567 0.536589
22.611 0.273899 0.053210 0.365350 0.548248
22.719 0.290098 0.059311 0.356623 0.565557
22.811 0.303737 0.064674 0.382803 0.580213
22.911 0.309119 0.066868 0.389784 0.586024
23.013 0.330940 0.076063 0.398511 0.609704
23.111 0.344596 0.081784 0.395020 0.624510
23.211 0.356625 0.086743 0.389784 0.637520
23.335 0.366413 0.090722 0.384548 0.648087
23.411 0.385309 0.098214 0.368840 0.668414
23.522 0.395393 0.102070 0.361859 0.679210
23.611 0.406005 0.106024 0.354878 0.690535
23.711 0.425075 0.112835 0.335330 0.710785
23.811 0.435919 0.116570 0.329919 0.722253
23.911 0.446140 0.119984 0.317353 0.733030
24.011 0.498730 0.189927 0.317586 0.820538
24.111 0.535289 0.242061 0.313221 0.884213
24.211 0.546689 0.245716 0.307985 0.896186
24.311 0.565891 0.251586 0.288786 0.916265
24.411 0.571768 0.253310 0.285295 0.922389
24.511 0.592215 0.259128 0.271333 0.943648
24.611 0.608937 0.263712 0.266097 0.960987
24.711 0.620915 0.266894 0.257370 0.973380
24.811 0.632171 0.269686 0.236426 0.984977
24.911 0.652209 0.274081 0.201345 1.005492
25.019 0.658199 0.275282 0.197854 1.011600
25.111 0.678266 0.279288 0.195935 1.032064
25.211 0.694307 0.282509 0.199600 1.048425
25.311 0.705014 0.284679 0.203090 1.059349
25.411 0.716421 0.287230 0.229270 1.071038
25.511 0.736495 0.292352 0.264177 1.091755
25.611 0.747357 0.295290 0.264177 1.103007
25.711 0.759213 0.298520 0.265922 1.115296
25.811 0.778802 0.303892 0.269413 1.135608
25.911 0.790487 0.307119 0.269413 1.147731
26.014 0.801586 0.310205 0.271158 1.159251
26.113 0.815984 0.314223 0.272904 1.174199
26.212 0.832603 0.319058 0.297338 1.191506
26.312 0.843232 0.322370 0.308159 1.202640
26.411 0.863003 0.328800 0.320726 1.223430
26.511 0.874631 0.332708 0.326136 1.235698
26.611 0.885271 0.336455 0.342019 1.246978
26.711 0.904106 0.343573 0.371689 1.267113
26.831 0.914611 0.347683 0.375180 1.278393
26.911 0.931306 0.354253 0.376925 1.296335
27.018 0.949422 0.373569 0.400345 1.322817
27.112 0.982954 0.423180 0.453885 1.382697
27.215 0.994270 0.428654 0.446903 1.395267
27.311 1.003207 0.432904 0.441667 1.405164
27.411 1.016190 0.438944 0.431195 1.419483
27.513 1.032135 0.446088 0.415313 1.436955
27.611 1.041507 0.450152 0.406412 1.447171
27.713 1.051335 0.454297 0.392274 1.457837
27.811 1.068683 0.461333 0.377963 1.476557
27.911 1.079220 0.465421 0.367491 1.487860
28.011 1.089262 0.469230 0.360335 1.498600
28.111 1.101974 0.473989 0.356844 1.512173
28.211 1.118147 0.480001 0.355099 1.529427
28.311 1.129374 0.484165 0.355099 1.541401
28.411 1.147190 0.490701 0.348118 1.560379
28.512 1.157186 0.494319 0.346372 1.571009
28.611 1.167732 0.498120 0.344627 1.582219
28.711 1.186543 0.504705 0.330664 1.602150
28.811 1.196162 0.507955 0.320192 1.612304
28.911 1.205622 0.511030 0.309546 1.622250
29.011 1.220393 0.515607 0.291743 1.637714
29.112 1.228312 0.517931 0.279526 1.645967
29.211 1.234974 0.519821 0.274290 1.652892
29.311 1.246577 0.523025 0.270800 1.664929
29.413 1.248141 0.523459 0.270800 1.666552
29.511 1.247645 0.523317 0.284762 1.667068
29.612 1.247958 0.523420 0.351085 1.667397
29.713 1.247859 0.523378 0.392973 1.667504
29.811 1.247898 0.523396 0.433115 1.667547
29.918 1.247959 0.523423 0.475003 1.667613
30.011 1.247975 0.523433 0.532599 1.667632
30.129 1.247779 0.523313 0.570996 1.667861
30.211 1.248096 0.523532 0.639064 1.668246
30.311 1.247874 0.523361 0.672225 1.668526
30.411 1.171327 0.562710 0.603819 1.754594
30.511 1.160349 0.568200 0.589203 1.766869
30.611 1.160388 0.568226 0.589203 1.766915
30.714 1.160621 0.568381 0.587457 1.767195
30.811 1.169555 0.573859 0.528116 1.777675
30.911 1.176111 0.577586 0.508917 1.785216
31.018 1.185016 0.582260 0.467029 1.795273
31.111 1.194962 0.586951 0.425142 1.806270
31.211 1.212297 0.594011 0.362310 1.824988
31.317 1.222595 0.597683 0.332639 1.835921
31.411 1.235862 0.601922 0.292497 1.849848
31.511 1.249481 0.605650 0.250609 1.863969
31.611 1.269378 0.610086 0.198249 1.884354
31.714 1.309916 0.616684 0.136303 1.925426
31.811 1.377192 0.625794 0.051582 1.993315
31.912 1.397372 0.626404 0.011440 2.013505
32.011 1.408870 0.626406 -0.006013 2.025003
32.111 1.420032 0.626184 -0.026957 2.036167
32.211 1.435347 0.625459 -0.060119 2.051499
32.311 1.450832 0.624216 -0.093280 2.067034
32.411 1.468422 0.622317 -0.117714 2.084726
32.511 1.477389 0.621180 -0.133422 2.093765
32.611 1.493822 0.618767 -0.154715 2.110374
32.711 1.507848 0.616449 -0.168678 2.124590
32.811 1.525199 0.613463 -0.172169 2.142196
32.911 1.537086 0.611385 -0.173914 2.154263
33.014 1.542979 0.610315 -0.182641 2.160253
33.111 1.568961 0.605248 -0.201839 2.186724
33.221 1.580674 0.602846 -0.203585 2.198682
33.311 1.594989 0.599886 -0.205330 2.213299
33.411 1.611844 0.596302 -0.217722 2.230531
33.521 1.621291 0.594131 -0.231859 2.240224
33.619 1.633866 0.591129 -0.235524 2.253152
33.711 1.645131 0.588437 -0.233604 2.264734
33.811 1.662483 0.584181 -0.244425 2.282601
33.911 1.679609 0.579730 -0.258563 2.300296
34.027 1.683293 0.623673 -0.327587 2.344393
34.111 1.699530 0.619544 -0.336849 2.361147
34.214 1.704910 0.617660 -0.336849 2.366848
34.311 1.724460 0.610747 -0.342085 2.387584
34.421 1.743117 0.604051 -0.347321 2.407406
34.512 1.754446 0.599944 -0.349067 2.419456
34.611 1.765146 0.595959 -0.357793 2.430874
34.711 1.778835 0.590755 -0.366520 2.445519
34.811 1.795256 0.584372 -0.376992 2.463137
34.911 1.806158 0.580034 -0.380483 2.474871
35.011 1.819890 0.574480 -0.385719 2.489683
35.112 1.836450 0.567789 -0.383973 2.507544
35.211 1.847274 0.563427 -0.383973 2.519214
35.311 1.866491 0.555663 -0.383973 2.539940
35.411 1.877287 0.551323 -0.382228 2.551576
35.511 1.893497 0.544851 -0.382228 2.569030
35.611 1.904375 0.540444 -0.387464 2.580767
35.719 1.915348 0.535960 -0.389209 2.592621
35.811 1.934618 0.528051 -0.390955 2.613450
35.911 1.945493 0.523575 -0.390955 2.625211
36.011 1.956437 0.519047 -0.390955 2.637054
36.115 1.975508 0.511281 -0.383973 2.657646
36.211 1.986177 0.506943 -0.387464 2.669164
36.311 1.995611 0.503089 -0.389209 2.679354
36.414 2.010446 0.496962 -0.397936 2.695405
36.511 2.024238 0.490564 -0.455532 2.710608
36.611 2.033232 0.485810 -0.504226 2.720782
36.711 2.049982 0.476029 -0.532326 2.740178
36.811 2.055041 0.473048 -0.532326 2.746050
36.911 2.065185 0.467086 -0.532326 2.757816
37.011 2.077748 0.459923 -0.512953 2.772278
37.111 2.094699 0.450689 -0.489915 2.791581
37.212 2.104991 0.445310 -0.475952 2.803194
37.311 2.152112 0.481515 -0.514373 2.862617
37.411 2.167668 0.473340 -0.465504 2.880191
37.511 2.176014 0.469094 -0.474230 2.889554
37.611 2.189974 0.461865 -0.481212 2.905274
37.711 2.202364 0.455278 -0.491684 2.919307
37.811 2.210554 0.450856 -0.498665 2.928615
37.912 2.228180 0.441006 -0.514373 2.948806
38.011 2.236167 0.436405 -0.526590 2.958023
38.111 2.245005 0.431224 -0.535317 2.968268
38.211 2.259538 0.422486 -0.545789 2.985226
38.317 2.266620 0.418143 -0.551025 2.993534
38.411 2.276985 0.411705 -0.560100 3.005735
38.511 2.284461 0.406997 -0.560100 3.014570
38.611 2.285813 0.406150 -0.558181 3.016166
38.711 2.285693 0.406225 -0.558181 3.016307
38.811 2.286101 0.405965 -0.598498 3.016790
38.911 2.286002 0.406034 -0.631659 3.016911
39.012 2.285850 0.406153 -0.661330 3.017104
39.114 2.285691 0.406276 -0.657839 3.017305
39.211 2.285770 0.406215 -0.657839 3.017404
39.311 2.285770 0.406215 -0.657839 3.017404
39.414 2.285770 0.406215 -0.657839 3.017404
39.515 2.285770 0.406215 -0.657839 3.017404
39.611 2.285770 0.406215 -0.657839 3.017404
39.715 2.285770 0.406215 -0.657839 3.017404
39.811 2.285770 0.406215 -0.657839 3.017404
39.911 2.285770 0.406215 -0.657839 3.017404
40.013 2.285770 0.406215 -0.657839 3.017404
40.111 2.285770 0.406215 -0.657839 3.017404
40.211 2.285770 0.406215 -0.657839 3.017404
40.312 2.285770 0.406215 -0.657839 3.017404
40.411 2.289162 0.425305 -0.668039 3.036794
40.511 2.294165 0.441796 -0.649738 3.054027
40.614 2.302709 0.435707 -0.597379 3.064518
40.711 2.308638 0.431900 -0.555491 3.071565
40.811 2.317855 0.426626 -0.494404 3.082184
40.912 2.326284 0.422404 -0.443790 3.091611
41.012 2.335910 0.418154 -0.400156 3.102133
41.111 2.352645 0.411751 -0.340815 3.120052
41.211 2.365321 0.407739 -0.284965 3.133348
41.311 2.376245 0.404893 -0.237841 3.144636
41.411 2.392809 0.401464 -0.183735 3.161551
41.543 2.412904 0.398401 -0.126140 3.181878
41.611 2.421687 0.397422 -0.105196 3.190716
41.711 2.430134 0.396684 -0.077270 3.199195
41.811 2.441461 0.395967 -0.052836 3.210545
41.911 2.460100 0.395528 -0.005712 3.229189
42.011 2.476173 0.395758 0.032685 3.245263
42.114 2.481198 0.395945 0.039667 3.250292
42.211 2.530225 0.427934 0.136435 3.308832
42.311 2.544642 0.430173 0.167851 3.323422
42.411 2.556381 0.432350 0.194031 3.335361
42.511 2.573421 0.436134 0.237664 3.352816
42.611 2.587969 0.439904 0.263844 3.367845
42.717 2.598925 0.443069 0.290024 3.379248
42.811 2.616342 0.448539 0.314633 3.397505
42.919 2.628956 0.452831 0.334006 3.410828
43.011 2.639043 0.456456 0.351634 3.421548
43.111 2.654281 0.462254 0.374498 3.437851
43.211 2.666888 0.467353 0.386715 3.451450
43.311 2.678361 0.472036 0.388460 3.463842
43.411 2.694590 0.478711 0.390206 3.481390
43.511 2.708320 0.484358 0.390206 3.496236
43.611 2.719184 0.488810 0.386715 3.507976
43.711 2.733232 0.494559 0.388460 3.523156
43.812 2.749563 0.501253 0.388460 3.540806
43.912 2.760474 0.505708 0.388460 3.552591
44.013 2.771599 0.510261 0.388460 3.564611
44.111 2.790389 0.517810 0.377988 3.584861
44.212 2.801345 0.522103 0.371007 3.596628
44.311 2.812143 0.526116 0.344827 3.608148
44.411 2.830369 0.532155 0.302939 3.627348
44.511 2.841125 0.535389 0.290722 3.638580
44.611 2.851864 0.538602 0.290722 3.649790
44.717 2.865957 0.542819 0.290722 3.664500
44.811 2.886239 0.556852 0.279531 3.689163
44.914 2.911103 0.601331 0.236401 3.740120
45.012 2.930648 0.606039 0.236401 3.760224
45.115 2.937085 0.607578 0.234656 3.766843
45.211 2.953192 0.611424 0.232910 3.783402
45.315 2.972453 0.615983 0.231165 3.803195
45.411 2.983246 0.618518 0.229420 3.814282
45.514 2.993883 0.621022 0.231165 3.825209
45.612 3.014026 0.625763 0.231165 3.845903
45.713 3.025493 0.628462 0.231165 3.857684
45.815 3.031867 0.629962 0.231165 3.864231
45.911 3.055861 0.635610 0.231165 3.888882
46.013 3.066389 0.638088 0.231165 3.899697
46.111 3.080019 0.641301 0.232910 3.913700
46.211 3.097283 0.645396 0.232910 3.931444
46.311 3.107864 0.647906 0.232910 3.942319
46.419 3.123870 0.651703 0.232910 3.958769
46.511 3.138638 0.655200 0.231165 3.973945
46.611 3.149510 0.657759 0.231165 3.985115
46.718 3.163843 0.661133 0.231165 3.999839
46.811 3.176246 0.664052 0.231165 4.012581
46.911 3.195601 0.668581 0.229420 4.032458
47.011 3.207258 0.671303 0.229420 4.044429
47.111 3.218807 0.673984 0.227674 4.056285
47.211 3.237700 0.678382 0.229420 4.075683
47.311 3.249480 0.681138 0.231165 4.087782
47.411 3.266724 0.685208 0.232910 4.105499
47.511 3.278216 0.687923 0.231165 4.117308
47.611 3.294784 0.691813 0.229420 4.134326
47.711 3.309056 0.695172 0.231165 4.148988
47.811 3.320428 0.697859 0.232910 4.160673
47.911 3.330893 0.700305 0.225929 4.171420
48.017 3.387177 0.757509 0.216610 4.251671
48.117 3.411666 0.780130 0.208442 4.285010
48.227 3.419416 0.781745 0.201460 4.292926
48.311 3.423702 0.782622 0.201460 4.297301
48.411 3.423897 0.782659 0.213678 4.297499
48.511 3.424320 0.782765 0.259056 4.297936
48.611 3.424841 0.782925 0.341087 4.298480
48.711 3.424990 0.782984 0.391701 4.298640
48.811 3.424842 0.782919 0.445807 4.298801
48.911 3.429135 0.785156 0.482459 4.303642
49.012 3.433152 0.787269 0.484204 4.308181
49.111 3.444395 0.793203 0.485949 4.320893
49.226 3.454885 0.798682 0.475477 4.332728
49.313 3.470733 0.806631 0.456279 4.350458
49.411 3.480675 0.811382 0.440571 4.361477
49.511 3.498781 0.819620 0.414391 4.381369
49.611 3.508951 0.823972 0.400428 4.392431
49.734 3.520118 0.828555 0.377739 4.404503
49.812 3.531270 0.832746 0.348068 4.416415
49.912 3.552923 0.840123 0.311242 4.439291
50.018 3.561035 0.842710 0.307577 4.447805
50.111 3.577045 0.847631 0.297105 4.464555
50.213 3.590832 0.851852 0.297105 4.478973
50.311 3.607959 0.857074 0.295359 4.496878
50.411 3.619098 0.860464 0.295359 4.508522
50.524 3.627932 0.863135 0.293614 4.517750
50.611 3.649939 0.869758 0.288378 4.540733
50.711 3.659472 0.872572 0.286633 4.550672
50.811 3.669344 0.875343 0.269179 4.560926
50.911 3.642500 0.938069 0.198240 4.629155
51.011 3.632843 0.963873 0.159240 4.656707
51.111 3.644111 0.965418 0.122589 4.668081
51.211 3.664146 0.967312 0.077210 4.688205
51.311 3.674928 0.967963 0.051030 4.699007
51.411 3.685607 0.968428 0.038813 4.709695
51.511 3.702721 0.968768 0.005651 4.726813
51.614 3.721086 0.968505 -0.029255 4.745180
51.711 3.735570 0.967924 -0.046883 4.759675
51.822 3.741193 0.967615 -0.055610 4.765307
51.914 3.752429 0.966870 -0.078299 4.776568
52.011 3.776046 0.964364 -0.130659 4.800318
52.111 3.793959 0.961550 -0.176037 4.818450
52.211 3.802010 0.959993 -0.198727 4.826650
52.312 3.821678 0.955401 -0.254577 4.846847
52.412 3.832230 0.952566 -0.263304 4.857774
52.512 3.843323 0.949495 -0.274125 4.869283
52.611 3.863220 0.944240 -0.247596 4.889863
52.712 3.874785 0.941350 -0.240440 4.901783
52.811 3.886598 0.938475 -0.235029 4.913941
52.911 3.905876 0.934436 -0.180924 4.933638
53.011 3.917446 0.932589 -0.144272 4.945355
53.120 3.929152 0.931162 -0.105875 4.957147
53.211 3.943829 0.929676 -0.098719 4.971899
53.311 4.014005 0.929671 -0.091859 5.042075
53.411 4.025532 0.928814 -0.063934 5.053634
53.511 4.045244 0.928136 -0.011574 5.073358
53.611 4.056344 0.928248 0.023333 5.084458
53.711 4.067582 0.928740 0.056494 5.095707
53.811 4.084661 0.930138 0.103793 5.112843
53.915 4.100902 0.932356 0.156152 5.129235
54.016 4.109612 0.933763 0.164879 5.138058
54.112 4.127148 0.937097 0.203276 5.155908
54.211 4.142413 0.940468 0.224220 5.171541
54.311 4.159092 0.944499 0.250400 5.188700
54.412 4.170044 0.947455 0.273089 5.200044
54.511 4.180792 0.950619 0.294033 5.211248
54.611 4.200981 0.957148 0.329289 5.232466
54.712 4.211978 0.961070 0.348662 5.244141
54.813 4.229075 0.967499 0.364370 5.262408
54.911 4.237397 0.970718 0.373097 5.271330
55.013 4.253920 0.977349 0.387059 5.289134
55.111 4.256913 1.034501 0.448328 5.346364
55.211 4.259984 1.051392 0.460540 5.363532
55.315 4.275218 1.058999 0.464030 5.380560
55.411 4.290666 1.066770 0.467521 5.397852
55.511 4.304349 1.073607 0.462285 5.413148
55.614 4.314887 1.078818 0.457049 5.424905
55.711 4.328146 1.085296 0.450068 5.439662
55.811 4.340639 1.091247 0.439596 5.453500
55.911 4.356026 1.098314 0.422142 5.470432
56.014 4.360942 1.100469 0.409925 5.475799
56.115 4.378412 1.107785 0.385316 5.494739
56.222 4.389370 1.112117 0.372924 5.506522
56.313 4.405417 1.118232 0.356867 5.523695
56.411 4.421206 1.123913 0.339239 5.540475
56.511 4.428667 1.126546 0.339239 5.548387
56.611 4.443808 1.131768 0.328767 5.564403
56.711 4.457267 1.136268 0.316550 5.578594
56.812 4.467439 1.139507 0.307823 5.589269
56.913 4.482943 1.144317 0.297351 5.605503
57.012 4.495630 1.148146 0.286705 5.618755
57.111 4.505381 1.150997 0.283040 5.628914
57.211 4.515864 1.153998 0.274313 5.639818
57.311 4.530787 1.158024 0.260350 5.655275
57.411 4.548308 1.162399 0.234171 5.673334
57.514 4.553396 1.163584 0.227189 5.678559
57.615 4.570316 1.167235 0.202755 5.695868
57.714 4.590382 1.171085 0.183556 5.716299
57.811 4.601624 1.173162 0.181636 5.727732
57.911 4.613027 1.175251 0.179891 5.739324
58.011 4.633347 1.178968 0.183556 5.759981
58.111 4.644742 1.181130 0.188792 5.771580
58.224 4.692843 1.244950 0.021432 5.851497
58.311 4.702099 1.245211 0.056164 5.860757
58.411 4.703360 1.245276 0.126151 5.862019
58.511 4.702945 1.245207 0.202946 5.862439
58.611 4.702962 1.245212 0.243089 5.862457
58.711 4.703403 1.245341 0.337162 5.862917
58.823 4.703091 1.245210 0.386206 5.863255
58.911 4.703372 1.245341 0.435075 5.863565
59.011 4.703431 1.245380 0.517105 5.863635
59.112 4.703271 1.245278 0.557248 5.863825
59.211 4.703319 1.245311 0.590409 5.863883
59.311 4.703507 1.245444 0.627061 5.864114
59.411 4.703553 1.245478 0.627061 5.864171
59.512 4.703553 1.245478 0.627061 5.864171
59.611 4.703553 1.245478 0.627061 5.864171
59.751 4.702690 1.250136 0.742637 5.868909
59.813 4.698218 1.251147 0.757526 5.873494
59.911 4.698218 1.251147 0.757526 5.873494
60.014 4.698218 1.251147 0.757526 5.873494
60.111 4.698218 1.251147 0.757526 5.873494
60.211 4.698218 1.251147 0.757526 5.873494
60.316 4.698218 1.251147 0.757526 5.873494
60.412 4.698218 1.251147 0.757526 5.873494
60.511 4.698218 1.251147 0.757526 5.873494
60.628 4.698218 1.251147 0.757526 5.873494
60.711 4.698218 1.251147 0.757526 5.873494
60.817 4.697615 1.250617 0.706912 5.874296
60.915 4.696199 1.249465 0.663278 5.876121
61.011 4.693118 1.247295 0.567285 5.879890
61.114 4.692205 1.246796 0.473038 5.880930
61.211 4.691512 1.246478 0.384026 5.881692
61.312 4.688828 1.245677 0.228691 5.884494
61.413 4.686659 1.245302 0.137934 5.886695
61.511 4.684805 1.245160 0.047177 5.888554
61.622 4.681623 1.245294 -0.111648 5.891739
61.711 4.679755 1.245604 -0.200660 5.893633
61.813 4.678682 1.245869 -0.293162 5.894738
61.911 4.677899 1.246186 -0.450242 5.895582
62.011 4.751491 1.246296 -0.766920 5.969175
62.114 4.756735 1.240386 -0.901311 5.977075
62.211 4.758347 1.238227 -0.986832 5.979770
62.311 4.759378 1.236400 -1.058390 5.981867
62.415 4.764871 1.223289 -1.172367 5.996083
62.511 4.768749 1.210596 -1.265867 6.009355
62.611 4.771447 1.200265 -1.344406 6.020032
62.713 4.773369 1.189650 -1.419456 6.030820
62.811 4.774743 1.175170 -1.510213 6.045365
62.911 4.774886 1.161435 -1.597479 6.059101
63.012 4.773379 1.144615 -1.705690 6.075989
63.111 4.765711 1.136807 -1.771074 6.086932
63.219 4.721987 1.148441 -1.800262 6.132177
63.311 4.717180 1.131570 -1.882292 6.149719
63.414 4.713825 1.121936 -1.915454 6.159921
63.514 4.709850 1.111196 -1.932907 6.171374
63.614 4.741600 1.028409 -1.984531 6.260040
63.711 4.736694 1.017750 -2.014202 6.271773
63.811 4.731521 1.007401 -2.049109 6.283343
63.911 4.721931 0.990442 -2.111941 6.302826
64.012 4.716018 0.981147 -2.152083 6.313842
64.115 4.712722 0.976168 -2.155574 6.319813
64.211 4.697709 0.954951 -2.211424 6.345805
64.313 4.690509 0.945478 -2.228878 6.357704
64.411 4.683367 0.936556 -2.253312 6.369132
64.511 4.696893 0.885649 -2.267248 6.421806
64.611 4.708376 0.853484 -2.261557 6.455959
64.711 4.700304 0.843783 -2.265222 6.468578
64.814 4.687258 0.828256 -2.272553 6.488859
64.911 4.679627 0.819260 -2.276218 6.500655
65.011 4.669995 0.808134 -2.293846 6.515372
65.114 4.657810 0.794624 -2.316710 6.533564
65.211 4.649690 0.785951 -2.327182 6.545446
65.318 4.637751 0.773692 -2.351965 6.562558
65.412 4.632051 0.768029 -2.364357 6.570593
65.520 4.620187 0.756573 -2.380065 6.587085
65.611 4.610177 0.747264 -2.401009 6.600755
65.711 4.597030 0.735334 -2.408339 6.618507
65.811 4.588340 0.727564 -2.413750 6.630164
65.914 4.581749 0.721746 -2.420906 6.638956
66.011 4.564238 0.706642 -2.436788 6.662081
66.111 4.556114 0.699843 -2.449006 6.672674
66.211 4.543513 0.689540 -2.461572 6.688952
66.311 4.537194 0.684497 -2.468728 6.697036
66.411 4.521958 0.672651 -2.484610 6.716336
66.511 4.512170 0.665115 -2.486356 6.728689
66.613 4.498022 0.654293 -2.490021 6.746501
66.714 4.488345 0.646982 -2.497177 6.758629
66.830 4.475134 0.637151 -2.504507 6.775096
66.911 4.463274 0.628399 -2.506252 6.789836
67.011 4.453812 0.621438 -2.508172 6.801583
67.111 4.439813 0.611338 -2.523880 6.818845
67.215 4.432977 0.606543 -2.534527 6.827195
67.311 4.418977 0.597198 -2.562626 6.844027
67.413 4.408964 0.590828 -2.582000 6.855895
67.511 4.392224 0.580773 -2.613939 6.875422
67.611 4.382836 0.575370 -2.610623 6.886255
67.711 4.373484 0.569765 -2.596311 6.897157
67.811 4.356576 0.559135 -2.568212 6.917130
67.911 4.347093 0.552818 -2.549187 6.928524
68.022 4.341093 0.521077 -2.650131 6.960827
68.136 4.320201 0.511398 -2.648245 6.983852
68.224 4.317999 0.510220 -2.650165 6.986349
68.311 4.317819 0.510123 -2.650165 6.986554
68.412 4.315100 0.508677 -2.653830 6.989633
68.528 4.298800 0.500118 -2.661161 7.008044
68.611 4.292495 0.496856 -2.664826 7.015143
68.711 4.280816 0.490928 -2.675647 7.028240
68.813 4.268341 0.484739 -2.682977 7.042165
68.911 4.258188 0.479791 -2.690308 7.053460
69.011 4.249966 0.475843 -2.695718 7.062581
69.118 4.244253 0.473134 -2.699383 7.068904
69.212 4.242185 0.472168 -2.675123 7.071186
69.311 4.242080 0.472110 -2.622763 7.071307
69.411 4.241817 0.471942 -2.552950 7.071619
69.511 4.241800 0.471931 -2.496925 7.071639
69.611 4.241796 0.471933 -2.413324 7.071644
69.738 4.241782 0.471922 -2.320822 7.071661
69.811 4.241888 0.472049 -2.163742 7.071826
69.911 4.241878 0.472032 -2.074730 7.071846
70.017 4.241817 0.471905 -1.959538 7.071987
70.114 4.241876 0.472060 -1.821657 7.072153
70.212 4.244835 0.469253 -1.731574 7.076232
70.313 4.252796 0.460953 -1.631656 7.087732
70.411 4.252797 0.460934 -1.502502 7.087751
70.514 4.252768 0.461133 -1.418726 7.087951
70.613 4.252800 0.460971 -1.378584 7.088117
70.712 4.252843 0.460778 -1.233721 7.088314
70.811 4.254337 0.486314 -1.160574 7.113893
70.913 4.257007 0.545536 -1.079620 7.173176
71.011 4.256667 0.546068 -0.990609 7.173807
71.132 4.255987 0.547059 -0.952211 7.175009
71.212 4.255010 0.548367 -0.915559 7.176642
71.325 4.236128 0.542561 -0.828862 7.196396
71.411 4.235059 0.543621 -0.760794 7.197903
71.517 4.232300 0.545760 -0.605460 7.201394
71.611 4.230920 0.546601 -0.514702 7.203010
71.711 4.228543 0.547743 -0.408237 7.205647
71.811 4.225741 0.548707 -0.277338 7.208610
71.911 4.223882 0.549123 -0.191817 7.210515
72.024 4.221389 0.549432 -0.074879 7.213026
72.111 4.219170 0.548314 0.017461 7.215511
72.222 4.210574 0.495697 0.235457 7.268826
72.317 4.207900 0.494835 0.368102 7.271635
72.416 4.207021 0.494447 0.429189 7.272596
72.511 4.141187 0.478242 0.567613 7.340395
72.611 4.139260 0.476826 0.681059 7.342786
72.711 4.137713 0.475410 0.773562 7.344884
72.811 4.135772 0.473177 0.911443 7.347843
72.911 4.134569 0.471385 1.024889 7.350001
73.012 4.133790 0.469954 1.119137 7.351631
73.111 4.133544 0.469408 1.250037 7.352229
73.214 4.191387 0.468654 1.422786 7.410078
73.311 4.191480 0.469589 1.492599 7.411016
73.415 4.191472 0.472164 1.630480 7.413592
73.511 4.190139 0.480345 1.764870 7.421881
73.611 4.188512 0.487145 1.825957 7.428872
73.711 4.203778 0.501391 1.951453 7.449753
73.811 4.234649 0.517886 2.076526 7.484754
73.919 4.230141 0.525408 2.127140 7.493523
74.011 4.220183 0.539403 2.228369 7.510700
74.111 4.211670 0.549534 2.299928 7.523933
74.211 4.200890 0.560556 2.374977 7.539350
74.322 4.170439 0.553291 2.392582 7.570655
74.426 4.139068 0.548017 2.407540 7.602467
74.514 4.128589 0.556839 2.465136 7.616165
74.611 4.115018 0.566954 2.531458 7.633091
74.731 4.105106 0.573572 2.567936 7.645009
74.813 4.131041 0.593078 2.584634 7.677462
74.911 4.130613 0.602704 2.605014 7.687097
75.011 4.120420 0.608528 2.634860 7.698837
75.111 4.105576 0.616151 2.692281 7.715524
75.216 4.097605 0.619873 2.713399 7.724321
75.311 4.081973 0.626433 2.765759 7.741273
75.411 4.065361 0.632572 2.807996 7.758984
75.511 4.055596 0.635717 2.844648 7.769243
75.611 4.041184 0.639664 2.891772 7.784185
75.711 4.026540 0.642896 2.947623 7.799181
75.811 4.006140 0.660197 2.980930 7.825930
75.911 3.991307 0.662138 3.031545 7.840889
76.017 3.976590 0.663367 3.078669 7.855657
76.111 3.965356 0.663794 3.118811 7.866900
76.211 3.948653 0.663589 -3.105033 7.883604
76.311 3.934155 0.662639 -3.057909 7.898133
76.411 3.922716 0.661529 -3.040456 7.909626
76.511 3.905203 0.659508 -3.021257 7.927255
76.611 3.893711 0.658056 -3.010785 7.938839
76.711 3.874168 0.655117 -2.984605 7.958602
76.811 3.862952 0.653184 -2.963661 7.969983
76.911 3.851903 0.651101 -2.946208 7.981227
77.014 3.787302 0.621130 -2.952367 8.052441
77.111 3.770650 0.617697 -2.929678 8.069443
77.211 3.759552 0.615206 -2.919206 8.080818
77.311 3.741023 0.610808 -2.903498 8.099861
77.411 3.730010 0.608067 -2.896342 8.111210
77.512 3.718648 0.605170 -2.889186 8.122936
77.611 3.704430 0.601498 -2.887441 8.137620
77.711 3.687675 0.597101 -2.883775 8.154943
77.814 3.676338 0.594078 -2.878190 8.166675
77.912 3.662037 0.590151 -2.869289 8.181506
78.011 3.645072 0.585310 -2.856897 8.199148
78.117 3.633856 0.582005 -2.853232 8.210841
78.211 3.619982 0.577806 -2.844157 8.225336
78.311 3.602924 0.572527 -2.838746 8.243192
78.411 3.591859 0.569064 -2.836826 8.254787
78.511 3.580553 0.565470 -2.831416 8.266650
78.621 3.562009 0.559306 -2.817104 8.286192
78.711 3.551223 0.555556 -2.802967 8.297611
78.811 3.534049 0.549508 -2.802967 8.315819
78.911 3.520550 0.544732 -2.801221 8.330138
79.013 3.509277 0.540704 -2.797556 8.342109
79.111 3.492528 0.534679 -2.795636 8.359909
79.218 3.481359 0.530636 -2.793891 8.371787
79.311 3.464729 0.524609 -2.793891 8.389475
79.419 3.456056 0.521466 -2.793891 8.398701
79.512 3.439198 0.515356 -2.793891 8.416632
79.611 3.425440 0.510440 -2.799127 8.431241
79.712 3.409020 0.504641 -2.804538 8.448656
79.811 3.397731 0.500703 -2.806457 8.460612
79.911 3.383957 0.495941 -2.806457 8.475185
80.016 3.367335 0.490157 -2.806457 8.492785
80.115 3.357583 0.482202 -2.798440 8.505370
80.211 3.361541 0.364531 -2.656453 8.623107
80.311 3.343040 0.355206 -2.700086 8.643826
80.411 3.332985 0.350705 -2.734993 8.654842
80.511 3.322220 0.346361 -2.769899 8.666451
80.611 3.304471 0.340189 -2.834476 8.685242
80.711 3.294819 0.337332 -2.858911 8.695308
80.811 3.279349 0.333225 -2.895563 8.711314
80.911 3.265639 0.330037 -2.921743 8.725390
81.011 3.256353 0.328060 -2.935706 8.734884
81.111 3.240743 0.325008 -2.953159 8.750790
81.259 3.235344 0.323988 -2.954904 8.756284
81.311 3.216177 0.320489 -2.965376 8.775768
81.411 3.199425 0.317686 -2.982829 8.792753
81.511 3.186275 0.315657 -2.991556 8.806058
81.611 3.175564 0.314112 -3.002028 8.816881
81.711 3.158474 0.311855 -3.019481 8.834119
81.811 3.144553 0.310242 -3.028208 8.848133
81.915 3.133203 0.308991 -3.033444 8.859551
82.011 3.116174 0.307195 -3.040425 8.876675
82.111 3.101372 0.305718 -3.042171 8.891551
82.212 3.089425 0.304542 -3.043916 8.903555
82.312 3.071624 0.302819 -3.045661 8.921440
82.411 3.060008 0.301717 -3.047407 8.933107
82.512 3.042443 0.300099 -3.050897 8.950747
82.611 3.028102 0.298795 -3.050897 8.965147
82.711 3.016105 0.297725 -3.052643 8.977192
82.811 3.001646 0.296435 -3.052643 8.991708
82.911 2.983996 0.294887 -3.054388 9.009426
83.012 2.972184 0.293854 -3.054388 9.021283
83.114 2.956993 0.286851 -3.066329 9.038011
83.211 2.912405 0.276880 3.090527 9.083700
83.312 2.900785 0.277443 3.095763 9.095334
83.411 2.883750 0.277935 3.120198 9.112376
83.511 2.869017 0.278022 -3.135062 9.127109
83.611 2.857833 0.277840 -3.119354 9.138294
83.711 2.840592 0.277053 -3.084448 9.155553
83.811 2.829081 0.276279 -3.066995 9.167090
83.911 2.814459 0.274974 -3.044305 9.181770
84.011 2.797001 0.273039 -3.023361 9.199335
84.111 2.786044 0.271659 -3.009399 9.210379
84.211 2.774321 0.270089 -3.007653 9.222207
84.311 2.754492 0.267327 -3.000672 9.242227
84.411 2.743008 0.265698 -3.000672 9.253826
84.511 2.731239 0.264012 -2.998927 9.265715
84.611 2.710668 0.260844 -2.979728 9.286529
84.711 2.699072 0.258938 -2.974492 9.298281
84.811 2.688662 0.257068 -2.958784 9.308857
84.911 2.669423 0.253227 -2.934175 9.328475
85.015 2.657623 0.250583 -2.914802 9.340568
85.111 2.640792 0.246443 -2.893683 9.357901
85.211 2.629026 0.243310 -2.872565 9.370077
85.314 2.612399 0.238566 -2.855112 9.387367
85.411 2.604085 0.236008 -2.839229 9.396066
85.512 2.584131 0.229435 -2.821427 9.417074
85.611 2.574405 0.226254 -2.826837 9.427308
85.713 2.558188 0.221063 -2.837658 9.444335
85.817 2.547043 0.217592 -2.844814 9.456009
85.911 2.530063 0.212576 -2.860697 9.473714
86.011 2.517545 0.209056 -2.869598 9.486717
86.114 2.506683 0.206150 -2.887051 9.497961
86.212 2.493330 0.202708 -2.888971 9.511750
86.311 2.485118 0.085261 -2.753892 9.629484
86.411 2.474628 0.081059 -2.776581 9.640784
86.517 2.465064 0.077566 -2.799445 9.650966
86.611 2.447252 0.071899 -2.858786 9.669657
86.716 2.437295 0.069239 -2.893693 9.679964
86.827 2.428252 0.067127 -2.921618 9.689250
86.911 2.417014 0.064940 -2.965251 9.700699
87.012 2.408652 0.063583 -2.987941 9.709170
87.111 2.397373 0.062116 -3.031574 9.720544
87.211 2.384267 0.061039 -3.080443 9.733694
87.311 2.376590 0.060692 -3.108368 9.741379
87.411 2.369135 0.060577 -3.138039 9.748835
87.511 2.355655 0.060815 3.105004 9.762317
87.611 2.348230 0.061213 3.080569 9.769753
87.711 2.341226 0.061700 3.064861 9.776774
87.811 2.331160 0.062439 3.106749 9.786867
87.914 2.330784 0.062447 3.120712 9.787244
88.011 2.330922 0.062462 -2.975723 9.787382
88.111 2.330780 0.062421 -2.884966 9.787530
88.214 2.330777 0.062428 -2.783737 9.787538
88.311 2.333089 0.063388 -2.719160 9.790042
88.418 2.355873 0.049637 -2.699647 9.816654
88.511 2.384370 0.034451 -2.613756 9.848945
88.611 2.386889 0.036062 -2.545514 9.851935
88.712 2.388016 0.036871 -2.498565 9.853322
88.816 2.389288 0.037881 -2.453186 9.854947
88.911 2.391546 0.039916 -2.379708 9.857986
89.011 2.393001 0.041375 -2.337994 9.860047
89.111 2.394268 0.042761 -2.297852 9.861925
89.211 2.369798 0.047053 -2.222495 9.886769
89.319 2.357842 0.049452 -2.171760 9.898964
89.411 2.358906 0.051104 -2.129872 9.900929
89.523 2.360216 0.053429 -2.032134 9.903597
89.611 2.361364 0.056090 -1.916942 9.906496
89.716 2.362031 0.058274 -1.834911 9.908779
89.811 2.362680 0.061769 -1.686558 9.912333
89.911 2.362791 0.063673 -1.602783 9.914241
90.011 2.362751 0.065566 -1.527733 9.916135
90.131 2.390984 0.106620 -1.443931 9.965960
90.211 2.390297 0.110010 -1.313031 9.969419
90.315 2.389587 0.112208 -1.227510 9.971728
90.411 2.388520 0.114653 -1.106907 9.974396
90.511 2.387016 0.117177 -0.979673 9.977334
90.630 2.386264 0.118191 -0.911605 9.978596
90.711 2.384284 0.120375 -0.775469 9.981545
90.811 2.382799 0.121660 -0.682967 9.983509
90.911 2.380292 0.123350 -0.522397 9.986532
91.011 2.315155 0.140658 -0.385741 10.053929
91.113 2.312690 0.141539 -0.333381 10.056547
91.211 2.311318 0.142015 -0.335126 10.057999
91.314 2.310961 0.142141 -0.310691 10.058378
91.411 2.310517 0.142266 -0.260077 10.058839
91.511 2.320415 0.128993 -0.072358 10.075396
91.611 2.320536 0.128983 -0.023489 10.075518
91.711 2.320596 0.128992 0.039343 10.075578
91.811 2.331555 0.130630 0.212130 10.086659
91.911 2.338110 0.132445 0.302887 10.093461
92.011 2.344612 0.134855 0.391899 10.100395
92.111 2.318339 0.136004 0.483324 10.126693
92.211 2.310394 0.140326 0.546605 10.135738
92.312 2.318811 0.146085 0.630381 10.145936
92.411 2.326983 0.152731 0.715902 10.156469
92.513 2.340729 0.166503 0.841566 10.175928
92.611 2.347998 0.175402 0.909634 10.187418
92.711 2.356302 0.187186 0.988174 10.201834
92.811 2.442646 0.183650 1.133506 10.288251
92.940 2.444993 0.188981 1.163176 10.294076
93.011 2.453663 0.213916 1.292331 10.320476
93.113 2.456425 0.224910 1.346436 10.331811
93.213 2.458459 0.235696 1.403857 10.342787
93.317 2.460878 0.253420 1.465118 10.360676
93.411 2.461688 0.262694 1.494789 10.369985
93.511 2.462272 0.272488 1.524460 10.379796
93.613 2.427619 0.283411 1.511315 10.416130
93.715 2.428276 0.303040 1.556693 10.435769
93.811 2.428239 0.314095 1.584618 10.446825
93.912 2.427405 0.331882 1.638724 10.464632
94.016 2.425648 0.348933 1.694574 10.481773
94.111 2.424420 0.357857 1.717263 10.490781
94.211 2.420775 0.377785 1.780095 10.511040
94.313 2.418290 0.388497 1.809766 10.522036
94.411 2.415455 0.399480 1.828964 10.533378
94.511 2.411539 0.413259 1.856890 10.547703
94.611 2.406543 0.428499 1.909250 10.563741
94.711 2.402631 0.439031 1.937175 10.574977
94.811 2.394969 0.457295 1.993025 10.594783
94.912 2.383836 0.476131 2.002179 10.616663
95.025 2.372683 0.492826 1.996931 10.636740
95.111 2.361635 0.515978 2.028347 10.662394
95.211 2.356610 0.526003 2.038819 10.673608
95.311 2.351372 0.536100 2.054527 10.684982
95.411 2.342425 0.553091 2.045801 10.704185
95.511 2.337047 0.563603 2.042310 10.715992
95.611 2.331860 0.574092 2.028347 10.727694
95.711 2.323418 0.592661 1.974242 10.748092
95.811 2.319060 0.603382 1.946317 10.759665
95.911 2.314765 0.614896 1.914901 10.771954
96.015 2.309297 0.630719 1.900938 10.788695
96.111 2.305287 0.642558 1.895702 10.801194
96.211 2.298881 0.661963 1.879994 10.821630
96.311 2.295504 0.672779 1.866032 10.832961
96.411 2.302554 0.669984 1.777444 10.840545
96.512 2.300742 0.678679 1.775699 10.849427
96.611 2.296650 0.698132 1.780935 10.869306
96.724 2.295021 0.705684 1.784426 10.877032
96.812 2.293243 0.713815 1.787916 10.885355
96.911 2.287752 0.737411 1.812351 10.909581
97.011 2.284975 0.748515 1.819332 10.921027
97.111 2.283553 0.753938 1.829804 10.926634
97.211 2.276646 0.779560 1.836785 10.953170
97.329 2.273569 0.790795 1.838531 10.964820
97.413 2.271839 0.797057 1.840276 10.971316
97.512 2.266556 0.816071 1.842021 10.991050
97.611 2.261899 0.832819 1.842021 11.008434
97.711 2.259575 0.841176 1.842021 11.017108
97.815 2.254931 0.857875 1.842021 11.034440
97.911 2.252107 0.868033 1.842021 11.044983
98.012 2.247443 0.884742 1.843767 11.062331
98.111 2.244890 0.893829 1.845512 11.071770
98.211 2.240478 0.909486 1.845512 11.088036
98.312 2.237921 0.918536 1.847257 11.097441
98.411 2.233321 0.934609 1.850748 11.114160
98.513 2.228744 0.950458 1.852493 11.130656
98.611 2.225318 0.962298 1.852493 11.142981
98.711 2.222563 0.971801 1.852493 11.152876
98.811 2.217864 0.987890 1.855984 11.169637
98.917 2.216162 0.993695 1.855984 11.175687
99.011 2.210266 1.013749 1.857729 11.196589
99.111 2.205246 1.030759 1.857729 11.214325
99.211 2.201129 1.044784 1.855984 11.228942
99.311 2.197835 1.056057 1.854239 11.240685
99.411 2.192980 1.072636 1.855984 11.257961
99.511 2.188835 1.086717 1.857729 11.272639
99.611 2.052330 1.119697 1.920531 11.413072
99.712 2.045728 1.138010 1.906568 11.432538
99.811 2.042777 1.146577 1.901332 11.441599
99.912 2.039136 1.157746 1.878643 11.453347
100.011 2.033595 1.176267 1.848973 11.472678
100.111 2.030755 1.186711 1.829774 11.483502
100.211 2.028035 1.197517 1.812321 11.494645
100.311 2.023435 1.217901 1.775669 11.515542
100.411 2.021160 1.229376 1.759961 11.527239
100.526 2.018977 1.241223 1.744253 11.539287
100.618 2.016014 1.260429 1.712837 11.558719
100.711 2.014540 1.271554 1.695384 11.569942
100.812 2.012459 1.289028 1.683166 11.587539
100.913 2.010762 1.304262 1.679676 11.602867
101.011 2.009679 1.315041 1.665713 11.613701
101.111 2.008328 1.330545 1.650005 11.629263
101.211 2.007418 1.343511 1.634297 11.642262
101.311 2.006800 1.354024 1.625570 11.652793
101.411 2.006052 1.370122 1.613353 11.668908
101.511 2.005561 1.381911 1.611608 11.680707
101.611 2.004886 1.399713 1.608117 11.698522
101.713 2.004382 1.414491 1.602881 11.713308
101.811 2.004012 1.428240 1.595900 11.727063
101.919 2.003824 1.436705 1.592409 11.735529
102.011 2.003562 1.455846 1.578447 11.754673
102.111 2.003572 1.465929 1.566055 11.764755
102.211 2.003657 1.480002 1.560819 11.778829
102.320 2.003839 1.495379 1.557154 11.794207
102.411 2.004128 1.510613 1.546333 11.809444
102.511 2.004457 1.522316 1.539351 11.821151
102.628 1.977115 1.554363 1.361421 11.863276
102.711 1.980359 1.568867 1.343793 11.878139
102.811 1.984306 1.585831 1.340128 11.895556
102.921 1.986928 1.596998 1.340128 11.907026
103.011 1.991076 1.614883 1.343793 11.925387
103.111 1.994348 1.629320 1.349378 11.940189
103.211 1.996917 1.640829 1.351123 11.951982
103.315 2.000646 1.657871 1.360024 11.969428
103.411 2.003333 1.670808 1.367180 11.982641
103.511 2.005444 1.681308 1.374336 11.993350
103.612 2.008026 1.694541 1.383237 12.006832
103.711 2.009607 1.702804 1.367529 12.015246
103.811 2.009690 1.703220 1.353392 12.015670
103.911 2.009602 1.702859 1.304523 12.016041
104.011 2.009648 1.703009 1.269616 12.016198
104.111 2.009665 1.703065 1.236281 12.016257
104.211 2.009382 1.702240 1.239946 12.017129
104.311 2.009375 1.702221 1.239946 12.017149
104.411 2.009375 1.702221 1.239946 12.017149
104.512 2.009375 1.702221 1.239946 12.017149
104.611 2.009375 1.702221 1.239946 12.017149
104.711 2.009375 1.702221 1.239946 12.017149
104.811 2.009375 1.702221 1.239946 12.017149
104.921 2.009375 1.702221 1.239946 12.017149
105.011 2.009375 1.702221 1.239946 12.017149
105.118 2.009375 1.702221 1.239946 12.017149
105.211 2.009375 1.702221 1.239946 12.017149
105.313 2.009375 1.702221 1.239946 12.017149
105.414 2.009375 1.702221 1.239946 12.017149
105.511 2.009375 1.702221 1.239946 12.017149
105.612 2.009375 1.702221 1.239946 12.017149
105.712 2.002277 1.698553 1.245424 12.025138
105.811 1.973349 1.684070 1.267350 12.057489
105.911 1.973349 1.684070 1.267350 12.057489
106.011 1.973349 1.684070 1.267350 12.057489
106.111 1.973349 1.684070 1.267350 12.057489
106.211 1.973349 1.684070 1.267350 12.057489
106.311 1.973349 1.684070 1.267350 12.057489
106.411 1.973349 1.684070 1.267350 12.057489
106.511 1.973725 1.685259 1.263860 12.058736
106.611 1.977088 1.695606 1.249373 12.069615
106.711 1.981038 1.707103 1.233491 12.081772
106.811 1.985145 1.718240 1.207311 12.093642
106.911 1.990474 1.731743 1.182702 12.108159
107.014 1.997518 1.748236 1.152857 12.126093
107.113 2.002126 1.758239 1.131913 12.137106
107.211 2.009656 1.773294 1.091770 12.153940
107.311 2.013758 1.780941 1.072572 12.162618
107.411 2.023671 1.798156 1.032429 12.182483
107.528 2.030179 1.808727 1.009740 12.194896
107.611 2.036427 1.818284 0.981815 12.206315
107.714 2.044963 1.830592 0.955635 12.221293
107.811 2.054977 1.844472 0.938181 12.238408
107.911 2.061895 1.853807 0.931200 12.250027
108.011 2.074401 1.870054 0.905020 12.270530
108.113 2.081786 1.879201 0.887567 12.282286
108.211 2.089161 1.888156 0.878840 12.293887
108.311 2.102689 1.904074 0.852660 12.314777
108.412 2.110390 1.912670 0.833462 12.326318
108.511 2.118505 1.921360 0.814263 12.338208
108.611 2.132541 1.936108 0.807282 12.358567
108.711 2.140763 1.944630 0.800300 12.370409
108.811 2.149330 1.953447 0.798555 12.382703
108.911 2.160732 2.019449 0.740176 12.449682
109.011 2.172530 2.037852 0.712051 12.471543
109.111 2.180510 2.044619 0.699834 12.482005
109.214 2.194553 2.056169 0.676796 12.500189
109.311 2.201008 2.061214 0.653932 12.508380
109.411 2.207878 2.066420 0.643285 12.517000
109.511 2.221931 2.076617 0.622167 12.534363
109.614 2.231319 2.083312 0.616756 12.545894
109.714 2.241037 2.090161 0.611346 12.557783
109.811 2.258025 2.101961 0.602270 12.578467
109.911 2.267829 2.108655 0.598605 12.590339
110.014 2.277128 2.114968 0.595114 12.601578
110.115 2.294328 2.126521 0.591449 12.622298
110.215 2.303824 2.132898 0.593194 12.633736
110.311 2.314236 2.139885 0.587784 12.646275
110.411 2.329663 2.150102 0.582373 12.664778
110.522 2.338953 2.156191 0.578883 12.675887
110.612 2.347608 2.161811 0.575392 12.686206
110.711 2.360751 2.170242 0.568411 12.701820
110.811 2.368759 2.175318 0.563175 12.711302
110.918 2.372367 2.177582 0.559684 12.715562
111.011 2.387279 2.186411 0.503833 12.732891
111.111 2.401094 2.193341 0.441002 12.748347
111.213 2.410969 2.197889 0.423548 12.759219
111.312 2.429152 2.205535 0.381486 12.778944
111.411 2.440153 2.209828 0.365429 12.790752
111.514 2.451237 2.213876 0.342740 12.802553
111.614 2.470586 2.220344 0.305913 12.822954
111.711 2.481367 2.223668 0.295441 12.834236
111.820 2.491079 2.226551 0.281478 12.844367
111.911 2.505691 2.230657 0.265771 12.859545
112.011 2.515183 2.233153 0.251459 12.869360
112.114 2.526273 2.235868 0.233831 12.880777
112.211 2.534680 2.292917 0.142988 12.938442
112.311 2.543873 2.294128 0.118379 12.947715
112.411 2.556466 2.295183 0.057467 12.960353
112.511 2.561110 2.295353 0.024306 12.964999
112.611 2.566074 2.295367 -0.010601 12.969963
112.717 2.571370 2.295161 -0.057724 12.975264
112.811 2.581479 2.294350 -0.092631 12.985405
112.911 2.589711 2.293513 -0.104848 12.993680
113.011 2.609581 2.291399 -0.106768 13.013661
113.112 2.621344 2.290123 -0.108514 13.025494
113.211 2.632730 2.288882 -0.108514 13.036947
113.313 2.650195 2.286985 -0.106768 13.054515
113.411 2.668200 2.285105 -0.101358 13.072617
113.524 2.676952 2.284225 -0.099612 13.081414
113.611 2.693750 2.282659 -0.089140 13.098285
113.711 2.710180 2.281274 -0.075178 13.114773
113.811 2.717015 2.280796 -0.069767 13.121624
113.912 2.731014 2.279980 -0.052139 13.135647
114.011 2.741399 2.279530 -0.038002 13.146042
114.111 2.750920 2.279214 -0.031021 13.155569
114.212 2.751005 2.279211 -0.031021 13.155653
114.311 2.751300 2.279202 -0.032766 13.155948
114.411 2.752233 2.279155 -0.079716 13.156883
114.511 2.753441 2.278981 -0.196827 13.158103
114.616 2.753480 2.278972 -0.236970 13.158143
114.711 2.753476 2.278950 -0.428956 13.158166
114.812 2.753398 2.278981 -0.510986 13.158250
114.911 2.753665 2.278812 -0.610296 13.158565
115.011 2.753785 2.278713 -0.690755 13.158721
115.111 2.753491 2.278980 -0.809438 13.159117
115.211 2.752802 2.279749 -0.839108 13.160150
115.311 2.752775 2.279778 -0.839108 13.160190
115.412 2.763370 2.328493 -0.982150 13.210043
115.525 2.762293 2.330143 -0.996113 13.212014
115.611 2.760554 2.332719 -0.955970 13.215122
115.715 2.758704 2.335156 -0.898374 13.218182
115.811 2.757664 2.336413 -0.868704 13.219813
115.911 2.761174 2.332972 -0.741295 13.224728
116.018 2.753765 2.324270 -0.647557 13.236157
116.111 2.758103 2.321350 -0.560291 13.241386
116.211 2.766179 2.317190 -0.425900 13.250471
116.311 2.773761 2.314245 -0.336888 13.258604
116.412 2.786496 2.311000 -0.185045 13.271746
116.511 2.793760 2.310064 -0.094288 13.279070
116.611 2.803044 2.309239 0.000545 13.288390
116.711 2.775740 2.317025 0.380540 13.316782
116.813 2.786413 2.321805 0.445117 13.328476
116.911 2.796913 2.327316 0.506204 13.340335
117.011 2.814731 2.338054 0.569036 13.361138
117.111 2.824264 2.344437 0.602197 13.372610
117.211 2.832538 2.351303 0.637113 13.383362
117.311 2.830815 2.374053 0.677493 13.406178
117.411 2.844081 2.385412 0.724617 13.423642
117.512 2.854714 2.395226 0.763014 13.438112
117.611 2.862739 2.403162 0.787449 13.449398
117.711 2.902639 2.420278 0.773757 13.492815
117.811 2.937513 2.435095 0.734768 13.530706
117.911 2.951032 2.447389 0.741749 13.548979
118.011 2.958608 2.454374 0.745240 13.559284
118.111 2.965434 2.460689 0.746985 13.568583
118.211 2.968855 2.463850 0.745240 13.573241
118.311 2.985837 2.479572 0.746985 13.596383
118.412 2.993736 2.486898 0.748730 13.607156
118.521 3.003846 2.496280 0.746985 13.620949
118.611 3.016730 2.508176 0.743494 13.638485
118.711 3.021097 2.512178 0.741749 13.644408
118.811 3.034610 2.524616 0.743494 13.662774
118.911 3.041847 2.531420 0.764438 13.672708
119.011 3.050703 2.540028 0.778401 13.685057
119.112 3.062999 2.552642 0.813307 13.702673
119.211 3.074344 2.565048 0.839487 13.719485
119.311 3.084162 2.576368 0.865667 13.734469
119.413 3.092264 2.586236 0.890102 13.747237
119.511 3.099166 2.595025 0.912791 13.758412
119.611 3.104920 2.602598 0.925009 13.767923
119.712 3.116714 2.618771 0.949443 13.787940
119.811 3.123313 2.628253 0.973878 13.799491
119.911 3.129679 2.637962 1.001803 13.811102
120.012 3.139994 2.655188 1.052418 13.831179
120.111 3.145391 2.664523 1.036710 13.841963
120.219 3.152962 2.677033 1.017511 13.856585
120.312 3.161801 2.691698 1.034964 13.873708
120.411 3.167516 2.701594 1.052418 13.885136
120.511 3.174279 2.713682 1.066380 13.898987
120.611 3.182805 2.729318 1.076852 13.916797
120.711 3.188411 2.739905 1.085579 13.928776
120.811 3.194373 2.750890 1.066380 13.941275
120.911 3.204883 2.768793 1.015766 13.962035
121.014 3.211277 2.778722 0.987840 13.973844
121.114 3.217804 2.788221 0.952934 13.985369
121.214 3.234641 2.822524 0.909023 14.023582
121.311 3.245483 2.848940 0.898024 14.052136
121.414 3.256965 2.862586 0.852645 14.069971
121.511 3.265894 2.872364 0.817738 14.083212
121.611 3.273728 2.880446 0.791558 14.094468
121.711 3.284835 2.891385 0.772360 14.110057
121.811 3.293950 2.900153 0.760143 14.122704
121.911 3.301786 2.907431 0.740944 14.133399
122.013 3.310890 2.915631 0.725061 14.145652
122.111 3.325930 2.928627 0.709004 14.165528
122.234 3.330405 2.932446 0.705339 14.171412
122.311 3.343971 2.943900 0.699929 14.189166
122.411 3.360480 2.957682 0.692773 14.210672
122.511 3.369588 2.965235 0.691027 14.222504
122.611 3.378842 2.972845 0.689108 14.234485
122.711 3.394998 2.986043 0.683697 14.255347
122.811 3.403964 2.993279 0.673225 14.266868
122.911 3.417353 3.003770 0.652107 14.283878
123.028 3.427745 3.011261 0.606728 14.296689
123.113 3.436431 3.016972 0.568331 14.307084
123.225 3.431166 3.078022 0.469867 14.368360
123.311 3.447135 3.085804 0.440196 14.386125
123.416 3.452581 3.088329 0.433215 14.392128
123.511 3.469445 3.095815 0.407035 14.410579
123.618 3.482749 3.101669 0.419252 14.425114
123.711 3.490844 3.105345 0.429724 14.434004
123.811 3.511912 3.114836 0.415762 14.457112
123.911 3.523029 3.119644 0.403544 14.469224
124.011 3.534256 3.124183 0.373874 14.481333
124.116 3.548207 3.129329 0.338967 14.496203
124.211 3.564642 3.134900 0.331986 14.513557
124.341 3.575462 3.138666 0.340713 14.525014
124.411 3.594643 3.145532 0.344029 14.545386
124.523 3.605674 3.149500 0.347345 14.557109
124.612 3.622111 3.155418 0.345599 14.574579
124.717 3.633097 3.159364 0.342109 14.586253
124.831 3.641232 3.162163 0.329717 14.594855
124.911 3.662649 3.169105 0.293065 14.617369
125.011 3.673590 3.172155 0.261649 14.628728
125.127 3.687183 3.175425 0.221507 14.642708
125.213 3.700291 3.178050 0.183109 14.656077
125.317 3.715161 3.180625 0.163911 14.671168
125.411 3.722519 3.181777 0.148203 14.678616
125.511 3.736195 3.183530 0.113122 14.692404
125.614 3.744292 3.184323 0.088687 14.700540
125.711 3.757057 3.185214 0.059016 14.713335
125.811 3.774105 3.218072 0.012045 14.750353
125.911 3.789535 3.239374 -0.011606 14.776655
126.011 3.799931 3.239099 -0.032549 14.787055
126.116 3.819353 3.238168 -0.055588 14.806500
126.211 3.830767 3.237432 -0.067805 14.817937
126.311 3.844133 3.236426 -0.080022 14.831342
126.413 3.859965 3.234993 -0.099396 14.847238
126.511 3.869590 3.233920 -0.120165 14.856922
126.611 3.884659 3.231879 -0.146519 14.872129
126.711 3.896867 3.229933 -0.165718 14.884491
126.812 3.906853 3.228116 -0.186662 14.894641
126.911 3.917463 3.226024 -0.197134 14.905455
127.011 3.927845 3.223877 -0.214587 14.916057
127.111 3.935616 3.222099 -0.234135 14.924029
127.211 3.941414 3.220670 -0.246527 14.930001
127.311 3.951539 3.218008 -0.263980 14.940470
127.413 3.968805 3.213019 -0.293651 14.958442
127.513 3.979366 3.209645 -0.318085 14.969529
127.611 3.991473 3.205480 -0.339029 14.982332
127.711 4.004520 3.200615 -0.368700 14.996257
127.816 4.021933 3.193699 -0.384408 15.014993
127.911 4.033044 3.189164 -0.389644 15.026994
128.016 4.042217 3.185422 -0.382663 15.036901
128.111 4.056734 3.179733 -0.363464 15.052493
128.211 4.064899 3.176665 -0.358228 15.061215
128.311 4.070633 3.174510 -0.359973 15.067341
128.412 4.071573 3.174157 -0.359973 15.068345
128.513 4.072247 3.192830 -0.403817 15.087030
128.611 4.035588 3.246446 -0.526080 15.151980
128.711 4.035588 3.246446 -0.526080 15.151980
128.813 4.035588 3.246446 -0.526080 15.151980
128.911 4.035588 3.246446 -0.526080 15.151980
129.012 4.035588 3.246446 -0.526080 15.151980
129.111 4.035588 3.246446 -0.526080 15.151980
129.212 4.035588 3.246446 -0.526080 15.151980
129.311 4.035588 3.246446 -0.526080 15.151980
129.411 4.035588 3.246446 -0.526080 15.151980
129.513 4.035588 3.246446 -0.526080 15.151980
129.611 4.035588 3.246446 -0.526080 15.151980
129.726 4.035588 3.246446 -0.526080 15.151980
129.811 4.035588 3.246446 -0.526080 15.151980
129.911 4.035588 3.246446 -0.526080 15.151980
130.011 4.035588 3.246446 -0.526080 15.151980
130.112 4.035588 3.246446 -0.526080 15.151980
130.213 4.035588 3.246446 -0.526080 15.151980
130.311 4.035588 3.246446 -0.526080 15.151980
130.411 4.035588 3.246446 -0.526080 15.151980
130.513 4.035588 3.246446 -0.526080 15.151980
130.611 4.035588 3.246446 -0.526080 15.151980
130.718 4.035588 3.246446 -0.526080 15.151980
130.811 4.035588 3.246446 -0.526080 15.151980
130.911 4.035588 3.246446 -0.526080 15.151980
131.041 4.035588 3.246446 -0.526080 15.151980
131.111 4.035588 3.246446 -0.526080 15.151980
131.212 4.035588 3.246446 -0.526080 15.151980
131.311 4.035588 3.246446 -0.526080 15.151980
131.411 4.035588 3.246446 -0.526080 15.151980
131.511 4.035588 3.246446 -0.526080 15.151980
131.611 4.035588 3.246446 -0.526080 15.151980
131.711 4.037084 3.245593 -0.515608 15.153702
131.811 4.025835 3.264354 -0.485375 15.175577
131.913 4.031413 3.261474 -0.471413 15.181855
132.015 4.038694 3.257847 -0.457450 15.189989
132.111 4.047451 3.253725 -0.431270 15.199667
132.215 4.051468 3.251920 -0.420798 15.204071
132.311 4.071998 3.243390 -0.354475 15.226303
132.411 4.076786 3.241690 -0.337022 15.231384
132.511 4.091595 3.237077 -0.272445 15.246895
132.611 4.109614 3.232819 -0.199141 15.265410
132.711 4.120013 3.231012 -0.153763 15.275965
132.815 4.133123 3.229353 -0.117111 15.289179
132.911 4.147381 3.227968 -0.085695 15.303504
133.011 4.157157 3.227268 -0.064751 15.313305
133.112 4.171329 3.226564 -0.045552 15.327495
133.211 4.175115 3.226384 -0.047298 15.331285
133.311 4.176304 3.226328 -0.047298 15.332475
133.411 4.176304 3.226328 -0.047298 15.332475
133.519 4.176304 3.226328 -0.047298 15.332475
133.612 4.176304 3.226328 -0.047298 15.332475
133.713 4.176304 3.226328 -0.047298 15.332475
133.811 4.176304 3.226328 -0.047298 15.332475
133.912 4.176284 3.226329 -0.045552 15.332495
134.011 4.176344 3.226326 -0.045552 15.332556
134.113 4.176367 3.226325 -0.045552 15.332579
134.212 4.176367 3.226325 -0.045552 15.332579
134.312 4.178402 3.226229 -0.047298 15.334616
134.434 4.185749 3.225881 -0.047298 15.341971
134.511 4.197668 3.225327 -0.047298 15.353903
134.612 4.209676 3.224766 -0.047298 15.365924
134.711 4.215834 3.224485 -0.045552 15.372089
134.818 4.232238 3.230608 -0.031300 15.389598
134.911 4.247669 3.241075 -0.011688 15.408244
135.011 4.259302 3.240939 -0.011688 15.419878
135.111 4.268109 3.240836 -0.011688 15.428686
135.211 4.275529 3.240759 -0.009943 15.436106
135.315 4.289053 3.240611 -0.009943 15.449630
135.415 4.293438 3.240568 -0.009943 15.454015
135.511 4.305403 3.240449 -0.009943 15.465981
135.611 4.318980 3.240314 -0.009943 15.479559
135.711 4.327102 3.240233 -0.009943 15.487681
135.811 4.334854 3.240159 -0.009943 15.495433
135.911 4.345037 3.240058 -0.009943 15.505617
136.011 4.356753 3.239956 -0.008198 15.517334
136.111 4.364629 3.239891 -0.008198 15.525210
136.211 4.374808 3.239808 -0.008198 15.535389
136.312 4.386368 3.239713 -0.008198 15.546950
136.411 4.394583 3.239654 -0.006278 15.555164
136.511 4.402307 3.239594 -0.008198 15.562890
136.611 4.416154 3.239487 -0.006278 15.576737
136.711 4.423971 3.239431 -0.006278 15.584554
136.813 4.435854 3.239356 -0.006278 15.596437
136.912 4.447955 3.239273 -0.006278 15.608538
137.011 4.453970 3.239235 -0.006278 15.614553
137.111 4.465383 3.239163 -0.006278 15.625966
137.211 4.475662 3.239099 -0.006278 15.636246
137.311 4.483361 3.239057 -0.004533 15.643945
137.410 4.491958 3.239009 -0.004533 15.652542
137.517 4.492593 3.239007 -0.006278 15.653177
137.611 4.495662 3.238988 -0.006278 15.656246
137.711 4.554972 3.266610 0.010794 15.721673
137.832 4.618735 3.299669 0.030905 15.793496
137.911 4.626410 3.299924 0.034396 15.801176
138.011 4.637169 3.300259 0.030905 15.811940
138.111 4.638615 3.300304 0.032651 15.813387
138.262 4.638156 3.300290 0.032651 15.813845
138.311 4.638056 3.300286 0.032651 15.813945
138.433 4.638037 3.300286 0.032651 15.813965
138.514 4.638037 3.300286 0.032651 15.813965
138.611 4.638037 3.300286 0.032651 15.813965
138.711 4.638037 3.300286 0.032651 15.813965
138.812 4.637956 3.300283 0.032651 15.814046
138.911 4.637734 3.300276 0.032651 15.814268
139.011 4.637848 3.300279 0.032651 15.814382
139.112 4.637768 3.300277 0.032651 15.814462
139.211 4.637768 3.300277 0.032651 15.814462
139.311 4.637827 3.300279 0.032651 15.814521
139.411 4.637827 3.300279 0.032651 15.814521
139.511 4.637827 3.300279 0.032651 15.814521
139.612 4.637866 3.300280 0.032651 15.814560
139.713 4.637866 3.300280 0.032651 15.814560
139.811 4.637885 3.300281 0.032651 15.814579
139.911 4.637885 3.300281 0.032651 15.814579
140.011 4.637885 3.300281 0.032651 15.814579
140.111 4.637885 3.300281 0.032651 15.814579
140.211 4.637885 3.300281 0.032651 15.814579
140.311 4.637885 3.300281 0.032651 15.814579
140.411 4.637885 3.300281 0.032651 15.814579
140.511 4.637885 3.300281 0.032651 15.814579
140.611 4.637885 3.300281 0.032651 15.814579
140.711 4.631249 3.304566 0.039654 15.822477
140.811 4.624863 3.308573 0.046191 15.830017
140.911 4.624863 3.308573 0.046191 15.830017
141.011 4.624863 3.308573 0.046191 15.830017
141.111 4.624863 3.308573 0.046191 15.830017
141.215 4.624863 3.308573 0.046191 15.830017
141.311 4.624863 3.308573 0.046191 15.830017
141.412 4.624863 3.308573 0.046191 15.830017
141.512 4.624863 3.308573 0.046191 15.830017
141.611 4.624863 3.308573 0.046191 15.830017
141.711 4.624863 3.308573 0.046191 15.830017
141.811 4.624863 3.308573 0.046191 15.830017
141.912 4.624844 3.308572 0.046191 15.830036
142.012 4.624844 3.308572 0.046191 15.830036
142.112 4.624824 3.308571 0.046191 15.830056
142.211 4.624804 3.308570 0.046191 15.830076
142.312 4.624783 3.308570 0.046191 15.830097
142.411 4.624743 3.308568 0.046191 15.830137
142.517 4.624743 3.308568 0.046191 15.830137
142.614 4.624743 3.308568 0.046191 15.830137
142.711 4.624743 3.308568 0.046191 15.830137
142.811 4.624743 3.308568 0.046191 15.830137
142.911 4.624743 3.308568 0.046191 15.830137
143.011 4.624743 3.308568 0.046191 15.830137
143.111 4.624743 3.308568 0.046191 15.830137
143.211 4.624743 3.308568 0.046191 15.830137
143.311 4.624743 3.308568 0.046191 15.830137
143.411 4.624743 3.308568 0.046191 15.830137
143.511 4.624743 3.308568 0.046191 15.830137
143.611 4.624743 3.308568 0.046191 15.830137
143.711 4.625259 3.308392 0.045418 15.830682
143.811 4.627842 3.307497 0.041485 15.833415
143.911 4.627842 3.307497 0.041485 15.833415
144.011 4.627842 3.307497 0.041485 15.833415
144.111 4.627842 3.307497 0.041485 15.833415
144.211 4.627842 3.307497 0.041485 15.833415
144.311 4.627842 3.307497 0.041485 15.833415
144.411 4.627842 3.307497 0.041485 15.833415
144.511 4.627842 3.307497 0.041485 15.833415
144.611 4.627842 3.307497 0.041485 15.833415
144.711 4.627842 3.307497 0.041485 15.833415
144.811 4.627842 3.307497 0.041485 15.833415
144.911 4.627842 3.307497 0.041485 15.833415
145.012 4.627842 3.307497 0.041485 15.833415
145.111 4.627842 3.307497 0.041485 15.833415
145.211 4.627842 3.307497 0.041485 15.833415
145.311 4.627822 3.307496 0.041485 15.833435
145.411 4.627822 3.307496 0.041485 15.833435
145.511 4.627822 3.307496 0.041485 15.833435
145.611 4.627822 3.307496 0.041485 15.833435
145.711 4.627822 3.307496 0.041485 15.833435
145.811 4.627822 3.307496 0.041485 15.833435
145.911 4.627822 3.307496 0.041485 15.833435
146.012 4.627822 3.307496 0.041485 15.833435
146.111 4.627822 3.307496 0.041485 15.833435
146.211 4.627822 3.307496 0.041485 15.833435
146.311 4.627822 3.307496 0.041485 15.833435
146.411 4.627822 3.307496 0.041485 15.833435
146.511 4.627822 3.307496 0.041485 15.833435
146.610 4.627822 3.307496 0.041485 15.833435
146.711 4.627822 3.307496 0.041485 15.833435
146.811 4.627822 3.307496 0.041485 15.833435
146.911 4.624713 3.302482 0.044610 15.839335
147.011 4.624713 3.302482 0.044610 15.839335
147.111 4.624713 3.302482 0.044610 15.839335
147.210 4.624713 3.302482 0.044610 15.839335
147.311 4.624713 3.302482 0.044610 15.839335
147.411 4.624713 3.302482 0.044610 15.839335
147.511 4.624713 3.302482 0.044610 15.839335
147.611 4.624713 3.302482 0.044610 15.839335
147.711 4.624713 3.302482 0.044610 15.839335
147.811 4.624713 3.302482 0.044610 15.839335
147.911 4.624713 3.302482 0.044610 15.839335
148.011 4.624713 3.302482 0.044610 15.839335
148.111 4.624713 3.302482 0.044610 15.839335
148.211 4.624713 3.302482 0.044610 15.839335
148.311 4.624713 3.302482 0.044610 15.839335
148.411 4.624713 3.302482 0.044610 15.839335
148.511 4.624713 3.302482 0.044610 15.839335
148.611 4.624713 3.302482 0.044610 15.839335
148.711 4.624713 3.302482 0.044610 15.839335
148.811 4.624713 3.302482 0.044610 15.839335
148.911 4.624713 3.302482 0.044610 15.839335
149.011 4.624713 3.302482 0.044610 15.839335
149.111 4.624713 3.302482 0.044610 15.839335
149.211 4.624713 3.302482 0.044610 15.839335
149.311 4.624713 3.302482 0.044610 15.839335
149.411 4.624713 3.302482 0.044610 15.839335
149.511 4.624693 3.302481 0.044610 15.839355
149.611 4.624693 3.302481 0.044610 15.839355
149.712 4.624693 3.302481 0.044610 15.839355
149.811 4.624693 3.302481 0.044610 15.839355
149.911 4.624693 3.302481 0.044610 15.839355
150.011 4.625590 3.302079 0.044161 15.840338
150.112 4.627809 3.301083 0.043049 15.842770
150.211 4.627809 3.301083 0.043049 15.842770
150.312 4.627809 3.301083 0.043049 15.842770
150.411 4.627809 3.301083 0.043049 15.842770
150.512 4.627809 3.301083 0.043049 15.842770
150.611 4.627809 3.301083 0.043049 15.842770
150.711 4.627809 3.301083 0.043049 15.842770
150.811 4.627809 3.301083 0.043049 15.842770
150.911 4.627809 3.301083 0.043049 15.842770
151.011 4.627809 3.301083 0.043049 15.842770
151.111 4.627809 3.301083 0.043049 15.842770
151.211 4.627809 3.301083 0.043049 15.842770
