# t_sec x y yaw_rad cum_dist_m
0.102 -0.001563 0.001563 -0.000000 0.000000
0.202 -0.001563 0.001563 -0.000000 0.000000
0.302 -0.001427 0.001548 0.000136 0.000137
0.402 0.000000 0.001398 0.001562 0.001571
0.502 0.000000 0.001398 0.001562 0.001571
0.602 0.000000 0.001398 0.001562 0.001571
0.702 0.000000 0.001398 0.001562 0.001571
0.802 0.000000 0.001398 0.001562 0.001571
0.902 -0.000081 0.001398 0.022681 0.001653
1.002 -0.000041 0.001400 0.047116 0.001693
1.102 -0.000319 0.001380 0.073296 0.001971
1.202 -0.000281 0.001387 0.106457 0.002010
1.302 -0.000419 0.001366 0.148345 0.002149
1.402 -0.000644 0.001330 0.172779 0.002377
1.502 -0.000257 0.001404 0.218332 0.002771
1.602 -0.000606 0.001319 0.249574 0.003131
1.702 -0.000286 0.001409 0.279419 0.003464
1.802 -0.000855 0.001222 0.321307 0.004064
1.902 -0.001083 0.001145 0.347487 0.004304
2.002 -0.000663 0.001305 0.377157 0.004755
2.105 -0.000957 0.001177 0.424281 0.005075
2.202 -0.000900 0.001203 0.453952 0.005138
2.302 -0.000720 0.001293 0.480132 0.005339
2.402 -0.001170 0.001040 0.525510 0.005854
2.502 -0.000944 0.001178 0.551865 0.006118
2.607 -0.001148 0.001044 0.597069 0.006362
2.703 -0.000637 0.001410 0.635641 0.006990
2.810 0.028708 0.039490 0.640088 0.055065
2.902 0.028355 0.039222 0.666268 0.055508
3.002 0.028570 0.039399 0.718628 0.055787
3.106 0.028333 0.039184 0.748298 0.056108
3.202 0.027957 0.038827 0.781460 0.056626
3.302 0.028097 0.038971 0.823348 0.056828
3.402 0.028004 0.038864 0.854763 0.056969
3.502 0.027854 0.038683 0.894906 0.057205
3.602 0.027854 0.038672 0.929813 0.057215
3.714 0.027662 0.038411 0.975191 0.057539
3.803 0.027782 0.038593 0.994390 0.057757
3.903 0.027657 0.038388 1.032962 0.057996
4.002 0.027674 0.038423 1.076595 0.058035
4.102 0.027758 0.038584 1.099110 0.058217
4.202 0.027713 0.038492 1.136111 0.058319
4.302 0.058897 0.037174 1.164623 0.089531
4.402 0.058873 0.037117 1.188883 0.089592
4.502 0.058951 0.037324 1.230771 0.089813
4.602 0.058920 0.037229 1.265678 0.089913
4.702 0.058816 0.036875 1.295523 0.090282
4.802 0.058871 0.037089 1.332175 0.090504
4.902 0.058772 0.036650 1.367081 0.090954
5.002 0.058778 0.036690 1.398497 0.090995
5.102 0.058782 0.036725 1.438640 0.091029
5.202 0.058775 0.036669 1.477037 0.091086
5.302 0.058786 0.036790 1.501472 0.091207
5.402 0.058765 0.036293 1.539869 0.091705
5.502 0.058762 0.036390 1.580012 0.091802
5.602 0.058757 0.036573 1.602701 0.091985
5.702 0.058780 0.036173 1.644589 0.092385
5.802 0.058771 0.036270 1.679495 0.092482
5.902 0.056261 0.039598 1.690026 0.096651
6.029 0.056272 0.039518 1.731914 0.096733
6.102 0.056282 0.039462 1.758094 0.096790
6.202 0.056306 0.039316 1.796491 0.096937
6.313 0.056277 0.039442 1.833143 0.097067
6.402 0.056385 0.039073 1.862814 0.097451
6.502 0.056334 0.039228 1.899466 0.097615
6.602 0.056444 0.038947 1.939608 0.097917
6.702 0.056464 0.038888 1.967534 0.097979
6.802 0.056408 0.039017 2.002440 0.098120
6.903 0.056504 0.038819 2.037347 0.098340
7.002 0.056542 0.038748 2.072079 0.098419
7.104 0.056551 0.038735 2.107335 0.098436
7.201 0.056911 0.038154 2.142416 0.099120
7.302 0.052509 0.038311 2.173277 0.103524
7.402 0.037579 0.038022 2.213460 0.118457
7.502 0.037451 0.038173 2.255347 0.118655
7.602 0.037698 0.037887 2.284843 0.119033
7.702 0.037774 0.037800 2.312943 0.119149
7.802 0.037691 0.037890 2.361812 0.119271
7.902 0.037841 0.037747 2.391658 0.119478
8.002 0.038159 0.037458 2.419583 0.119907
8.102 0.037802 0.037754 2.466707 0.120371
8.202 0.038050 0.037565 2.496377 0.120682
8.303 0.038077 0.037548 2.536520 0.120715
8.402 0.038202 0.037468 2.571427 0.120863
8.502 0.038264 0.037428 2.599352 0.120937
8.620 0.038146 0.037489 2.636178 0.121070
8.702 0.038332 0.037392 2.667420 0.121279
8.802 0.038276 0.037416 2.711227 0.121340
8.902 0.013428 0.026823 2.713718 0.148352
9.003 0.013685 0.026709 2.741643 0.148633
9.102 0.013889 0.026627 2.771313 0.148853
9.202 0.013777 0.026667 2.823673 0.148973
9.302 0.013900 0.026630 2.851599 0.149102
9.402 0.013941 0.026618 2.888251 0.149145
9.503 0.014176 0.026561 2.919666 0.149387
9.602 0.013898 0.026619 2.951082 0.149670
9.702 0.014187 0.026567 2.984244 0.149963
9.802 0.013938 0.026598 3.017405 0.150213
9.902 0.013870 0.026608 3.045330 0.150283
10.002 0.014408 0.026570 3.094199 0.150822
10.102 0.014241 0.026577 3.120379 0.150989
10.203 0.014280 0.026577 -3.138371 0.151027
10.303 0.085269 -0.008034 -3.068314 0.230004
10.402 0.085348 -0.008026 -3.042134 0.230084
10.502 0.085902 -0.007960 -3.014034 0.230642
10.604 0.085386 -0.008044 -2.968830 0.231164
10.703 0.085655 -0.007988 -2.937414 0.231438
10.805 0.085972 -0.007919 -2.907395 0.231763
10.902 0.085932 -0.007926 -2.863761 0.231803
11.002 0.085958 -0.007919 -2.837581 0.231830
11.102 0.085960 -0.007920 -2.793948 0.231832
11.202 0.086178 -0.007835 -2.757471 0.232066
11.302 0.085940 -0.007937 -2.734781 0.232324
11.402 0.086425 -0.007702 -2.689403 0.232863
11.502 0.086391 -0.007723 -2.652751 0.232902
11.602 0.086337 -0.007752 -2.628316 0.232964
11.702 0.082221 -0.003771 -2.581853 0.238689
11.802 0.080348 -0.002208 -2.553951 0.241129
11.902 0.080513 -0.002093 -2.517299 0.241329
12.002 0.080658 -0.001985 -2.478728 0.241510
12.106 0.080628 -0.002008 -2.438760 0.241549
12.202 0.080791 -0.001865 -2.414325 0.241766
12.302 0.080633 -0.002017 -2.372437 0.241985
12.402 0.080840 -0.001805 -2.334040 0.242282
12.502 0.080959 -0.001677 -2.307860 0.242457
12.602 0.080973 -0.001661 -2.269463 0.242478
12.704 0.080987 -0.001642 -2.224084 0.242501
12.802 0.081048 -0.001564 -2.196159 0.242600
12.902 0.080924 -0.001743 -2.152526 0.242818
13.002 0.081140 -0.001403 -2.122855 0.243220
13.102 0.081141 -0.001401 -2.091439 0.243222
13.202 0.081091 -0.001488 -2.051296 0.243322
13.304 0.080032 0.015024 -1.995842 0.259868
13.402 0.079531 0.020666 -1.961814 0.265533
13.502 0.079544 0.020703 -1.932143 0.265572
13.602 0.079606 0.020871 -1.888510 0.265751
13.702 0.079539 0.020659 -1.860585 0.265974
13.802 0.079659 0.021090 -1.823933 0.266422
13.902 0.079632 0.020974 -1.780300 0.266541
14.003 0.079646 0.021052 -1.757610 0.266620
14.102 0.079697 0.021348 -1.729685 0.266921
14.202 0.079673 0.021174 -1.680816 0.267097
14.302 0.079696 0.021415 -1.651145 0.267339
14.402 0.079673 0.021093 -1.631598 0.267662
14.502 0.079679 0.021255 -1.596691 0.267825
14.602 0.079682 0.021298 -1.553232 0.267867
14.702 0.079686 0.021218 -1.521816 0.267947
14.802 0.070371 0.040803 -1.426308 0.289635
14.902 0.070051 0.041428 -1.387575 0.290337
15.002 0.070043 0.041466 -1.359650 0.290376
15.102 0.069958 0.041845 -1.322998 0.290764
15.202 0.070005 0.041673 -1.281110 0.290942
15.302 0.069839 0.042195 -1.253185 0.291489
15.403 0.069974 0.041818 -1.202570 0.291890
15.503 0.069823 0.042185 -1.172900 0.292287
15.602 0.069765 0.042320 -1.148465 0.292433
15.705 0.070038 0.041742 -1.097851 0.293072
15.802 0.069859 0.042081 -1.075161 0.293455
15.916 0.069898 0.042014 -1.043745 0.293532
16.002 0.069754 0.042235 -0.993131 0.293796
16.102 0.069890 0.042038 -0.963460 0.294036
16.202 0.069843 0.042100 -0.932044 0.294114
16.302 0.069601 0.042426 -0.884920 0.294520
16.402 0.065123 0.044394 -0.848508 0.299412
16.502 0.058171 0.047583 -0.804723 0.307060
16.602 0.058074 0.047680 -0.773133 0.307198
16.702 0.058070 0.047684 -0.732816 0.307203
16.802 0.058037 0.047711 -0.706636 0.307245
16.907 0.058132 0.047634 -0.668238 0.307367
17.004 0.057781 0.047901 -0.635077 0.307808
17.102 0.057977 0.047762 -0.605407 0.308048
17.202 0.057807 0.047867 -0.556537 0.308248
17.302 0.057636 0.047970 -0.528612 0.308448
17.402 0.057546 0.048021 -0.488470 0.308551
17.503 0.057654 0.047966 -0.456879 0.308671
17.602 0.057385 0.048094 -0.409930 0.308968
17.702 0.043089 0.045873 -0.357998 0.323436
17.803 0.042912 0.045936 -0.333563 0.323624
17.903 0.043025 0.045897 -0.289930 0.323744
18.002 0.042678 0.045992 -0.253278 0.324104
18.103 0.042487 0.046038 -0.221862 0.324300
18.203 0.042678 0.045999 -0.202489 0.324495
18.306 0.042658 0.045994 -0.151874 0.324516
18.402 0.042574 0.046007 -0.125694 0.324600
18.502 0.042813 0.045979 -0.099689 0.324841
18.602 0.042535 0.046001 -0.068099 0.325120
18.702 0.042434 0.046007 -0.020975 0.325221
18.803 0.042536 0.046006 0.003460 0.325322
18.907 0.042655 0.046016 0.055820 0.325442
19.002 0.042657 0.046014 0.080254 0.325445
19.102 0.042558 0.046006 0.094217 0.325543
19.202 -0.003227 0.005384 0.161801 0.386751
19.303 -0.003227 0.005384 0.161801 0.386751
19.402 -0.003227 0.005384 0.161801 0.386751
19.502 -0.003227 0.005384 0.161801 0.386751
19.602 -0.003227 0.005384 0.161801 0.386751
19.702 -0.003227 0.005384 0.161801 0.386751
19.802 -0.003227 0.005384 0.161801 0.386751
19.904 -0.003227 0.005384 0.161801 0.386751
20.002 -0.003134 0.005400 0.161801 0.386846
20.102 0.003654 0.006508 0.161801 0.393724
20.202 0.018552 0.008939 0.161801 0.408819
20.302 0.029747 0.010767 0.161801 0.420162
20.402 0.044509 0.013176 0.161801 0.435120
20.503 0.060707 0.015820 0.161801 0.451532
20.602 0.071521 0.017550 0.153074 0.462483
20.707 0.091352 0.020584 0.149584 0.482545
20.802 0.103218 0.022378 0.149584 0.494546
20.902 0.114982 0.024151 0.149584 0.506443
21.002 0.135008 0.027169 0.149584 0.526695
21.103 0.146334 0.028876 0.149584 0.538149
21.202 0.156574 0.030419 0.149584 0.548504
21.303 0.170213 0.032470 0.149584 0.562297
21.402 0.184914 0.034649 0.146093 0.577158
21.504 0.203075 0.037262 0.138763 0.595506
21.602 0.214444 0.038834 0.137017 0.606984
21.702 0.226147 0.040436 0.135098 0.618796
21.802 0.240351 0.042326 0.129687 0.633125
21.902 0.254491 0.044088 0.119215 0.647374
22.002 0.265650 0.045420 0.119215 0.658613
22.102 0.286472 0.047877 0.117470 0.679579
22.202 0.295455 0.048927 0.117470 0.688623
22.302 0.344776 0.065547 0.049514 0.740669
22.402 0.355738 0.066207 0.065222 0.751651
22.502 0.367703 0.067055 0.077439 0.763646
22.602 0.381730 0.068329 0.091227 0.777730
22.708 0.399609 0.070010 0.094892 0.795689
22.802 0.410813 0.071076 0.094892 0.806943
22.902 0.422703 0.072208 0.094892 0.818887
23.002 0.442845 0.074160 0.096638 0.839123
23.102 0.454481 0.075288 0.096638 0.850814
23.202 0.466342 0.076454 0.101874 0.862732
23.302 0.485332 0.078571 0.114091 0.881840
23.402 0.496599 0.079887 0.117582 0.893184
23.502 0.514546 0.082018 0.119327 0.911256
23.602 0.532183 0.084159 0.122818 0.929023
23.702 0.540766 0.085223 0.124563 0.937672
23.802 0.557766 0.087403 0.131719 0.954811
23.902 0.574665 0.089688 0.137129 0.971864
24.002 0.583113 0.090870 0.140795 0.980394
24.104 0.595370 0.092629 0.142540 0.992776
24.202 0.615321 0.095587 0.147950 1.012945
24.302 0.626470 0.097270 0.151616 1.024221
24.402 0.643839 0.099961 0.155281 1.041797
24.502 0.661727 0.102821 0.160691 1.059912
24.602 0.669612 0.104117 0.164182 1.067903
24.702 0.684857 0.106652 0.166102 1.083357
24.802 0.701257 0.109379 0.164182 1.099982
24.902 0.709925 0.110810 0.162437 1.108768
25.002 0.721678 0.112719 0.158771 1.120675
25.106 0.742110 0.115965 0.155281 1.141363
25.205 0.753886 0.117791 0.153361 1.153280
25.302 0.771213 0.120407 0.147950 1.170803
25.402 0.799276 0.226388 0.295078 1.280437
25.502 0.810242 0.229777 0.302408 1.291914
25.602 0.821017 0.233144 0.295427 1.303203
25.702 0.840149 0.238304 0.241322 1.323019
25.802 0.851392 0.240820 0.208160 1.334539
25.902 0.868077 0.243818 0.157546 1.351491
26.002 0.879410 0.245311 0.110422 1.362923
26.102 0.889952 0.246087 0.052826 1.373493
26.202 0.907363 0.246016 -0.046658 1.390904
26.302 0.916925 0.245223 -0.104254 1.400499
26.402 0.926294 0.243875 -0.163595 1.409965
26.502 0.944227 0.239883 -0.256097 1.428336
26.602 0.954798 0.236725 -0.311948 1.439369
26.704 0.968851 0.231468 -0.392058 1.454373
26.804 0.979757 0.226466 -0.451574 1.466371
26.902 0.987580 0.222434 -0.493462 1.475172
27.002 0.995282 0.218051 -0.530114 1.484034
27.102 1.039062 0.189692 -0.615985 1.536196
27.202 1.045461 0.184964 -0.647401 1.544152
27.304 1.051717 0.180044 -0.675501 1.552112
27.404 1.062324 0.170934 -0.739903 1.566094
27.506 1.067762 0.165749 -0.774810 1.573608
27.602 1.076436 0.156774 -0.815127 1.586089
27.703 1.084907 0.147410 -0.846543 1.598716
27.802 1.090724 0.140727 -0.858760 1.607576
27.903 1.098295 0.131696 -0.884940 1.619360
28.002 1.103468 0.125256 -0.902393 1.627622
28.102 1.110498 0.115837 -0.944281 1.639374
28.202 1.144688 0.146664 -0.976210 1.685410
28.302 1.167239 0.160416 -1.011719 1.711823
28.402 1.171874 0.152981 -1.004738 1.720584
28.502 1.180959 0.138948 -0.989030 1.737301
28.602 1.187148 0.129615 -0.987284 1.748501
28.702 1.196604 0.115202 -0.992520 1.765738
28.802 1.204519 0.103065 -0.994266 1.780228
28.902 1.210873 0.093207 -0.999502 1.791956
29.002 1.218466 0.081271 -1.008228 1.806102
29.102 1.225763 0.069548 -1.020446 1.819911
29.202 1.234408 0.055427 -1.018700 1.836469
29.302 1.242216 0.042830 -1.013464 1.851290
29.402 1.248182 0.033357 -1.006483 1.862484
29.502 1.256340 0.020777 -0.987284 1.877478
29.602 1.264034 0.009359 -0.969831 1.891246
29.702 1.270415 0.000339 -0.947142 1.902295
29.802 1.278787 -0.010974 -0.924452 1.916369
29.902 1.288388 -0.023448 -0.906999 1.932111
30.002 1.294724 -0.031374 -0.891291 1.942257
30.102 1.303054 -0.041511 -0.877329 1.955378
30.202 1.313374 -0.053743 -0.875583 1.971381
30.302 1.320862 -0.062793 -0.884310 1.983128
30.402 1.331473 -0.076045 -0.903508 2.000105
30.502 1.338748 -0.085527 -0.926198 2.012056
30.602 1.345080 -0.094163 -0.945396 2.022764
30.702 1.354625 -0.107762 -0.966340 2.039379
30.802 1.362387 -0.119347 -0.989030 2.053323
30.902 1.368119 -0.128250 -1.002992 2.063913
31.002 1.375496 -0.140234 -1.030917 2.077985
31.102 1.384606 -0.155911 -1.053607 2.096117
31.202 1.390256 -0.166229 -1.078041 2.107881
31.308 1.453828 -0.177288 -1.077131 2.172408
31.402 1.469294 -0.194195 -1.106414 2.195322
31.502 1.473600 -0.203092 -1.129103 2.205205
31.602 1.478131 -0.213023 -1.146556 2.216121
31.702 1.485291 -0.229414 -1.166104 2.234008
31.802 1.489320 -0.239104 -1.183906 2.244502
31.902 1.493583 -0.249724 -1.194727 2.255945
32.002 1.500065 -0.267278 -1.233125 2.274658
32.102 1.503820 -0.278159 -1.243771 2.286169
32.202 1.507264 -0.288680 -1.259828 2.297240
32.307 1.512831 -0.307387 -1.294909 2.316757
32.402 1.515766 -0.318239 -1.317948 2.327999
32.502 1.518093 -0.327766 -1.337321 2.337806
32.602 1.522278 -0.346439 -1.356694 2.356943
32.702 1.524791 -0.358131 -1.360359 2.368902
32.802 1.527082 -0.369104 -1.367689 2.380111
32.902 1.530554 -0.387028 -1.388808 2.398368
33.002 1.532493 -0.397804 -1.394044 2.409318
33.102 1.534563 -0.409542 -1.397535 2.421236
33.202 1.537952 -0.429163 -1.401025 2.441148
33.302 1.539735 -0.439562 -1.401025 2.451698
33.402 1.541697 -0.451011 -1.401025 2.463315
33.502 1.544660 -0.468195 -1.399280 2.480752
33.602 1.547588 -0.485018 -1.397535 2.497828
33.702 1.549844 -0.497991 -1.397535 2.510996
33.802 1.551793 -0.509014 -1.395789 2.522190
33.902 1.553824 -0.520497 -1.395789 2.533851
34.002 1.557476 -0.541062 -1.392299 2.554738
34.103 1.559586 -0.552758 -1.392299 2.566622
34.202 1.561608 -0.563721 -1.385143 2.577770
34.309 1.565029 -0.580300 -1.353552 2.594698
34.402 1.581000 -0.591467 -1.352744 2.614187
34.502 1.606993 -0.604232 -1.351558 2.643145
34.602 1.611013 -0.621538 -1.346322 2.660911
34.702 1.613374 -0.632204 -1.355223 2.671836
34.808 1.615756 -0.643205 -1.358888 2.683092
34.903 1.619194 -0.659580 -1.366219 2.699824
35.002 1.622509 -0.676716 -1.397635 2.717277
35.102 1.624577 -0.690200 -1.432716 2.730919
35.202 1.626123 -0.701775 -1.439697 2.742597
35.302 1.628009 -0.716349 -1.443188 2.757293
35.403 1.629918 -0.733350 -1.474604 2.774400
35.503 1.630882 -0.744292 -1.490312 2.785385
35.602 1.632185 -0.761711 -1.499038 2.802852
35.702 1.632783 -0.770316 -1.502529 2.811478
35.806 1.633968 -0.787942 -1.504274 2.829144
35.902 1.635085 -0.805404 -1.507765 2.846642
36.002 1.636032 -0.820742 -1.509510 2.862009
36.106 1.636757 -0.832996 -1.513001 2.874284
36.202 1.637709 -0.849899 -1.516492 2.891214
36.307 1.638199 -0.858896 -1.516492 2.900224
36.402 1.639149 -0.879261 -1.532200 2.920612
36.502 1.639518 -0.890654 -1.546162 2.932010
36.602 1.639796 -0.902556 -1.547907 2.943915
36.702 1.640178 -0.919930 -1.549653 2.961293
36.802 1.640426 -0.937552 -1.561870 2.978918
36.902 1.640463 -0.946426 -1.568851 2.987792
37.002 1.640386 -0.964146 -1.575833 3.005512
37.102 1.640316 -0.982296 -1.574087 3.023662
37.202 1.640282 -0.996415 -1.574087 3.037781
37.318 1.640259 -1.011061 -1.570597 3.052427
37.402 1.640245 -1.020004 -1.574087 3.061370
37.502 1.657478 -1.048607 -1.609415 3.094763
37.602 1.678816 -1.074074 -1.654828 3.127988
37.702 1.676955 -1.096167 -1.654828 3.150159
37.803 1.675999 -1.107570 -1.654828 3.161602
37.902 1.674744 -1.122351 -1.654828 3.176437
38.002 1.673214 -1.140390 -1.656574 3.194540
38.102 1.672255 -1.151723 -1.654828 3.205914
38.202 1.670759 -1.169744 -1.653083 3.223997
38.302 1.670071 -1.178206 -1.651338 3.232486
38.402 1.668692 -1.195746 -1.647847 3.250081
38.502 1.667608 -1.210120 -1.644356 3.264496
38.602 1.666396 -1.227031 -1.640866 3.281450
38.708 1.665598 -1.238401 -1.640866 3.292848
38.802 1.664821 -1.250687 -1.628648 3.305159
38.902 1.663840 -1.271084 -1.609450 3.325580
39.002 1.663401 -1.282947 -1.605959 3.337450
39.102 1.662990 -1.297717 -1.597232 3.352226
39.202 1.662652 -1.313704 -1.588506 3.368217
39.302 1.662526 -1.323214 -1.581524 3.377727
39.402 1.662429 -1.336059 -1.578034 3.390573
39.502 1.662361 -1.354264 -1.572798 3.408778
39.602 1.662357 -1.365948 -1.576288 3.420462
39.718 1.662239 -1.379562 -1.581524 3.434076
39.802 1.662049 -1.396969 -1.578034 3.451484
39.902 1.661966 -1.409111 -1.576288 3.463626
40.002 1.661869 -1.423986 -1.578034 3.478502
40.102 1.661722 -1.441562 -1.579779 3.496079
40.202 1.661638 -1.453134 -1.576288 3.507651
40.302 1.661590 -1.464607 -1.574543 3.519124
40.402 1.661528 -1.485341 -1.574543 3.539858
40.502 1.661485 -1.496699 -1.574543 3.551217
40.602 1.661419 -1.508743 -1.576288 3.563260
40.704 1.729577 -1.541702 -1.482640 3.638969
40.802 1.730528 -1.552625 -1.484386 3.649933
40.902 1.731725 -1.566975 -1.487876 3.664332
41.002 1.732717 -1.579418 -1.494858 3.676815
41.102 1.733814 -1.595638 -1.507075 3.693072
41.202 1.734791 -1.612666 -1.515802 3.710128
41.302 1.735245 -1.621860 -1.522783 3.719333
41.402 1.735789 -1.633740 -1.526274 3.731226
41.504 1.736620 -1.654135 -1.531509 3.751638
41.602 1.736948 -1.663138 -1.535000 3.760647
41.702 1.737590 -1.683312 -1.541981 3.780831
41.805 1.737886 -1.694624 -1.545472 3.792147
41.909 1.738181 -1.715474 -1.561180 3.812999
42.002 1.738230 -1.727642 -1.573397 3.825167
42.103 1.738114 -1.745061 -1.580379 3.842586
42.202 1.737968 -1.757017 -1.583869 3.854543
42.302 1.737793 -1.768555 -1.587360 3.866082
42.402 1.737534 -1.782976 -1.589105 3.880506
42.502 1.737232 -1.799193 -1.590851 3.896726
42.603 1.737007 -1.810647 -1.590851 3.908182
42.702 1.736718 -1.825052 -1.590851 3.922590
42.802 1.736369 -1.842465 -1.590851 3.940007
42.902 1.736132 -1.854291 -1.590851 3.951835
43.002 1.735907 -1.865498 -1.590851 3.963044
43.102 1.735515 -1.885836 -1.589105 3.983386
43.202 1.735298 -1.897673 -1.589105 3.995224
43.302 1.735092 -1.909213 -1.587360 4.006767
43.402 1.734735 -1.929854 -1.587360 4.027411
43.502 1.734535 -1.940777 -1.589105 4.038336
43.602 1.734203 -1.958045 -1.590851 4.055607
43.702 1.733806 -1.975818 -1.594341 4.073384
43.802 1.737465 -1.991880 -1.611245 4.089858
43.902 1.750709 -2.037948 -1.716716 4.137792
44.002 1.748461 -2.053560 -1.707990 4.153565
44.102 1.747402 -2.061533 -1.701008 4.161608
44.202 1.745343 -2.077729 -1.692282 4.177934
44.302 1.743818 -2.091113 -1.678319 4.191405
44.402 1.742651 -2.102154 -1.674828 4.202507
44.502 1.740845 -2.119702 -1.671338 4.220148
44.604 1.739690 -2.131255 -1.669592 4.231758
44.717 1.737744 -2.151082 -1.667847 4.251681
44.803 1.736629 -2.162859 -1.664356 4.263510
44.903 1.735516 -2.174837 -1.662611 4.275540
45.002 1.734196 -2.189398 -1.659120 4.290160
45.105 1.732624 -2.207446 -1.655630 4.308277
45.202 1.731654 -2.218972 -1.653884 4.319844
45.302 1.730758 -2.229841 -1.652139 4.330749
45.402 1.729232 -2.249717 -1.638176 4.350685
45.502 1.728520 -2.261093 -1.631195 4.362083
45.604 1.727801 -2.275088 -1.618978 4.376096
45.702 1.726977 -2.292927 -1.615487 4.393954
45.802 1.726377 -2.307604 -1.610251 4.408644
45.902 1.725933 -2.319642 -1.606761 4.420690
46.002 1.725346 -2.337529 -1.599779 4.438586
46.102 1.724972 -2.351627 -1.594543 4.452689
46.202 1.724704 -2.363588 -1.592798 4.464653
46.302 1.724485 -2.374608 -1.589307 4.475675
46.402 1.724247 -2.394218 -1.575345 4.495287
46.502 1.724280 -2.404895 -1.563127 4.505964
46.602 1.724457 -2.420781 -1.556146 4.521851
46.703 1.724791 -2.434284 -1.543929 4.535358
46.802 1.725126 -2.445470 -1.540438 4.546549
46.908 1.787474 -2.476678 -1.469750 4.616270
47.002 1.828126 -2.493663 -1.423652 4.660328
47.105 1.829445 -2.503720 -1.448261 4.670472
47.205 1.830665 -2.515715 -1.491894 4.682528
47.302 1.831060 -2.522605 -1.526801 4.689430
47.402 1.831212 -2.533484 -1.580906 4.700310
47.502 1.830889 -2.541883 -1.628030 4.708716
47.602 1.830339 -2.548803 -1.662937 4.715657
47.702 1.829226 -2.558366 -1.703079 4.725284
47.802 1.827488 -2.569011 -1.753694 4.736071
47.902 1.825994 -2.576348 -1.783364 4.743558
48.002 1.823683 -2.585496 -1.870631 4.752994
48.102 1.822782 -2.587985 -1.975351 4.755641
48.202 1.822533 -2.588507 -2.059126 4.756219
48.302 1.823247 -2.587336 -2.158610 4.757591
48.404 1.823641 -2.586723 -2.275547 4.758320
48.502 1.819474 -2.591170 -2.346931 4.764413
48.602 1.809974 -2.615189 -2.455311 4.790243
48.702 1.794016 -2.629046 -2.585139 4.811378
48.807 1.784755 -2.634271 -2.653032 4.822010
48.902 1.774782 -2.639077 -2.716039 4.833082
49.002 1.755995 -2.646257 -2.818839 4.853194
49.102 1.745894 -2.649271 -2.873118 4.863734
49.202 1.735941 -2.651658 -2.923733 4.873970
49.302 1.819165 -2.595975 -2.958493 4.974104
49.405 1.808108 -2.597720 -3.000381 4.985297
49.502 1.796989 -2.599046 -3.038778 4.996496
49.602 1.777359 -2.600421 -3.094629 5.016173
49.712 1.766050 -2.600716 -3.126045 5.027486
49.804 1.755824 -2.600646 3.122234 5.037712
49.902 1.736791 -2.599699 3.066384 5.056769
50.002 1.725327 -2.598616 3.036713 5.068283
50.102 1.720820 -2.660842 3.030531 5.130672
50.202 1.702170 -2.668456 2.977689 5.150817
50.302 1.690327 -2.666269 2.948018 5.162859
50.402 1.676581 -2.663278 2.918348 5.176928
50.502 1.663554 -2.660097 2.888677 5.190338
50.602 1.647952 -2.655903 2.876111 5.206493
50.702 1.633948 -2.652009 2.868955 5.221028
50.805 1.622292 -2.648648 2.851327 5.233159
50.902 1.612073 -2.645516 2.840680 5.243847
51.002 1.593006 -2.639339 2.817817 5.263890
51.102 1.581931 -2.635519 2.805425 5.275606
51.202 1.571324 -2.631738 2.796524 5.286866
51.302 1.551631 -2.624594 2.791113 5.307814
51.402 1.541137 -2.620691 2.780292 5.319012
51.502 1.527682 -2.615530 2.769645 5.333422
51.602 1.511216 -2.608749 2.729503 5.351229
51.703 1.500720 -2.603910 2.698087 5.362788
51.802 1.490303 -2.598738 2.675398 5.374418
51.902 1.472389 -2.589586 2.664402 5.394534
52.002 1.461891 -2.584059 2.655675 5.406398
52.102 1.451138 -2.578380 2.655675 5.418558
52.202 1.404822 -2.580608 2.588075 5.464928
52.302 1.395975 -2.575043 2.572192 5.475380
52.402 1.386900 -2.569045 2.551423 5.486258
52.503 1.371330 -2.558075 2.507441 5.505305
52.602 1.362541 -2.551677 2.519832 5.516176
52.702 1.350731 -2.543296 2.530304 5.530657
52.803 1.337132 -2.533852 2.539380 5.547214
52.902 1.327771 -2.527462 2.544965 5.558548
53.002 1.313713 -2.517951 2.546711 5.575521
53.102 1.302220 -2.510151 2.544965 5.589411
53.202 1.292695 -2.503782 2.559102 5.600869
53.302 1.282928 -2.497411 2.568004 5.612530
53.402 1.265797 -2.486620 2.578650 5.632776
53.502 1.256167 -2.480543 2.578650 5.644163
53.602 1.246784 -2.474639 2.583886 5.655250
53.702 1.230976 -2.465039 2.601514 5.673744
53.802 1.221064 -2.459066 2.592787 5.685317
53.902 1.211113 -2.452881 2.581966 5.697034
54.002 1.193982 -2.442221 2.596103 5.717210
54.102 1.183866 -2.436143 2.608146 5.729012
54.202 1.168289 -2.427021 2.611811 5.747064
54.302 1.158924 -2.421531 2.610066 5.757919
54.402 1.144635 -2.413269 2.624029 5.774425
54.502 1.132579 -2.406557 2.638166 5.788223
54.602 1.122128 -2.400840 2.641831 5.800136
54.703 1.106491 -2.392391 2.649161 5.817909
54.803 1.098553 -2.388127 2.645845 5.826920
54.903 1.081368 -2.378774 2.642180 5.846485
55.002 1.071324 -2.373400 2.659633 5.857876
55.102 1.060943 -2.368009 2.668360 5.869574
55.202 1.044547 -2.359872 2.689304 5.887878
55.302 1.028395 -2.352110 2.698205 5.905798
55.402 0.949531 -2.395426 2.723082 5.995775
55.502 0.919207 -2.405818 2.724918 6.027830
55.602 0.906884 -2.400335 2.722999 6.041318
55.702 0.891065 -2.393251 2.719333 6.058650
55.802 0.880325 -2.388325 2.701880 6.070466
55.904 0.867952 -2.382317 2.677271 6.084221
56.002 0.853129 -2.374668 2.649171 6.100901
56.102 0.842973 -2.369063 2.631543 6.112501
56.202 0.831280 -2.362301 2.607109 6.126008
56.302 0.818607 -2.354538 2.580929 6.140870
56.403 0.809308 -2.348665 2.579183 6.151869
56.505 0.797200 -2.341039 2.580929 6.166177
56.602 0.782325 -2.331570 2.566966 6.183811
56.702 0.772504 -2.325163 2.559985 6.195536
56.802 0.758424 -2.315923 2.570282 6.212378
56.902 0.746998 -2.308636 2.579183 6.225930
57.002 0.737200 -2.302565 2.593321 6.237456
57.102 0.724745 -2.295179 2.612868 6.251936
57.204 0.710097 -2.286782 2.614614 6.268820
57.303 0.700896 -2.281374 2.603967 6.279493
57.406 0.689118 -2.274346 2.603967 6.293209
57.502 0.673109 -2.264802 2.603967 6.311847
57.602 0.663094 -2.258909 2.613043 6.323467
57.702 0.650274 -2.251518 2.623689 6.338265
57.802 0.639730 -2.245593 2.632765 6.350360
57.902 0.622212 -2.236052 2.652313 6.370308
58.002 0.611441 -2.230318 2.648997 6.382509
58.107 0.601269 -2.224858 2.648997 6.394055
58.202 0.582965 -2.215027 2.650742 6.414831
58.302 0.572498 -2.209459 2.652662 6.426687
58.402 0.561604 -2.203707 2.656327 6.439006
58.502 0.504069 -2.230148 2.675426 6.502327
58.602 0.469198 -2.231798 2.682015 6.537237
58.702 0.459301 -2.226916 2.683761 6.548272
58.802 0.441332 -2.218087 2.685680 6.568293
58.902 0.430513 -2.212792 2.687426 6.580338
59.002 0.420276 -2.207819 2.689346 6.591720
59.102 0.404191 -2.199633 2.659500 6.609768
59.202 0.388649 -2.191204 2.636288 6.627448
59.302 0.380716 -2.186684 2.617089 6.636578
59.402 0.366430 -2.178079 2.596145 6.653256
59.502 0.351148 -2.168759 2.592480 6.671155
59.602 0.343723 -2.164256 2.601206 6.679839
59.702 0.328362 -2.155107 2.608188 6.697718
59.802 0.313134 -2.146284 2.624245 6.715318
59.902 0.305805 -2.142170 2.636288 6.723722
60.002 0.288105 -2.132627 2.659326 6.743832
60.102 0.278515 -2.127685 2.673638 6.754620
60.202 0.268876 -2.122890 2.687600 6.765385
60.302 0.251741 -2.114763 2.707497 6.784350
60.402 0.241973 -2.110368 2.721634 6.795062
60.504 0.230458 -2.105326 2.732281 6.807632
60.603 0.216828 -2.099430 2.726870 6.822482
60.702 0.207493 -2.095282 2.719540 6.832697
60.802 0.197749 -2.090826 2.710639 6.843412
60.902 0.180288 -2.082618 2.692836 6.862706
61.002 0.170493 -2.077980 2.705228 6.873544
61.102 0.160608 -2.073453 2.715875 6.884416
61.202 0.142941 -2.065656 2.731583 6.903727
61.302 0.131645 -2.060776 2.735248 6.916032
61.402 0.120955 -2.056222 2.740658 6.927652
61.502 0.104332 -2.049217 2.744323 6.945690
61.602 0.034121 -2.105502 2.776975 7.035677
61.702 0.022611 -2.101022 2.764583 7.048028
61.802 0.007369 -2.094747 2.746781 7.064512
61.906 -0.005291 -2.089314 2.730724 7.078288
62.002 -0.020607 -2.082367 2.704544 7.095106
62.112 -0.030923 -2.077439 2.690756 7.106538
62.203 -0.046105 -2.069884 2.678364 7.123496
62.302 -0.054020 -2.065898 2.675048 7.132358
62.402 -0.070067 -2.057791 2.673128 7.150336
62.502 -0.082901 -2.051268 2.671382 7.164733
62.602 -0.093264 -2.046007 2.673128 7.176355
62.702 -0.111686 -2.036783 2.680109 7.196958
62.802 -0.122251 -2.031507 2.681854 7.208767
62.902 -0.132456 -2.026454 2.681854 7.220154
63.002 -0.143203 -2.021133 2.681854 7.232146
63.102 -0.161708 -2.011965 2.679935 7.252798
63.202 -0.171955 -2.006791 2.669463 7.264277
63.302 -0.181835 -2.001631 2.651835 7.275424
63.402 -0.199348 -1.992079 2.639443 7.295371
63.502 -0.209287 -1.986598 2.637698 7.306722
63.602 -0.224344 -1.978259 2.635778 7.323934
63.702 -0.239788 -1.969724 2.635778 7.341579
63.802 -0.246659 -1.965861 2.625306 7.349462
63.902 -0.261902 -1.957002 2.605933 7.367092
64.002 -0.276912 -1.948048 2.602267 7.384570
64.104 -0.284358 -1.943591 2.602267 7.393248
64.202 -0.299527 -1.934512 2.602267 7.410927
64.302 -0.311913 -1.927073 2.600348 7.425375
64.402 -0.321763 -1.921182 2.605758 7.436852
64.502 -0.336533 -1.912497 2.613088 7.453986
64.602 -0.374140 -1.929375 2.601900 7.495207
64.702 -0.405165 -1.942790 2.589126 7.529008
64.802 -0.419718 -1.933871 2.597853 7.546076
64.902 -0.434818 -1.924826 2.606754 7.563679
65.002 -0.442440 -1.920330 2.608674 7.572527
65.102 -0.457335 -1.911637 2.615655 7.589773
65.202 -0.467646 -1.905636 2.612339 7.601704
65.302 -0.485104 -1.895393 2.608674 7.621945
65.402 -0.495056 -1.889675 2.627873 7.633423
65.503 -0.504953 -1.884167 2.638519 7.644749
65.602 -0.517766 -1.877201 2.643930 7.659333
65.702 -0.533223 -1.868866 2.649515 7.676895
65.802 -0.543406 -1.863437 2.654925 7.688434
65.902 -0.553543 -1.858084 2.656671 7.699898
66.002 -0.571870 -1.848388 2.644628 7.720632
66.102 -0.581941 -1.842850 2.633981 7.732125
66.202 -0.592195 -1.837032 2.621590 7.743914
66.302 -0.609663 -1.826848 2.607278 7.764135
66.402 -0.619233 -1.821147 2.607278 7.775274
66.502 -0.631643 -1.813838 2.612514 7.789676
66.602 -0.646895 -1.805014 2.623335 7.807297
66.702 -0.657051 -1.799299 2.630316 7.818950
66.802 -0.670267 -1.792065 2.644628 7.834016
66.903 -0.683307 -1.785070 2.655274 7.848814
67.002 -0.699366 -1.776814 2.679884 7.866871
67.102 -0.712188 -1.770636 2.697511 7.881104
67.202 -0.723124 -1.765549 2.707983 7.893165
67.304 -0.733802 -1.760623 2.711649 7.904925
67.402 -0.753155 -1.751817 2.717234 7.926187
67.505 -0.763885 -1.746980 2.718979 7.937957
67.602 -0.774889 -1.742044 2.717234 7.950017
67.702 -0.794035 -1.733090 2.699431 7.971153
67.804 -0.875141 -1.791072 2.794061 8.070854
67.902 -0.891784 -1.785093 2.797727 8.088538
68.002 -0.905061 -1.780263 2.787080 8.102666
68.102 -0.915687 -1.776299 2.780099 8.114008
68.207 -0.931714 -1.770198 2.776434 8.131157
68.311 -0.945426 -1.764921 2.772768 8.145849
68.402 -0.956720 -1.760525 2.769103 8.157969
68.502 -0.973226 -1.754046 2.765438 8.175701
68.602 -0.986810 -1.748657 2.763518 8.190315
68.703 -0.998079 -1.744139 2.759853 8.202456
68.802 -1.009363 -1.739592 2.758108 8.214621
68.903 -1.028078 -1.731977 2.752523 8.234826
69.002 -1.038546 -1.727669 2.748857 8.246146
69.102 -1.049030 -1.723254 2.741702 8.257522
69.202 -1.067681 -1.715204 2.728961 8.277836
69.305 -1.078519 -1.710367 2.716394 8.289704
69.402 -1.094492 -1.703069 2.710984 8.307265
69.502 -1.107928 -1.696854 2.707319 8.322069
69.602 -1.118231 -1.692052 2.705399 8.333436
69.702 -1.132674 -1.685299 2.703653 8.349380
69.802 -1.145206 -1.679431 2.703653 8.363218
69.902 -1.155992 -1.674380 2.703653 8.375128
70.002 -1.167131 -1.669066 2.684455 8.387469
70.102 -1.185827 -1.659467 2.647628 8.408486
70.202 -1.196133 -1.653665 2.617783 8.420312
70.302 -1.211093 -1.644515 2.579561 8.437849
70.402 -1.221214 -1.637714 2.498926 8.450043
70.502 -1.224171 -1.635289 2.422306 8.453867
70.602 -1.226208 -1.633337 2.342021 8.456688
70.702 -1.224452 -1.635628 2.184942 8.459574
70.802 -1.223316 -1.637432 2.097675 8.461707
70.902 -1.222627 -1.638786 2.008663 8.463226
71.002 -1.386776 -1.632003 1.570436 8.627515
71.102 -1.386706 -1.630675 1.488406 8.628844
71.202 -1.386515 -1.629299 1.404630 8.630233
71.303 -1.383779 -1.618360 1.273730 8.641509
71.402 -1.380973 -1.610600 1.196936 8.649761
71.503 -1.366742 -1.570977 1.131802 8.691862
71.602 -1.358915 -1.556652 1.032318 8.708186
71.703 -1.351842 -1.545779 0.972977 8.721158
71.802 -1.341531 -1.531889 0.899673 8.738456
71.904 -1.335109 -1.524378 0.840332 8.748339
72.002 -1.329699 -1.518682 0.791463 8.756194
72.102 -1.321457 -1.510959 0.723395 8.767489
72.202 -1.314327 -1.505126 0.662308 8.776701
72.302 -1.301567 -1.490185 0.619695 8.796349
72.402 -1.275470 -1.458057 0.582285 8.837741
72.502 -1.264994 -1.451719 0.517708 8.849984
72.609 -1.258615 -1.448307 0.475820 8.857219
72.704 -1.249945 -1.444172 0.423460 8.866824
72.802 -1.241107 -1.440588 0.329213 8.876362
72.902 -1.240726 -1.440450 0.245437 8.876767
73.002 -1.260823 -1.432574 0.184921 8.898352
73.102 -1.264702 -1.431858 0.042932 8.902296
73.202 -1.266544 -1.431835 -0.037353 8.904138
73.302 -1.268883 -1.431629 -0.129856 8.906486
73.402 -1.272045 -1.430960 -0.257265 8.909718
73.502 -1.273783 -1.430393 -0.349593 8.911547
73.602 -1.270798 -1.455351 -0.458112 8.936683
73.702 -1.273445 -1.453784 -0.582031 8.939758
73.802 -1.274795 -1.452786 -0.662316 8.941438
73.904 -1.276038 -1.451731 -0.744346 8.943068
74.002 -1.277354 -1.450301 -0.890954 8.945011
74.103 -1.277759 -1.449756 -0.974730 8.945690
74.202 -1.351200 -1.453967 -1.043798 9.019252
74.304 -1.354393 -1.455844 -1.201638 9.022956
74.402 -1.354195 -1.456431 -1.269706 9.023576
74.504 -1.289396 -1.489750 -1.458977 9.096439
74.602 -1.289056 -1.493814 -1.493883 9.100517
74.702 -1.288670 -1.501363 -1.532280 9.108077
74.803 -1.288450 -1.517013 -1.561951 9.123728
74.902 -1.288489 -1.529331 -1.579404 9.136046
75.002 -1.288649 -1.543368 -1.582895 9.150084
75.102 -1.247074 -1.575491 -1.560939 9.202623
75.202 -1.246935 -1.591249 -1.560939 9.218382
75.303 -1.246784 -1.606069 -1.559194 9.233203
75.404 -1.246655 -1.617128 -1.559194 9.244262
75.502 -1.246474 -1.632736 -1.559194 9.259871
75.602 -1.246288 -1.650510 -1.562684 9.277646
75.702 -1.246193 -1.662274 -1.562684 9.289410
75.809 -1.246070 -1.677422 -1.562684 9.304559
75.902 -1.245946 -1.695144 -1.562684 9.322281
76.002 -1.245872 -1.706833 -1.564430 9.333971
76.102 -1.245814 -1.718181 -1.566175 9.345318
76.202 -1.245718 -1.738913 -1.566175 9.366050
76.302 -1.245668 -1.750766 -1.567920 9.377904
76.403 -1.245628 -1.762707 -1.571411 9.389845
76.502 -1.245974 -1.783445 -1.597591 9.410586
76.602 -1.246337 -1.794758 -1.604572 9.421905
76.702 -1.246788 -1.805808 -1.615044 9.432964
76.802 -1.247814 -1.825058 -1.632498 9.452242
76.902 -1.248660 -1.837125 -1.649951 9.464338
77.002 -1.249588 -1.848384 -1.655187 9.475635
77.103 -1.251317 -1.868231 -1.660423 9.495557
77.202 -1.252401 -1.880065 -1.662168 9.507441
77.302 -1.253512 -1.891898 -1.665659 9.519326
77.402 -1.255533 -1.912437 -1.670895 9.539964
77.503 -1.256716 -1.924017 -1.672640 9.551604
77.602 -1.257975 -1.935982 -1.677876 9.563635
77.703 -1.260228 -1.955597 -1.690093 9.583379
77.802 -1.261670 -1.966840 -1.700565 9.594715
77.903 -1.263323 -1.979086 -1.707547 9.607071
78.016 -1.266177 -1.999083 -1.718019 9.627271
78.103 -1.267933 -2.010750 -1.721509 9.639069
78.202 -1.210771 -2.038934 -1.807923 9.702802
78.302 -1.215623 -2.058647 -1.814904 9.723104
78.402 -1.218411 -2.069841 -1.814904 9.734639
78.502 -1.221219 -2.081137 -1.814904 9.746280
78.602 -1.226251 -2.101074 -1.823631 9.766842
78.708 -1.229207 -2.112352 -1.828867 9.778500
78.802 -1.232354 -2.124210 -1.830612 9.790769
78.902 -1.237549 -2.143658 -1.832358 9.810899
79.002 -1.240648 -2.155231 -1.832358 9.822880
79.102 -1.243465 -2.165813 -1.830612 9.833831
79.202 -1.248009 -2.182908 -1.830612 9.851519
79.302 -1.252464 -2.199763 -1.828867 9.868953
79.402 -1.254581 -2.207744 -1.828867 9.877210
79.502 -1.258926 -2.224207 -1.828867 9.894237
79.602 -1.262797 -2.239036 -1.820140 9.909562
79.702 -1.264332 -2.245081 -1.818395 9.915799
79.802 -1.267739 -2.258785 -1.813159 9.929921
79.902 -1.272002 -2.276333 -1.806178 9.947979
80.002 -1.273977 -2.284612 -1.804432 9.956490
80.102 -1.277895 -2.301312 -1.799196 9.973644
80.202 -1.281092 -2.315788 -1.778252 9.988468
80.302 -1.282376 -2.321994 -1.773016 9.994806
80.402 -1.285380 -2.337318 -1.755563 10.010422
80.502 -1.288613 -2.355307 -1.743346 10.028699
80.602 -1.290158 -2.364361 -1.739855 10.037884
80.702 -1.293110 -2.382093 -1.734619 10.055859
80.802 -1.295826 -2.399853 -1.715421 10.073826
80.902 -1.297033 -2.408523 -1.703203 10.082580
81.003 -1.298575 -2.420379 -1.701458 10.094535
81.102 -1.301284 -2.441485 -1.697967 10.115815
81.204 -1.302668 -2.452900 -1.685750 10.127314
81.305 -1.253979 -2.452971 -1.540719 10.176003
81.402 -1.253524 -2.469644 -1.547701 10.192682
81.507 -1.253353 -2.477628 -1.551191 10.200668
81.602 -1.253114 -2.493975 -1.556427 10.217016
81.705 -1.252892 -2.512032 -1.559918 10.235075
81.802 -1.252824 -2.520507 -1.565154 10.243551
81.902 -1.252749 -2.538230 -1.568645 10.261274
82.002 -1.252773 -2.556140 -1.575626 10.279184
82.102 -1.252829 -2.564733 -1.579117 10.287776
82.202 -1.252940 -2.576263 -1.580862 10.299308
82.302 -1.253184 -2.596938 -1.584353 10.319983
82.402 -1.253332 -2.608436 -1.575626 10.331482
82.502 -1.253285 -2.623814 -1.563409 10.346860
82.602 -1.252890 -2.639521 -1.530247 10.362573
82.702 -1.252490 -2.647628 -1.516285 10.370689
82.802 -1.251304 -2.664242 -1.491850 10.387346
82.904 -1.249857 -2.679241 -1.467415 10.402414
83.002 -1.248635 -2.690520 -1.458689 10.413760
83.103 -1.246638 -2.707165 -1.446472 10.430524
83.206 -1.244170 -2.723727 -1.404584 10.447268
83.303 -1.242816 -2.731374 -1.388876 10.455034
83.408 -1.239519 -2.747436 -1.362696 10.471431
83.502 -1.236419 -2.761341 -1.348733 10.485678
83.602 -1.233799 -2.772160 -1.326044 10.496810
83.702 -1.229585 -2.787753 -1.290963 10.512962
83.802 -1.226737 -2.797370 -1.282236 10.522991
83.902 -1.222108 -2.812858 -1.278571 10.539157
84.002 -1.219384 -2.821898 -1.276826 10.548598
84.104 -1.216735 -2.830590 -1.274906 10.557685
84.202 -1.213308 -2.841746 -1.271240 10.569356
84.302 -1.209155 -2.854960 -1.263910 10.583206
84.402 -1.194790 -2.863595 -1.246298 10.599968
84.502 -1.113689 -2.867688 -1.176588 10.681171
84.602 -1.109791 -2.877265 -1.201022 10.691512
84.703 -1.107807 -2.882572 -1.223537 10.697177
84.804 -1.105966 -2.887810 -1.232264 10.702730
84.902 -1.105719 -2.888509 -1.232264 10.703471
85.002 -1.105786 -2.888321 -1.232264 10.703671
85.102 -1.105786 -2.888321 -1.232264 10.703671
85.202 -1.105786 -2.888321 -1.232264 10.703671
85.302 -1.105786 -2.888321 -1.232264 10.703671
85.403 -1.105786 -2.888321 -1.232264 10.703671
85.502 -1.105786 -2.888321 -1.232264 10.703671
85.602 -1.105786 -2.888321 -1.232264 10.703671
85.702 -1.105786 -2.888321 -1.232264 10.703671
85.806 -1.105786 -2.888321 -1.232264 10.703671
85.902 -1.105786 -2.888321 -1.232264 10.703671
86.002 -1.105786 -2.888321 -1.232264 10.703671
86.104 -1.105786 -2.888321 -1.232264 10.703671
86.202 -1.105786 -2.888321 -1.232264 10.703671
86.302 -1.105786 -2.888321 -1.232264 10.703671
86.402 -1.105026 -2.890413 -1.218126 10.705897
86.502 -1.100775 -2.901609 -1.198753 10.717873
86.602 -1.097513 -2.909909 -1.195088 10.726791
86.704 -1.092687 -2.921976 -1.186187 10.739787
86.802 -1.087096 -2.935499 -1.177111 10.754420
86.903 -1.083467 -2.944023 -1.166465 10.763685
87.002 -1.080048 -2.951836 -1.153898 10.772213
87.102 -1.073986 -2.965298 -1.141506 10.786977
87.202 -1.070674 -2.972469 -1.135921 10.794877
87.308 -1.065711 -2.983038 -1.121784 10.806552
87.402 -1.064221 -2.986002 -1.076406 10.809870
87.502 -1.054650 -2.984549 -1.011897 10.819549
87.602 -1.018513 -2.969133 -0.880385 10.858838
87.702 -1.018395 -2.969272 -0.833261 10.859019
87.805 -1.018515 -2.969140 -0.798354 10.859198
87.904 -1.018044 -2.969609 -0.763448 10.859862
88.004 -1.017984 -2.969663 -0.742504 10.859944
88.102 -1.018072 -2.969582 -0.742504 10.860064
88.203 -1.018102 -2.969555 -0.742504 10.860104
88.302 -1.018102 -2.969555 -0.742504 10.860104
88.402 -1.018102 -2.969555 -0.744249 10.860104
88.502 -1.018146 -2.969514 -0.744249 10.860164
88.602 -1.018146 -2.969514 -0.745995 10.860164
88.702 -1.018117 -2.969541 -0.745995 10.860204
88.802 -1.018057 -2.969597 -0.747740 10.860285
88.902 -1.017912 -2.969732 -0.752976 10.860484
89.002 -1.017796 -2.969842 -0.758212 10.860644
89.102 -1.017622 -2.970008 -0.761703 10.860884
89.203 -1.017393 -2.970228 -0.766939 10.861202
89.302 -1.017220 -2.970395 -0.770429 10.861442
89.402 -1.017048 -2.970563 -0.775665 10.861683
89.502 -1.017019 -2.970592 -0.780901 10.861724
89.602 -1.017005 -2.970606 -0.786137 10.861743
89.702 -1.016991 -2.970619 -0.789628 10.861763
89.805 -1.016962 -2.970649 -0.793118 10.861804
89.902 -1.016948 -2.970663 -0.794864 10.861824
90.002 -1.016892 -2.970720 -0.800100 10.861904
90.102 -1.016994 -2.970616 -0.794864 10.862050
90.202 -1.016727 -2.970888 -0.794864 10.862431
90.302 -1.008258 -2.979477 -0.793118 10.874493
90.402 -1.002703 -2.985104 -0.789628 10.882400
90.502 -0.997087 -2.990788 -0.791373 10.890390
90.602 -0.986942 -3.001054 -0.791373 10.904824
90.702 -0.989578 -2.998619 -0.827138 10.908412
90.802 -0.983137 -3.005632 -0.827138 10.917934
90.904 -0.975112 -3.014336 -0.825393 10.929773
91.002 -0.969785 -3.020131 -0.828883 10.937644
91.102 -0.962849 -3.027661 -0.825393 10.947882
91.202 -0.954868 -3.036306 -0.823647 10.959648
91.302 -0.949508 -3.042093 -0.823647 10.967536
91.402 -0.941310 -3.050964 -0.825393 10.979615
91.502 -0.934743 -3.058059 -0.823647 10.989282
91.602 -0.929346 -3.063885 -0.823647 10.997224
91.702 -0.921404 -3.072458 -0.823647 11.008910
91.805 -0.916106 -3.078179 -0.823647 11.016708
91.902 -0.915405 -3.078935 -0.823647 11.017738
92.002 -0.915459 -3.078876 -0.823647 11.017819
92.102 -0.915350 -3.078994 -0.827138 11.017979
92.202 -0.915296 -3.079053 -0.828883 11.018059
92.303 -0.915229 -3.079127 -0.830629 11.018159
92.402 -0.915148 -3.079216 -0.835865 11.018279
92.502 -0.915094 -3.079276 -0.837610 11.018361
92.602 -0.915093 -3.079277 -0.842846 11.018362
92.702 -0.915066 -3.079307 -0.844591 11.018402
92.813 -0.915198 -3.079158 -0.846337 11.018601
92.902 -0.915251 -3.079098 -0.848082 11.018681
93.002 -0.915251 -3.079098 -0.849827 11.018681
# not grasped