# t_sec x y yaw_rad cum_dist_m
0.103 0.001564 0.001070 0.004687 0.000000
0.202 0.000001 0.001070 0.004687 0.001563
0.303 -0.000219 0.001067 0.018825 0.001783
0.402 -0.000299 0.001065 0.038023 0.001863
0.502 -0.000338 0.001063 0.071185 0.001902
0.602 -0.000316 0.001065 0.114818 0.001924
0.702 -0.000198 0.001080 0.130700 0.002043
0.802 -0.000276 0.001066 0.160371 0.002122
0.902 -0.000553 0.001017 0.207495 0.002403
1.002 -0.000397 0.001054 0.237165 0.002563
1.102 -0.000337 0.001068 0.261774 0.002624
1.203 -0.000541 0.001003 0.298601 0.002838
1.302 -0.001019 0.000850 0.328272 0.003340
1.402 0.000051 0.001243 0.368414 0.004480
1.502 -0.000454 0.001035 0.410302 0.005027
1.602 -0.000255 0.001126 0.438227 0.005246
1.702 -0.000037 0.001233 0.467898 0.005488
1.802 -0.000349 0.001060 0.513276 0.005844
1.903 -0.000100 0.001208 0.542773 0.006134
2.006 -0.000156 0.001170 0.579599 0.006201
2.104 -0.000031 0.001259 0.623232 0.006354
2.202 -0.000034 0.001256 0.654648 0.006358
2.306 -0.000140 0.001173 0.684319 0.006493
2.403 -0.000198 0.001123 0.710499 0.006569
2.503 -0.000234 0.001089 0.748896 0.006619
2.602 -0.035456 0.016721 0.798805 0.045154
2.702 -0.035576 0.016595 0.823239 0.045329
2.802 -0.035429 0.016762 0.851165 0.045551
2.903 -0.035608 0.016538 0.901779 0.045837
3.002 -0.035473 0.016714 0.931450 0.046059
3.102 -0.035355 0.016875 0.969847 0.046259
3.202 -0.035460 0.016721 1.013480 0.046446
3.302 -0.035337 0.016925 1.034424 0.046685
3.402 -0.035388 0.016836 1.083119 0.046788
3.502 -0.035325 0.016961 1.111219 0.046928
3.602 -0.035279 0.017054 1.139144 0.047032
3.702 -0.035408 0.016760 1.177541 0.047352
3.802 -0.035315 0.017002 1.212273 0.047612
3.902 -0.035023 0.013775 1.241094 0.050852
4.002 -0.034965 0.012994 1.280647 0.051636
4.104 -0.034888 0.013261 1.318869 0.051913
4.202 -0.034954 0.012992 1.348715 0.052190
4.302 -0.034896 0.013287 1.392348 0.052491
4.402 -0.034902 0.013245 1.418528 0.052533
4.502 -0.034882 0.013404 1.449944 0.052693
4.602 -0.034908 0.013126 1.483105 0.052973
4.702 -0.034910 0.013165 1.521502 0.053012
4.802 -0.034901 0.013405 1.545937 0.053252
4.902 -0.034897 0.013145 1.589570 0.053513
5.004 -0.034890 0.012857 1.624477 0.053800
5.102 -0.034900 0.012997 1.650657 0.053940
5.203 -0.034903 0.013065 1.696035 0.054009
5.302 -0.034914 0.013139 1.727451 0.054083
5.402 -0.034915 0.013136 1.751886 0.054087
5.502 -0.032481 0.036403 1.796042 0.077481
5.602 -0.032457 0.036306 1.825713 0.077581
5.702 -0.032385 0.036057 1.855384 0.077840
5.802 -0.032422 0.036171 1.886800 0.077960
5.906 -0.032456 0.036262 1.925197 0.078056
6.002 -0.032506 0.036392 1.953122 0.078196
6.102 -0.032518 0.036409 2.000246 0.078216
6.202 -0.032405 0.036179 2.029917 0.078472
6.305 -0.032274 0.035922 2.064823 0.078761
6.402 -0.032497 0.036318 2.091003 0.079215
6.502 -0.032411 0.036183 2.131146 0.079375
6.602 -0.032380 0.036131 2.160816 0.079436
6.703 -0.032480 0.036279 2.206020 0.079615
6.802 -0.032530 0.036341 2.236040 0.079694
6.902 -0.052066 0.059827 2.214036 0.110243
7.002 -0.054627 0.062886 2.252355 0.114232
7.102 -0.054934 0.063250 2.283771 0.114709
7.202 -0.054987 0.063310 2.309951 0.114789
7.302 -0.054751 0.063059 2.335956 0.115134
7.402 -0.055037 0.063338 2.381509 0.115534
7.502 -0.054765 0.063094 2.414496 0.115900
7.602 -0.054692 0.063030 2.448006 0.115997
7.702 -0.054876 0.063185 2.484658 0.116238
7.802 -0.054851 0.063159 2.514154 0.116274
7.903 -0.055014 0.063275 2.542254 0.116474
8.002 -0.054421 0.062902 2.586062 0.117175
8.102 -0.054750 0.063095 2.615558 0.117556
8.202 -0.055123 0.063309 2.648719 0.117986
8.302 -0.053622 0.072601 2.684204 0.127399
8.402 -0.050700 0.094547 2.714002 0.149538
8.502 -0.050792 0.094587 2.740182 0.149638
8.602 -0.050923 0.094637 2.785560 0.149779
8.702 -0.050595 0.094523 2.809995 0.150126
8.802 -0.050359 0.094442 2.846647 0.150376
8.902 -0.050573 0.094505 2.888535 0.150600
9.003 -0.050437 0.094473 2.926932 0.150740
9.102 -0.050716 0.094529 2.951367 0.151025
9.202 -0.050597 0.094508 2.982783 0.151146
9.302 -0.050714 0.094522 3.028161 0.151264
9.402 -0.050537 0.094507 3.057832 0.151442
9.504 -0.050221 0.094485 3.087502 0.151759
9.602 -0.050897 0.094502 3.129390 0.152434
9.702 -0.050896 0.094502 -3.129361 0.152435
9.802 -0.050274 0.094523 -3.092709 0.153058
9.902 -0.050710 0.094493 -3.057802 0.153495
10.002 -0.059131 0.098754 -2.995196 0.162934
10.103 -0.059565 0.098681 -2.962035 0.163373
10.202 -0.059505 0.098692 -2.937426 0.163434
10.302 -0.059464 0.098700 -2.902519 0.163477
10.402 -0.059410 0.098717 -2.865867 0.163533
10.503 -0.059485 0.098695 -2.832532 0.163611
10.603 -0.059580 0.098661 -2.795880 0.163712
10.705 -0.059578 0.098663 -2.769700 0.163714
10.808 -0.059023 0.098880 -2.762718 0.164310
10.902 -0.058629 0.099040 -2.734619 0.164736
11.002 -0.058717 0.099002 -2.716991 0.164832
11.102 -0.058742 0.098988 -2.685575 0.164860
11.202 -0.058868 0.098926 -2.638276 0.165001
11.302 -0.058833 0.098945 -2.610351 0.165041
11.403 -0.058919 0.098894 -2.587487 0.165141
11.502 -0.050051 0.085239 -2.533816 0.181423
11.602 -0.033748 0.060988 -2.504748 0.210645
11.702 -0.033779 0.060962 -2.475252 0.210685
11.811 -0.033857 0.060895 -2.426383 0.210788
11.902 -0.033665 0.061071 -2.398458 0.211048
12.009 -0.033373 0.061348 -2.368787 0.211451
12.102 -0.033703 0.061010 -2.319918 0.211923
12.202 -0.033715 0.060996 -2.293738 0.211942
12.304 -0.033761 0.060936 -2.250105 0.212017
12.402 -0.033614 0.061126 -2.218689 0.212257
12.504 -0.033661 0.061062 -2.194254 0.212337
12.602 -0.033653 0.061079 -2.147130 0.212356
12.704 -0.033695 0.061011 -2.108733 0.212436
12.802 -0.033787 0.060855 -2.084299 0.212617
12.904 -0.033691 0.061032 -2.040665 0.212818
13.004 -0.033573 0.061272 -2.004013 0.213086
13.102 -0.048639 0.100101 -1.931894 0.254735
13.202 -0.049367 0.101788 -1.884317 0.256573
13.302 -0.049379 0.101750 -1.854646 0.256613
13.402 -0.049357 0.101824 -1.809268 0.256690
13.502 -0.049400 0.101623 -1.772616 0.256896
13.602 -0.049394 0.101665 -1.746436 0.256938
13.702 -0.049369 0.101823 -1.699312 0.257098
13.802 -0.049411 0.101464 -1.664405 0.257459
13.902 -0.049407 0.101505 -1.643461 0.257500
14.002 -0.049396 0.101724 -1.592847 0.257719
14.102 -0.049397 0.101755 -1.559686 0.257751
14.202 -0.049389 0.101515 -1.533506 0.257991
14.302 -0.049406 0.101796 -1.488127 0.258273
14.402 -0.037669 0.088903 -1.418553 0.275709
14.504 -0.021134 0.070628 -1.337705 0.300354
14.602 -0.021075 0.070393 -1.316412 0.300596
14.703 -0.021317 0.071196 -1.267543 0.301434
14.802 -0.021226 0.070933 -1.234207 0.301712
14.905 -0.021034 0.070409 -1.209598 0.302270
15.002 -0.021067 0.070508 -1.155667 0.302374
15.105 -0.021083 0.070544 -1.129487 0.302414
15.207 -0.021093 0.070562 -1.103307 0.302434
15.302 -0.020981 0.070344 -1.050947 0.302678
15.402 -0.021104 0.070550 -1.023022 0.302918
15.503 -0.021265 0.070807 -0.995097 0.303221
15.604 -0.021085 0.070544 -0.942737 0.303539
15.703 -0.021326 0.070864 -0.913066 0.303939
15.802 -0.021301 0.070832 -0.883396 0.303979
15.902 -0.021105 0.070604 -0.841508 0.304280
16.007 -0.017608 0.067850 -0.797511 0.308732
16.104 -0.017770 0.068016 -0.759114 0.308965
16.202 -0.017738 0.067995 -0.717051 0.309003
16.303 -0.017727 0.067987 -0.689300 0.309017
16.412 -0.017919 0.068129 -0.650903 0.309257
16.502 -0.017907 0.068122 -0.609015 0.309270
16.602 -0.017592 0.067909 -0.577425 0.309650
16.710 -0.017804 0.068036 -0.533966 0.309897
16.802 -0.018136 0.068229 -0.500805 0.310281
16.902 -0.017959 0.068136 -0.471134 0.310480
17.002 -0.017761 0.068039 -0.436228 0.310701
17.102 -0.018037 0.068156 -0.392594 0.311000
17.202 -0.017831 0.068074 -0.362749 0.311222
17.302 -0.017680 0.068020 -0.334999 0.311382
17.403 -0.021980 0.062873 -0.290623 0.318089
17.502 -0.021730 0.062803 -0.267934 0.318349
17.603 -0.021517 0.062745 -0.238263 0.318570
17.702 -0.021751 0.062802 -0.185903 0.318811
17.802 -0.021493 0.062756 -0.163214 0.319073
17.902 -0.021825 0.062805 -0.124817 0.319408
18.002 -0.021268 0.062752 -0.082929 0.319966
18.102 -0.021870 0.062787 -0.048022 0.320569
18.205 -0.022115 0.062796 -0.018352 0.320815
18.306 -0.021611 0.062794 0.020046 0.321319
18.402 -0.021125 0.062804 0.020046 0.321805
18.502 -0.020510 0.062816 0.016555 0.322420
18.602 -0.020330 0.062819 0.016555 0.322600
18.702 -0.020270 0.062820 0.016555 0.322660
18.803 -0.020270 0.062820 0.016555 0.322660
18.902 -0.020270 0.062820 0.016555 0.322660
19.003 -0.020270 0.062820 0.016555 0.322660
19.103 -0.020270 0.062820 0.016555 0.322660
19.202 -0.020270 0.062820 0.016555 0.322660
19.303 -0.020270 0.062820 0.016555 0.322660
19.403 -0.020270 0.062820 0.016555 0.322660
19.506 -0.020270 0.062820 0.016555 0.322660
19.603 -0.020270 0.062820 0.016555 0.322660
19.703 -0.020270 0.062820 0.016555 0.322660
19.802 -0.020270 0.062820 0.016555 0.322660
19.902 -0.020270 0.062820 0.016555 0.322660
20.003 -0.020270 0.062820 0.016555 0.322660
20.102 -0.020270 0.062820 0.016555 0.322660
20.204 -0.020896 0.062802 0.030518 0.323286
20.302 -0.022875 0.062679 0.079387 0.325269
20.402 -0.024988 0.062473 0.178871 0.327392
20.502 -0.018380 0.053251 0.256954 0.338738
20.602 -0.002927 0.005016 0.338511 0.389387
20.702 0.008216 0.009883 0.455448 0.401546
20.802 0.016331 0.014367 0.535733 0.410818
20.902 0.027284 0.021782 0.629806 0.424045
21.002 0.039607 0.031884 0.724228 0.439979
21.104 0.054627 0.046929 0.823712 0.461239
21.203 0.063273 0.056865 0.874327 0.474409
21.302 0.070821 0.066550 0.930177 0.486689
21.403 0.072144 0.115010 1.044547 0.535167
21.502 0.069273 0.151160 1.112032 0.571431
21.603 0.074198 0.161965 1.159156 0.583305
21.702 0.081225 0.180139 1.234205 0.602791
21.803 0.084605 0.190731 1.277839 0.613909
21.902 0.087969 0.203029 1.323217 0.626659
22.002 0.091284 0.218021 1.365280 0.642012
22.102 0.093511 0.229980 1.398441 0.654177
22.202 0.095779 0.244405 1.426366 0.668779
22.302 0.096314 0.261783 1.415604 0.686166
22.402 0.098649 0.282020 1.449259 0.706537
22.503 0.099818 0.292846 1.470203 0.717426
22.602 0.100726 0.303863 1.499874 0.728480
22.702 0.101586 0.321136 1.534780 0.745775
22.803 0.101867 0.338759 1.573178 0.763400
22.902 0.101737 0.347313 1.590631 0.771954
23.002 0.100948 0.365206 1.630773 0.789865
23.103 0.099671 0.381515 1.662189 0.806224
23.206 0.099136 0.386841 1.672661 0.811577
23.302 0.096531 0.407664 1.712804 0.832562
23.402 0.094641 0.419471 1.737238 0.844520
23.502 0.091225 0.437274 1.773890 0.862647
23.605 0.088971 0.447462 1.794834 0.873081
23.702 0.086562 0.457645 1.808797 0.883545
23.802 0.081847 0.475726 1.838468 0.902232
23.902 0.070275 0.496887 1.846148 0.926349
24.002 0.036716 0.545073 1.839321 0.985070
24.102 0.031942 0.560085 1.903898 1.000823
24.203 0.028091 0.570443 1.940550 1.011874
24.302 0.020544 0.589605 1.949276 1.032469
24.402 0.016311 0.600183 1.952767 1.043862
24.502 0.012192 0.610399 1.954512 1.054877
24.602 0.008048 0.620598 1.958003 1.065886
24.702 0.000435 0.639430 1.952767 1.086199
24.803 -0.003963 0.650419 1.951022 1.098035
24.902 -0.009051 0.663149 1.951022 1.111744
25.003 -0.015130 0.678373 1.949276 1.128136
25.103 -0.019585 0.689577 1.949276 1.140194
25.203 -0.024803 0.702765 1.947531 1.154377
25.308 -0.031001 0.718432 1.947531 1.171225
25.406 -0.034893 0.728308 1.945786 1.181840
25.504 -0.041962 0.746345 1.944040 1.201213
25.603 -0.045879 0.756400 1.942295 1.212005
25.702 -0.049786 0.766466 1.940550 1.222802
25.807 -0.056472 0.783771 1.937059 1.241353
25.905 -0.060499 0.794297 1.935314 1.252623
26.003 -0.064489 0.804795 1.933568 1.263854
26.103 -0.071552 0.823891 1.919606 1.284215
26.202 -0.075437 0.834899 1.907388 1.295888
26.303 -0.078913 0.844943 1.902152 1.306517
26.406 -0.082851 0.856735 1.888190 1.318949
26.503 -0.088120 0.873082 1.877718 1.336124
26.602 -0.091460 0.883770 1.868991 1.347322
26.707 -0.095353 0.897003 1.849793 1.361115
26.817 -0.099172 0.911010 1.828849 1.375634
26.903 -0.103448 0.927811 1.813141 1.392971
27.003 -0.106755 0.941622 1.800923 1.407171
27.102 -0.140662 0.906875 1.764577 1.455721
27.202 -0.144706 0.918254 1.758053 1.467797
27.302 -0.148123 0.935299 1.775506 1.485181
27.402 -0.150577 0.946989 1.778997 1.497126
27.502 -0.153749 0.961824 1.782487 1.512296
27.602 -0.157555 0.979147 1.787723 1.530033
27.702 -0.160145 0.990774 1.791214 1.541945
27.802 -0.163341 1.004925 1.798195 1.556452
27.902 -0.167278 1.020759 1.824375 1.572768
28.002 -0.170324 1.031871 1.843574 1.584290
28.102 -0.173547 1.043316 1.847065 1.596180
28.202 -0.179195 1.062956 1.857537 1.616616
28.303 -0.182564 1.074078 1.869754 1.628237
28.403 -0.187662 1.090025 1.883716 1.644980
28.502 -0.192238 1.104069 1.887207 1.659750
28.604 -0.195971 1.115288 1.892443 1.671574
28.704 -0.199772 1.126644 1.894188 1.683549
28.802 -0.206330 1.146115 1.897679 1.704095
28.902 -0.210060 1.157115 1.897679 1.715710
29.002 -0.215552 1.173299 1.899424 1.732801
29.102 -0.220352 1.187423 1.899424 1.747718
29.202 -0.223924 1.197901 1.901170 1.758788
29.303 -0.229612 1.213823 1.918623 1.775695
29.403 -0.233592 1.224727 1.922114 1.787303
29.502 -0.239696 1.241294 1.925604 1.804958
29.602 -0.244765 1.254931 1.927350 1.819507
29.702 -0.248494 1.264916 1.929095 1.830166
29.805 -0.254247 1.280280 1.929095 1.846572
29.902 -0.258473 1.291566 1.929095 1.858623
30.002 -0.264714 1.308232 1.929095 1.876419
30.103 -0.269762 1.321663 1.932586 1.890767
30.203 -0.273804 1.332430 1.929095 1.902268
30.303 -0.279991 1.349009 1.927350 1.919964
30.402 -0.358613 1.350453 1.990613 1.998599
30.502 -0.370810 1.364435 1.988731 2.017153
30.621 -0.375865 1.376104 1.966041 2.029870
30.703 -0.379240 1.384935 1.918917 2.039324
30.802 -0.381279 1.391085 1.877030 2.045803
30.902 -0.383073 1.397209 1.840378 2.052185
31.004 -0.384848 1.404305 1.807216 2.059499
31.104 -0.385734 1.407951 1.808962 2.063252
31.202 -0.385849 1.408441 1.786272 2.063755
31.302 -0.385899 1.408693 1.754857 2.064012
31.402 -0.385900 1.408693 1.719950 2.064012
31.502 -0.385894 1.408675 1.671081 2.064031
31.602 -0.385876 1.408453 1.655373 2.064253
31.702 -0.385879 1.408493 1.655373 2.064293
31.802 -0.385879 1.408493 1.655373 2.064293
31.902 -0.385879 1.408493 1.655373 2.064293
32.002 -0.385891 1.408634 1.655373 2.064435
32.102 -0.386488 1.416003 1.650137 2.071828
32.202 -0.387098 1.424328 1.639665 2.080175
32.302 -0.387791 1.436998 1.618721 2.092864
32.402 -0.388294 1.455072 1.582069 2.110945
32.502 -0.388434 1.466644 1.582069 2.122518
32.603 -0.388528 1.478102 1.578578 2.133976
32.702 -0.388572 1.498066 1.568106 2.153940
32.802 -0.388471 1.509142 1.557634 2.165017
32.907 -0.388311 1.520505 1.555889 2.176381
33.005 -0.387935 1.541296 1.550653 2.197176
33.103 -0.387549 1.552777 1.527964 2.208663
33.202 -0.386778 1.567350 1.510510 2.223256
33.303 -0.425755 1.619762 1.444892 2.288573
33.402 -0.424218 1.631656 1.439656 2.300566
33.503 -0.422406 1.645389 1.439656 2.314417
33.602 -0.420297 1.661383 1.439656 2.330551
33.704 -0.418704 1.673301 1.437911 2.342574
33.804 -0.417119 1.685074 1.436165 2.354453
33.903 -0.414178 1.706789 1.436165 2.376366
34.002 -0.412611 1.718205 1.434420 2.387890
34.102 -0.410650 1.732688 1.436165 2.402505
34.202 -0.408384 1.749637 1.437911 2.419604
34.302 -0.406852 1.761250 1.441401 2.431319
34.402 -0.404582 1.778816 1.443147 2.449031
34.502 -0.402802 1.792841 1.444892 2.463168
34.602 -0.401391 1.804182 1.448382 2.474596
34.702 -0.399638 1.818144 1.444892 2.488668
34.802 -0.397454 1.835281 1.443147 2.505943
34.902 -0.396005 1.846458 1.441401 2.517214
35.002 -0.394506 1.857904 1.439656 2.528758
35.102 -0.391807 1.877902 1.434420 2.548938
35.202 -0.390173 1.889697 1.430929 2.560845
35.303 -0.388150 1.903997 1.429184 2.575287
35.402 -0.385606 1.921655 1.425693 2.593128
35.502 -0.383964 1.932920 1.425693 2.604512
35.602 -0.381887 1.947063 1.423948 2.618806
35.702 -0.379252 1.965092 1.427439 2.637026
35.803 -0.377581 1.976710 1.427439 2.648765
35.903 -0.375955 1.988189 1.430929 2.660358
36.003 -0.374015 2.002031 1.432675 2.674335
36.102 -0.371650 2.018892 1.430929 2.691361
36.202 -0.369977 2.030779 1.430929 2.703365
36.303 -0.366885 2.051097 1.411731 2.723917
36.402 -0.403459 2.070379 1.375729 2.765263
36.502 -0.400467 2.085295 1.372064 2.780476
36.602 -0.397504 2.099812 1.368399 2.795292
36.702 -0.394426 2.114066 1.352342 2.809875
36.803 -0.390400 2.131268 1.332969 2.827542
36.902 -0.386964 2.145441 1.332969 2.842125
37.002 -0.384214 2.156677 1.329304 2.853693
37.103 -0.379911 2.174011 1.325638 2.871553
37.202 -0.376325 2.188210 1.321973 2.886198
37.302 -0.373426 2.199600 1.320228 2.897951
37.402 -0.369705 2.214024 1.318308 2.912848
37.502 -0.365324 2.230859 1.314643 2.930243
37.603 -0.362320 2.242328 1.314643 2.942099
37.702 -0.359421 2.253206 1.309407 2.953357
37.802 -0.354468 2.271602 1.307487 2.972408
37.903 -0.351416 2.282923 1.307487 2.984133
38.002 -0.348178 2.294932 1.307487 2.996571
38.102 -0.343837 2.311038 1.307487 3.013252
38.202 -0.340978 2.321643 1.307487 3.024235
38.302 -0.336253 2.339718 1.321450 3.042918
38.402 -0.333497 2.350753 1.328780 3.054291
38.502 -0.330688 2.362132 1.328780 3.066012
38.602 -0.325756 2.382457 1.334365 3.086927
38.702 -0.323208 2.393301 1.343266 3.098067
38.802 -0.320805 2.403871 1.352167 3.108906
38.903 -0.316486 2.423304 1.350248 3.128813
39.003 -0.314027 2.434159 1.346582 3.139943
39.103 -0.311050 2.446791 1.332445 3.152921
39.203 -0.307505 2.461089 1.325115 3.167652
39.303 -0.304628 2.472182 1.314468 3.179112
39.403 -0.301445 2.484177 1.309232 3.191522
39.502 -0.313331 2.531233 1.259091 3.240057
39.603 -0.326130 2.566499 1.220860 3.277573
39.702 -0.322607 2.575845 1.203232 3.287561
39.802 -0.319095 2.584590 1.176878 3.296985
39.903 -0.316843 2.590015 1.180543 3.302858
40.002 -0.316652 2.590479 1.180543 3.303360
40.102 -0.316810 2.590070 1.231158 3.303799
40.202 -0.316728 2.590317 1.262573 3.304059
40.302 -0.316750 2.590225 1.295560 3.304152
40.402 -0.316801 2.590069 1.339193 3.304316
40.503 -0.316812 2.589985 1.384747 3.304402
40.606 -0.316768 2.590309 1.433616 3.304729
40.702 -0.316770 2.590294 1.433616 3.304744
40.802 -0.316776 2.590254 1.433616 3.304784
40.902 -0.316776 2.590254 1.433616 3.304784
41.002 -0.316770 2.590293 1.433616 3.304823
41.103 -0.316909 2.589517 1.389982 3.305611
41.202 -0.317593 2.586495 1.297480 3.308710
41.302 -0.317045 2.588062 1.215450 3.310370
41.403 -0.315740 2.591047 1.128183 3.313627
41.503 -0.311470 2.598108 0.974594 3.321879
41.603 -0.307212 2.603669 0.885582 3.328883
41.702 -0.302218 2.609097 0.794825 3.336259
41.802 -0.286218 2.615197 0.652526 3.353382
41.902 -0.252204 2.592402 0.449227 3.394329
42.002 -0.238228 2.598100 0.346427 3.409422
42.103 -0.229377 2.600935 0.292322 3.418716
42.203 -0.220245 2.603270 0.220764 3.428141
42.302 -0.198533 2.624001 0.193604 3.458161
42.403 -0.178613 2.631255 0.128015 3.479361
42.503 -0.165730 2.632486 0.065183 3.492303
42.602 -0.157317 2.632763 0.014568 3.500721
42.703 -0.142119 2.632162 -0.072698 3.515931
42.802 -0.127443 2.630438 -0.147747 3.530707
42.902 -0.116314 2.628376 -0.203598 3.542025
43.003 -0.128474 2.689257 -0.366731 3.604109
43.102 -0.115575 2.683833 -0.415600 3.618101
43.202 -0.104759 2.678764 -0.450507 3.630046
43.302 -0.087159 2.669356 -0.522065 3.650003
43.403 -0.077310 2.663330 -0.565699 3.661549
43.502 -0.068445 2.657384 -0.605841 3.672223
43.603 -0.056427 2.648389 -0.666928 3.687235
43.702 -0.048285 2.641624 -0.708816 3.697821
43.806 -0.006695 2.644793 -0.764405 3.739531
43.902 0.018116 2.647717 -0.793097 3.764514
44.005 0.025525 2.639845 -0.829748 3.775324
44.102 0.034949 2.628885 -0.876872 3.789777
44.203 0.044203 2.617107 -0.923996 3.804756
44.302 0.048820 2.610790 -0.948431 3.812581
44.402 0.057681 2.597598 -0.999045 3.828473
44.503 0.065187 2.585330 -1.039188 3.842855
44.602 0.068882 2.578841 -1.060132 3.850322
44.702 0.075868 2.565353 -1.115982 3.865511
44.802 0.081776 2.552394 -1.163106 3.879754
44.902 0.085861 2.542402 -1.192777 3.890549
45.002 0.091358 2.527459 -1.238155 3.906471
45.103 0.099826 2.513015 -1.239862 3.923214
45.202 0.118739 2.493202 -1.219138 3.950605
45.303 0.123798 2.479413 -1.219138 3.965293
45.419 0.127940 2.468126 -1.219138 3.977316
45.502 0.133761 2.452448 -1.212157 3.994040
45.602 0.136547 2.445017 -1.212157 4.001975
45.702 0.139216 2.438688 -1.151070 4.008844
45.803 0.143617 2.429945 -1.063804 4.018632
45.902 0.149849 2.420125 -0.967811 4.030263
46.004 0.158822 2.408704 -0.864836 4.044787
46.102 0.166730 2.400368 -0.781060 4.056278
46.213 0.182070 2.387453 -0.637943 4.076330
46.303 0.187260 2.383844 -0.597801 4.082652
46.403 0.204884 2.373773 -0.461665 4.102950
46.502 0.215702 2.369016 -0.388361 4.114768
46.603 0.237988 2.374643 -0.231352 4.137754
46.702 0.254410 2.375248 -0.045401 4.154186
46.802 0.268088 2.375243 0.029648 4.167864
46.903 0.285186 2.376459 0.092480 4.185006
47.005 0.297302 2.377941 0.136113 4.197212
47.102 0.311104 2.380347 0.198945 4.211222
47.202 0.328243 2.384625 0.273994 4.228887
47.302 0.343453 2.392240 0.264705 4.245897
47.404 0.356869 2.396221 0.317327 4.259890
47.502 0.372349 2.402057 0.392376 4.276434
47.604 0.383602 2.407164 0.446481 4.288792
47.702 0.395774 2.413529 0.500587 4.302527
47.803 0.408001 2.420767 0.556437 4.316736
47.902 0.422195 2.430199 0.610542 4.333778
48.002 0.433320 2.438455 0.655921 4.347632
48.102 0.449162 2.478702 0.665894 4.390885
48.203 0.461267 2.491271 0.705353 4.408335
48.302 0.472926 2.501724 0.752477 4.423994
48.402 0.479695 2.508331 0.785638 4.433453
48.502 0.486198 2.515089 0.817054 4.442831
48.602 0.499018 2.529516 0.865923 4.462131
48.702 0.505755 2.537652 0.888613 4.472695
48.803 0.515094 2.549625 0.921774 4.487879
48.902 0.521394 2.558210 0.947954 4.498528
49.002 0.527813 2.567452 0.972388 4.509780
49.103 0.538058 2.583245 1.012531 4.528605
49.202 0.543544 2.592200 1.029984 4.539107
49.302 0.548916 2.601390 1.047437 4.549752
49.402 0.558547 2.618878 1.084089 4.569716
49.502 0.496208 2.650405 1.148209 4.639574
49.609 0.497600 2.664689 1.163759 4.653926
49.703 0.504459 2.680356 1.153113 4.671029
49.803 0.509477 2.691407 1.140721 4.683166
49.902 0.515536 2.704276 1.125013 4.697390
50.012 0.523360 2.719836 1.091852 4.714806
50.109 0.528869 2.730132 1.069162 4.726483
50.202 0.535568 2.742045 1.051709 4.740150
50.303 0.544008 2.756322 1.029020 4.756735
50.404 0.549877 2.765887 1.018548 4.767957
50.502 0.555797 2.775277 1.002840 4.779058
50.602 0.566937 2.792487 0.988877 4.799559
50.702 0.572853 2.801463 0.985386 4.810309
50.802 0.579964 2.812157 0.981896 4.823151
50.902 0.588056 2.824137 0.971424 4.837608
51.002 0.592801 2.831049 0.964443 4.845992
51.102 0.595580 2.834773 0.885903 4.850639
51.202 0.595549 2.834742 0.791655 4.850683
51.302 0.595609 2.834797 0.719922 4.850764
51.402 0.595526 2.834718 0.611886 4.850879
51.538 0.595608 2.834767 0.524620 4.850975
51.603 0.595554 2.834735 0.458297 4.851037
51.720 0.595649 2.834771 0.367540 4.851138
51.803 0.595549 2.834751 0.262820 4.851241
51.902 0.621584 2.895044 0.101824 4.916914
52.002 0.622139 2.896217 0.012573 4.918212
52.103 0.620434 2.896280 -0.048513 4.919919
52.202 0.618155 2.896447 -0.085165 4.922204
52.302 0.615227 2.896712 -0.086910 4.925144
52.402 0.613338 2.896865 -0.074519 4.927039
52.502 0.612585 2.896898 -0.016923 4.927793
52.603 0.608410 2.839942 0.093132 4.984902
52.702 0.610490 2.839817 0.196436 4.986985
52.803 0.615655 2.841085 0.269740 4.992304
52.903 0.623705 2.843853 0.362242 5.000816
53.002 0.639131 2.850891 0.475689 5.017772
53.102 0.649888 2.856957 0.533285 5.030121
53.202 0.664325 2.866367 0.606588 5.047354
53.302 0.678912 2.877588 0.697171 5.065758
53.402 0.686880 2.884789 0.760177 5.076498
53.502 0.694699 2.892816 0.819519 5.087703
53.602 0.659260 2.975791 0.994065 5.177930
53.703 0.665157 2.985424 1.037698 5.189225
53.802 0.670245 2.994661 1.084822 5.199771
53.902 0.678144 3.011236 1.152890 5.218131
54.002 0.682231 3.021107 1.193032 5.228815
54.102 0.685950 3.031156 1.229684 5.239530
54.202 0.692057 3.050618 1.292516 5.259928
54.302 0.695137 3.061636 1.323854 5.271368
54.402 0.696858 3.053245 1.352800 5.279934
54.502 0.700555 3.072454 1.403589 5.299496
54.602 0.702139 3.082975 1.431339 5.310135
54.702 0.703514 3.094160 1.455949 5.321404
54.804 0.705461 3.115093 1.492949 5.342427
54.903 0.706238 3.127157 1.517384 5.354516
55.002 0.706741 3.138512 1.529601 5.365883
55.102 0.707272 3.158132 1.557527 5.385510
55.202 0.707349 3.168117 1.571489 5.395496
55.303 0.707277 3.179237 1.580216 5.406616
55.402 0.706849 3.200255 1.599415 5.427638
55.502 0.706433 3.211542 1.611632 5.438932
55.602 0.705969 3.221781 1.620359 5.449182
55.702 0.704700 3.241674 1.643048 5.469115
55.803 0.703811 3.253406 1.648284 5.480881
55.902 0.702912 3.264493 1.655265 5.492004
56.002 0.691829 3.298811 1.702130 5.528068
56.102 0.690305 3.310187 1.705620 5.539545
56.202 0.688709 3.321771 1.709111 5.551238
56.302 0.685436 3.340842 1.778924 5.570589
56.402 0.682943 3.351168 1.827793 5.581211
56.509 0.679798 3.362486 1.841756 5.592958
56.602 0.675861 3.376526 1.845247 5.607540
56.702 0.671165 3.393095 1.846992 5.624761
56.802 0.668268 3.403315 1.846992 5.635384
56.903 0.662320 3.422211 1.909824 5.655194
57.003 0.658077 3.433224 1.956948 5.666996
57.102 0.653489 3.443924 1.974401 5.678638
57.204 0.646176 3.460895 1.979637 5.697118
57.303 0.641298 3.471784 1.993600 5.709049
57.402 0.636391 3.482440 2.005817 5.720781
57.502 0.628044 3.500080 2.019780 5.740296
57.602 0.623560 3.509292 2.026761 5.750541
57.703 0.618715 3.518630 2.072140 5.761062
57.802 0.609293 3.534207 2.150679 5.779266
57.902 0.603780 3.542180 2.194313 5.788960
58.002 0.598056 3.549699 2.237946 5.798410
58.102 0.587158 3.562451 2.304268 5.815184
58.202 0.582517 3.567407 2.332194 5.821973
58.306 0.571355 3.578417 2.384553 5.837653
58.403 0.565803 3.583514 2.410733 5.845189
58.502 0.557149 3.590879 2.455937 5.856553
58.602 0.482905 3.570615 2.594505 5.933512
58.703 0.474651 3.575480 2.606722 5.943093
58.802 0.473309 3.576294 2.585429 5.944663
58.902 0.472916 3.576548 2.566056 5.945132
59.003 0.472901 3.576554 2.541621 5.945147
59.102 0.473273 3.576289 2.476870 5.945604
59.202 0.473506 3.576097 2.445628 5.945906
59.302 0.473795 3.575857 2.445628 5.946281
59.402 0.473795 3.575857 2.445628 5.946281
59.502 0.473795 3.575857 2.445628 5.946281
59.603 0.474064 3.575632 2.445628 5.946632
59.703 0.474957 3.574824 2.393268 5.947836
59.804 0.476261 3.573529 2.344399 5.949674
59.902 0.476765 3.572977 2.269350 5.950422
60.002 0.477159 3.572392 2.117506 5.951127
60.102 0.477311 3.572079 2.026749 5.951475
60.202 0.478142 3.570098 1.937737 5.953623
60.302 0.479012 3.567361 1.820800 5.956494
60.402 0.479511 3.564466 1.684665 5.959433
60.502 0.479594 3.563090 1.597398 5.960811
60.602 0.479529 3.561671 1.485697 5.962232
60.702 0.483157 3.574976 1.321627 5.976023
60.802 0.488472 3.582905 1.047609 5.985569
60.903 0.492901 3.589272 0.918455 5.993325
61.006 0.497284 3.594456 0.846896 6.000113
61.102 0.511841 3.614647 0.792521 6.025004
61.202 0.527789 3.630982 0.688937 6.047834
61.303 0.541953 3.641247 0.582472 6.065326
61.402 0.549760 3.646006 0.528366 6.074470
61.502 0.556387 3.659734 0.421145 6.089713
61.602 0.525487 3.689750 0.362400 6.132793
61.702 0.538480 3.693958 0.285605 6.146451
61.804 0.549726 3.696805 0.228009 6.158051
61.902 0.561279 3.699104 0.177395 6.169832
62.003 0.575023 3.701081 0.121544 6.183717
62.102 0.590842 3.716534 0.093035 6.205831
62.202 0.610814 3.721794 0.034632 6.226484
62.302 0.622240 3.721912 -0.003765 6.237910
62.402 0.633531 3.721574 -0.045653 6.249206
62.502 0.653562 3.719915 -0.108311 6.269306
62.603 0.664373 3.718488 -0.143392 6.280211
62.702 0.678141 3.716165 -0.183534 6.294173
62.802 0.695161 3.712489 -0.232404 6.311586
62.902 0.706516 3.709554 -0.262074 6.323314
63.003 0.720538 3.705565 -0.291745 6.337892
63.102 0.744667 3.741066 -0.277850 6.380817
63.202 0.762998 3.742072 -0.321083 6.399175
63.302 0.773518 3.738345 -0.350928 6.410336
63.402 0.792435 3.730657 -0.415505 6.430755
63.503 0.802208 3.726074 -0.450412 6.441550
63.603 0.814496 3.719801 -0.487064 6.455346
63.702 0.828925 3.711776 -0.523716 6.471857
63.803 0.838934 3.705726 -0.555132 6.483552
63.903 0.852757 3.696697 -0.590038 6.500063
64.003 0.859929 3.691723 -0.612728 6.508791
64.103 0.873431 3.681755 -0.654615 6.525574
64.204 0.885945 3.671905 -0.679399 6.541500
64.302 0.892021 3.666916 -0.688126 6.549361
64.403 0.905339 3.655861 -0.695456 6.566670
64.502 0.913490 3.650478 -0.702689 6.576437
64.602 0.912256 3.656131 -0.705966 6.582224
64.702 0.925393 3.644536 -0.732146 6.599747
64.805 0.935815 3.634973 -0.751345 6.613890
64.902 0.943724 3.627456 -0.763562 6.624802
65.002 0.956300 3.615211 -0.779270 6.642354
65.102 0.968843 3.602682 -0.786252 6.660084
65.202 0.975470 3.596036 -0.787997 6.669469
65.302 0.987923 3.583518 -0.786252 6.687126
65.402 0.996114 3.575351 -0.782761 6.698693
65.502 1.011105 3.560571 -0.779270 6.719745
65.603 1.019635 3.552093 -0.782761 6.731771
65.702 1.027908 3.543869 -0.781016 6.743437
65.810 1.037085 3.534947 -0.768798 6.756236
65.902 1.048490 3.524153 -0.751345 6.771939
66.002 1.056757 3.516564 -0.737382 6.783161
66.102 1.071510 3.503539 -0.711202 6.802841
66.202 1.080031 3.496400 -0.688513 6.813957
66.304 1.088745 3.489396 -0.669140 6.825137
66.402 1.100525 3.480434 -0.639295 6.839939
66.502 1.114959 3.470223 -0.602468 6.857619
66.608 1.123756 3.464317 -0.581524 6.868215
66.702 1.132461 3.458727 -0.565467 6.878560
66.802 1.149396 3.448477 -0.528815 6.898356
66.902 1.159187 3.442856 -0.513107 6.909645
67.003 1.169607 3.437172 -0.490418 6.921515
67.103 1.187692 3.427974 -0.452021 6.941804
67.205 1.198111 3.423091 -0.429332 6.953311
67.302 1.208892 3.418344 -0.403152 6.965091
67.402 1.226871 3.410932 -0.380462 6.984537
67.502 1.237118 3.406979 -0.364580 6.995521
67.602 1.253659 3.400952 -0.336655 7.013126
67.703 1.479050 3.359608 -0.350386 7.242277
67.803 1.489530 3.355937 -0.331187 7.253382
67.902 1.500349 3.352259 -0.324206 7.264809
68.002 1.519416 3.345835 -0.324206 7.284929
68.102 1.530648 3.342049 -0.324206 7.296782
68.202 1.541459 3.338416 -0.324206 7.308186
68.304 1.560825 3.331919 -0.318970 7.328614
68.406 1.571930 3.328251 -0.318970 7.340309
68.502 1.583037 3.324648 -0.313734 7.351986
68.607 1.602141 3.318439 -0.315479 7.372073
68.704 1.613304 3.314806 -0.315479 7.383812
68.803 1.624331 3.311207 -0.315479 7.395411
68.903 1.644461 3.304598 -0.317224 7.416599
69.006 1.655617 3.300930 -0.318970 7.428343
69.103 1.669667 3.296290 -0.318970 7.443139
69.205 1.683720 3.291655 -0.317224 7.457936
69.302 1.700768 3.286053 -0.318970 7.475881
69.402 1.712312 3.282240 -0.318970 7.488039
69.503 1.722349 3.278915 -0.320715 7.498612
69.603 1.738062 3.273565 -0.335027 7.515211
69.703 1.751536 3.268846 -0.335027 7.529487
69.805 1.762869 3.264900 -0.335027 7.541487
69.902 1.780153 3.259013 -0.324206 7.559747
70.002 1.792383 3.254944 -0.317224 7.572636
70.102 1.802718 3.251567 -0.317224 7.583509
70.202 1.816218 3.247113 -0.320715 7.597725
70.303 1.828761 3.242911 -0.322635 7.610953
70.402 1.845715 3.237319 -0.317399 7.628805
70.504 1.859688 3.232789 -0.308672 7.643494
70.604 1.871174 3.229154 -0.305182 7.655542
70.702 1.885646 3.224717 -0.296455 7.670678
70.802 1.902352 3.219587 -0.298200 7.688154
70.902 1.909330 3.362631 -0.220233 7.831368
71.002 1.925797 3.365604 -0.218148 7.848101
71.102 1.940197 3.362286 -0.246074 7.862879
71.202 1.951079 3.359228 -0.289707 7.874182
71.302 1.966969 3.353744 -0.364756 7.890991
71.403 1.978740 3.348723 -0.427588 7.903789
71.502 1.987723 3.344285 -0.474712 7.913809
71.603 1.998863 3.338166 -0.521836 7.926519
71.703 2.011668 3.330248 -0.574195 7.941574
71.802 2.019115 3.325234 -0.605611 7.950551
71.902 2.028601 3.318308 -0.647499 7.962297
72.003 2.039234 3.309901 -0.686071 7.975852
72.103 2.045990 3.304156 -0.712251 7.984721
72.202 2.051470 3.299262 -0.740176 7.992068
72.302 2.060853 3.290326 -0.776828 8.005025
72.403 2.066288 3.284838 -0.799517 8.012748
72.502 2.071338 3.279469 -0.823952 8.020119
72.603 2.082072 3.267159 -0.874567 8.036453
72.702 2.110191 3.309479 -0.929841 8.087263
72.806 2.117153 3.300989 -0.954651 8.098242
72.903 2.128352 3.284061 -1.005266 8.118540
73.003 2.134041 3.274877 -1.022719 8.129343
73.102 2.139715 3.265274 -1.045409 8.140497
73.202 2.148064 3.250131 -1.083806 8.157788
73.304 2.152590 3.241277 -1.103179 8.167733
73.402 2.157567 3.231129 -1.120807 8.179035
73.504 2.166111 3.212887 -1.138609 8.199179
73.604 2.170404 3.203323 -1.152921 8.209662
73.704 2.174425 3.194178 -1.160251 8.219652
73.802 2.182396 3.175566 -1.169152 8.239899
73.907 2.186846 3.165006 -1.172818 8.251359
74.002 2.191488 3.153910 -1.176483 8.263386
74.102 2.199467 3.134533 -1.185384 8.284342
74.202 2.203917 3.123511 -1.187129 8.296228
74.302 2.209528 3.109447 -1.192714 8.311370
74.402 2.215683 3.093772 -1.198125 8.328210
74.504 2.220663 3.080855 -1.205455 8.342054
74.603 2.224980 3.069539 -1.209120 8.354165
74.703 2.231082 3.053286 -1.214706 8.371527
74.802 2.235916 3.040171 -1.220116 8.385504
74.902 2.239487 3.030337 -1.223781 8.395966
75.002 2.244442 3.016591 -1.227446 8.410578
75.102 2.250390 2.999875 -1.231112 8.428321
75.202 2.254282 2.988766 -1.234777 8.440092
75.302 2.259110 2.974727 -1.245598 8.454938
75.402 2.264212 2.959379 -1.254674 8.471112
75.502 2.267608 2.948789 -1.263575 8.482233
75.603 2.271829 2.935400 -1.267240 8.496271
75.703 2.302311 2.918669 -1.328598 8.531043
75.804 2.326826 2.899803 -1.393453 8.561977
75.905 2.329257 2.886041 -1.396943 8.575952
76.002 2.332341 2.868420 -1.398689 8.593841
76.102 2.334326 2.857033 -1.396943 8.605400
76.203 2.336686 2.843595 -1.396943 8.619043
76.303 2.339641 2.826937 -1.395198 8.635961
76.402 2.341684 2.815449 -1.393453 8.647629
76.502 2.343830 2.803384 -1.393453 8.659884
76.602 2.347346 2.784023 -1.389962 8.679562
76.702 2.349267 2.773543 -1.388217 8.690216
76.802 2.352432 2.756346 -1.388217 8.707702
76.902 2.355058 2.742063 -1.388217 8.722224
77.002 2.357187 2.730443 -1.391707 8.734038
77.102 2.359685 2.716675 -1.391707 8.748030
77.202 2.362716 2.699844 -1.393453 8.765132
77.302 2.364840 2.687904 -1.395198 8.777259
77.402 2.367337 2.673568 -1.400434 8.791812
77.502 2.370168 2.656828 -1.405670 8.808789
77.602 2.371708 2.647228 -1.414397 8.818512
77.702 2.373218 2.637517 -1.417887 8.828340
77.802 2.375343 2.621939 -1.442322 8.844062
77.902 2.376370 2.613409 -1.452794 8.852653
78.003 2.377701 2.601493 -1.463266 8.864644
78.102 2.378540 2.593136 -1.471993 8.873042
78.209 2.378728 2.591239 -1.471993 8.874949
78.302 2.378641 2.592061 -1.435341 8.875775
78.403 2.378736 2.591473 -1.374254 8.876371
78.503 2.378688 2.591620 -1.295714 8.876527
78.602 2.378655 2.591737 -1.252081 8.876648
78.703 2.379051 2.590765 -1.168305 8.877697
78.802 2.422271 2.542095 -1.149071 8.942787
78.902 2.460288 2.495455 -1.141381 9.002959
79.003 2.465624 2.484508 -1.104555 9.015137
79.102 2.474339 2.468428 -1.052370 9.033427
79.202 2.480072 2.458888 -1.019208 9.044557
79.303 2.488094 2.446558 -0.972084 9.059267
79.402 2.496569 2.435248 -0.898781 9.073400
79.508 2.507539 2.422694 -0.818496 9.090072
79.603 2.514634 2.415575 -0.766136 9.100123
79.702 2.526309 2.405255 -0.692832 9.115704
79.802 2.551057 2.385842 -0.633139 9.147159
79.902 2.571448 2.370674 -0.582514 9.172572
80.002 2.586369 2.361417 -0.533470 9.190131
80.102 2.593950 2.357095 -0.509210 9.198858
80.209 2.609496 2.348985 -0.462086 9.216392
80.302 2.625782 2.341492 -0.411472 9.234319
80.402 2.636094 2.337171 -0.390528 9.245499
80.502 2.649726 2.331893 -0.353876 9.260117
80.603 2.663920 2.327130 -0.306752 9.275090
80.702 2.680665 2.322445 -0.249156 9.292477
80.802 2.712744 2.313392 -0.275876 9.325809
80.902 2.729529 2.309133 -0.233988 9.343127
81.002 2.740878 2.306563 -0.216535 9.354763
81.106 2.754761 2.303691 -0.199082 9.368940
81.202 2.760289 2.302576 -0.199082 9.374579
81.302 2.760857 2.302462 -0.197336 9.375158
81.404 2.774635 2.299940 -0.167491 9.389165
81.502 2.791506 2.297458 -0.130839 9.406218
81.602 2.798511 2.296645 -0.107975 9.413270
81.703 2.813703 2.295379 -0.071323 9.428514
81.802 2.831846 2.294468 -0.038162 9.446680
81.902 2.840231 2.294266 -0.020709 9.455068
82.003 2.850466 2.294036 -0.022454 9.465305
82.102 2.850845 2.294028 -0.022454 9.465685
82.203 2.850804 2.294029 -0.022454 9.465727
82.303 2.850761 2.294030 -0.022454 9.465769
82.403 2.850761 2.294030 -0.022454 9.465769
82.504 2.850761 2.294030 -0.022454 9.465769
82.602 2.850761 2.294030 -0.022454 9.465769
82.703 2.850761 2.294030 -0.022454 9.465769
82.803 2.850761 2.294030 -0.022454 9.465769
82.902 2.850761 2.294030 -0.022454 9.465769
83.003 2.850761 2.294030 -0.022454 9.465769
83.102 2.850761 2.294030 -0.022454 9.465769
83.212 2.850761 2.294030 -0.022454 9.465769
83.302 2.850761 2.294030 -0.022454 9.465769
83.402 2.850761 2.294030 -0.022454 9.465769
83.502 2.850761 2.294030 -0.022454 9.465769
83.602 2.850761 2.294030 -0.022454 9.465769
83.702 2.850761 2.294030 -0.022454 9.465769
83.803 2.850761 2.294030 -0.022454 9.465769
83.904 2.850761 2.294030 -0.022454 9.465769
84.002 2.813030 2.289864 -0.003510 9.503729
84.102 2.813030 2.289864 -0.003510 9.503729
84.202 2.813030 2.289864 -0.003510 9.503729
84.331 2.813030 2.289864 -0.003510 9.503729
84.402 2.813030 2.289864 -0.003510 9.503729
84.503 2.813030 2.289864 -0.003510 9.503729
84.604 2.813030 2.289864 -0.003510 9.503729
84.710 2.813030 2.289864 -0.003510 9.503729
84.803 2.813030 2.289864 -0.003510 9.503729
84.902 2.813030 2.289864 -0.003510 9.503729
85.002 2.813030 2.289864 -0.003510 9.503729
85.102 2.813030 2.289864 -0.003510 9.503729
85.217 2.813030 2.289864 -0.003510 9.503729
85.302 2.813030 2.289864 -0.003510 9.503729
85.403 2.813030 2.289864 -0.003510 9.503729
85.503 2.813030 2.289864 -0.003510 9.503729
85.602 2.813030 2.289864 -0.003510 9.503729
85.702 2.813030 2.289864 -0.003510 9.503729
85.803 2.813030 2.289864 -0.003510 9.503729
85.902 2.813030 2.289864 -0.003510 9.503729
86.002 2.813030 2.289864 -0.003510 9.503729
86.102 2.813030 2.289864 -0.003510 9.503729
86.202 2.813030 2.289864 -0.003510 9.503729
86.302 2.815172 2.289825 -0.026200 9.505871
86.403 2.824134 2.289294 -0.078559 9.514849
86.502 2.831621 2.288505 -0.125683 9.522378
86.602 2.847711 2.285690 -0.204223 9.538712
86.702 2.861872 2.282258 -0.258328 9.553282
86.802 2.872588 2.279086 -0.305452 9.564459
86.902 2.888328 2.273442 -0.368284 9.581180
87.003 2.901816 2.267843 -0.411917 9.595783
87.102 2.951602 2.257948 -0.495661 9.646544
87.202 2.973306 2.247707 -0.553248 9.670543
87.302 2.982968 2.241500 -0.584664 9.682026
87.402 2.997307 2.231479 -0.628297 9.699520
87.502 3.009555 2.222167 -0.661458 9.714905
87.602 3.018316 2.215176 -0.679261 9.726114
87.702 3.029565 2.205777 -0.705441 9.740773
87.802 3.041718 2.195130 -0.730050 9.756930
87.902 3.049423 2.188132 -0.742616 9.767339
88.002 3.057932 2.180249 -0.749947 9.778938
88.103 3.073190 2.165774 -0.766004 9.799970
88.203 3.081489 2.157689 -0.776476 9.811556
88.302 3.089590 2.149620 -0.788693 9.822991
88.408 3.117147 2.137661 -0.746856 9.853030
88.503 3.125027 2.130260 -0.757328 9.863841
88.605 3.133659 2.121876 -0.776526 9.875874
88.707 3.148292 2.106956 -0.807942 9.896772
88.802 3.156451 2.098335 -0.818414 9.908642
88.903 3.168210 2.085625 -0.825395 9.925957
89.002 3.178422 2.074500 -0.828886 9.941059
89.102 3.186248 2.065962 -0.828886 9.952641
89.203 3.198188 2.052767 -0.837613 9.970436
89.303 3.207939 2.041862 -0.844594 9.985064
89.402 3.215722 2.033022 -0.851575 9.996843
89.502 3.225403 2.021849 -0.860302 10.011626
89.602 3.236736 2.008631 -0.865538 10.029038
89.703 3.244310 1.999725 -0.867283 10.040729
89.802 3.252059 1.990591 -0.867283 10.052707
89.902 3.265549 1.974616 -0.869029 10.073615
90.002 3.273489 1.965339 -0.858557 10.085827
90.102 3.281226 1.956426 -0.853321 10.097629
90.202 3.294705 1.940933 -0.855066 10.118165
90.302 3.302281 1.932205 -0.856811 10.129722
90.402 3.312978 1.919787 -0.862047 10.146112
90.502 3.319792 1.911840 -0.862047 10.156580
90.602 3.327588 1.902714 -0.863793 10.168583
90.702 3.340966 1.887017 -0.865538 10.189207
90.805 3.348828 1.877790 -0.863793 10.201330
90.902 3.356389 1.868905 -0.865538 10.212996
91.006 3.369825 1.853123 -0.863793 10.233724
91.102 3.377413 1.844225 -0.863793 10.245417
91.202 3.384959 1.835322 -0.869029 10.257089
91.302 3.398453 1.819385 -0.869029 10.277970
91.403 3.406039 1.810324 -0.876010 10.289787
91.502 3.463782 1.814497 -0.908338 10.347681
91.602 3.514040 1.806933 -0.934481 10.398505
91.702 3.520957 1.797530 -0.941462 10.410178
91.802 3.530523 1.784229 -0.953680 10.426562
91.903 3.536740 1.775344 -0.965897 10.437406
92.002 3.546059 1.761531 -0.986841 10.454069
92.106 3.554095 1.749138 -1.004294 10.468839
92.205 3.560219 1.739264 -1.023493 10.480458
92.302 3.567810 1.726399 -1.047928 10.495396
92.402 3.574637 1.714185 -1.070617 10.509389
92.502 3.582150 1.700064 -1.081089 10.525383
92.604 3.585559 1.693693 -1.079344 10.532609
92.702 3.594035 1.678183 -1.075853 10.550284
92.805 3.599042 1.668778 -1.082834 10.560939
92.902 3.606771 1.653741 -1.109014 10.577846
93.003 3.611711 1.643623 -1.123151 10.589105
93.102 3.618701 1.628325 -1.153171 10.605924
93.202 3.624176 1.615535 -1.174289 10.619837
93.303 3.628436 1.605040 -1.186507 10.631164
93.403 3.635214 1.588408 -1.182842 10.649124
93.503 3.640728 1.574983 -1.179176 10.663637
93.605 3.645230 1.564298 -1.170275 10.675232
93.704 3.652164 1.548301 -1.157883 10.692667
93.805 3.658084 1.534787 -1.157883 10.707421
93.902 3.662714 1.524219 -1.157883 10.718958
94.003 3.668091 1.511945 -1.157883 10.732359
94.103 3.674128 1.498164 -1.157883 10.747404
94.202 3.677404 1.490688 -1.157883 10.755566
94.303 3.681127 1.482273 -1.135194 10.764768
94.402 3.681290 1.481925 -1.119312 10.765152
94.502 3.681248 1.482014 -1.063461 10.765251
94.603 3.683442 1.482000 -1.027694 10.767445
94.702 3.759515 1.501313 -1.029272 10.845931
94.803 3.760001 1.500586 -0.966440 10.846805
94.902 3.759792 1.500871 -0.926298 10.847159
95.003 3.759928 1.500699 -0.889646 10.847378
95.102 3.759957 1.500658 -0.858230 10.847428
95.202 3.759852 1.500780 -0.858230 10.847589
95.302 3.759852 1.500780 -0.858230 10.847589
95.402 3.759852 1.500780 -0.858230 10.847589
95.502 3.760273 1.500298 -0.851248 10.848228
95.603 3.766596 1.493412 -0.812851 10.857577
95.702 3.774435 1.485455 -0.777945 10.868747
95.807 3.782918 1.477416 -0.746529 10.880434
95.902 3.790922 1.470314 -0.713367 10.891134
96.002 3.805505 1.458576 -0.650536 10.909854
96.106 3.814234 1.452218 -0.617374 10.920654
96.202 3.822550 1.446519 -0.591194 10.930735
96.302 3.832702 1.440021 -0.558033 10.942788
96.402 3.836318 1.447388 -0.452369 10.950995
96.502 3.847524 1.442199 -0.424444 10.963343
96.602 3.866313 1.434136 -0.394773 10.983790
96.702 3.877092 1.429738 -0.382556 10.995431
96.803 3.887771 1.425739 -0.345904 11.006835
96.903 3.906052 1.419723 -0.298780 11.026080
97.002 3.917395 1.416310 -0.288308 11.037925
97.102 3.928913 1.412923 -0.283072 11.049931
97.202 3.947177 1.408095 -0.244675 11.068823
97.302 3.957933 1.405578 -0.223731 11.079869
97.402 3.969579 1.402928 -0.223731 11.091813
97.502 3.989010 1.398548 -0.213259 11.111731
97.603 3.999353 1.396375 -0.201042 11.122300
97.709 4.010343 1.394244 -0.190570 11.133495
97.803 4.030498 1.390356 -0.190570 11.154021
97.902 4.041611 1.388248 -0.180098 11.165332
98.003 4.052487 1.386293 -0.176433 11.176383
98.102 4.071684 1.383156 -0.150078 11.195834
98.203 4.082740 1.381549 -0.141351 11.207006
98.303 4.094566 1.379950 -0.127389 11.218940
98.402 4.108499 1.378285 -0.116742 11.232972
98.502 4.122311 1.376873 -0.095798 11.246856
98.603 4.142917 1.374751 -0.104525 11.267571
98.702 4.154410 1.373508 -0.106445 11.279131
98.802 4.168238 1.372181 -0.092482 11.293022
98.905 4.184069 1.382695 -0.095933 11.312027
99.002 4.193935 1.392766 -0.105891 11.326125
99.102 4.208289 1.391324 -0.091929 11.340552
99.202 4.226541 1.390014 -0.057022 11.358851
99.302 4.237422 1.389589 -0.027352 11.369741
99.402 4.252365 1.389488 0.007555 11.384683
99.502 4.269942 1.389917 0.019772 11.402266
99.605 4.281127 1.390051 0.007555 11.413452
99.702 4.297988 1.390077 0.003890 11.430313
99.802 4.312871 1.390167 0.007380 11.445196
99.902 4.324330 1.390276 0.010871 11.456655
100.002 4.339161 1.390495 0.016107 11.471488
100.102 4.350732 1.390739 0.023088 11.483062
100.202 4.366175 1.391189 0.031990 11.498512
100.302 4.381556 1.391857 0.046127 11.513907
100.402 4.396102 1.392567 0.049792 11.528470
100.502 4.410874 1.393379 0.063755 11.543264
100.602 4.422943 1.394213 0.072481 11.555362
100.702 4.434637 1.395133 0.081208 11.567092
100.802 4.449380 1.396349 0.082953 11.581885
100.902 4.466684 1.397818 0.084699 11.599252
101.002 4.477736 1.398776 0.086444 11.610345
101.102 4.496579 1.400428 0.091680 11.629261
101.202 4.507268 1.401444 0.097090 11.639997
101.302 4.518302 1.402573 0.104246 11.651089
101.403 4.532367 1.404222 0.123619 11.665250
101.502 4.546748 1.406109 0.132521 11.679755
101.602 4.555972 1.407356 0.136186 11.689063
101.702 4.571018 1.409485 0.141596 11.704258
101.803 4.588067 1.411951 0.145261 11.721485
101.902 4.599867 1.413676 0.147007 11.733410
102.005 4.624005 1.475347 0.202828 11.799636
102.102 4.627561 1.521038 0.226233 11.845466
102.202 4.635707 1.522693 0.184519 11.853779
102.303 4.649654 1.524689 0.111216 11.867868
102.404 4.658312 1.525440 0.070898 11.876558
102.503 4.667029 1.525860 0.034421 11.885286
102.603 4.679502 1.526061 0.004750 11.897760
102.703 4.688064 1.525927 -0.028411 11.906323
102.803 4.694746 1.525615 -0.059827 11.913012
102.902 4.704956 1.524638 -0.120913 11.923268
103.003 4.710979 1.523777 -0.155820 11.929353
103.102 4.719761 1.522120 -0.208180 11.938290
103.208 4.727306 1.520284 -0.262285 11.946055
103.302 4.731355 1.519124 -0.290210 11.950267
103.402 4.739267 1.516489 -0.344315 11.958607
103.502 4.746769 1.513531 -0.401911 11.966671
103.602 4.746989 1.513451 -0.454271 11.966904
103.704 4.743764 1.515230 -0.545028 11.970588
103.802 4.765784 1.524982 -0.708419 11.994670
103.904 4.777226 1.531362 -0.797549 12.007771
104.002 4.775462 1.533458 -0.931940 12.010511
104.102 4.774072 1.535633 -1.047132 12.013092
104.202 4.773091 1.537581 -1.137889 12.015272
104.302 4.772030 1.540455 -1.274024 12.018336
104.405 4.771421 1.543077 -1.387471 12.021028
104.502 4.771224 1.544567 -1.476483 12.022531
104.602 4.792090 1.559976 -1.642032 12.048471
104.703 4.804867 1.569431 -1.737916 12.064365
104.802 4.805150 1.570706 -1.825183 12.065671
104.903 4.805220 1.570916 -1.935139 12.065893
105.003 4.804714 1.571065 -2.059131 12.066420
105.102 4.801466 1.570234 -2.130323 12.069772
105.209 4.799878 1.568282 -2.285658 12.072288
105.302 4.797835 1.566172 -2.376240 12.075226
105.402 4.795587 1.564255 -2.467172 12.078180
105.502 4.793368 1.564901 -2.601350 12.080491
105.602 4.794601 1.573164 -2.707686 12.088845
105.703 4.790762 1.571641 -2.798443 12.092976
105.802 4.779872 1.568781 -2.931088 12.104235
105.902 4.757987 1.566957 -3.040185 12.126196
106.002 4.715082 1.565767 -3.116126 12.169117
106.103 4.698535 1.566527 3.046631 12.185682
106.202 4.684158 1.568707 2.952384 12.200223
106.304 4.672629 1.571436 2.880825 12.212071
106.403 4.656567 1.576724 2.781341 12.228980
106.506 4.645355 1.571689 2.711316 12.241271
106.603 4.639211 1.546328 2.687179 12.267366
106.703 4.623641 1.554724 2.617366 12.285054
106.802 4.613816 1.560845 2.565006 12.296630
106.902 4.602070 1.569180 2.496938 12.311033
107.002 4.589990 1.579057 2.427125 12.326637
107.102 4.582860 1.585603 2.381747 12.336316
107.202 4.540101 1.602613 2.336826 12.382335
107.303 4.528819 1.615221 2.275739 12.399254
107.402 4.522358 1.623291 2.228616 12.409591
107.502 4.514863 1.633699 2.172765 12.422417
107.602 4.505799 1.647984 2.111678 12.439335
107.702 4.500190 1.657899 2.069791 12.450726
107.803 4.494061 1.669872 2.024412 12.464177
107.902 4.487227 1.684912 1.973797 12.480697
108.003 4.482817 1.696006 1.935400 12.492635
108.104 4.478818 1.707315 1.895258 12.504630
108.202 4.446149 1.712358 1.844933 12.537686
108.305 4.443574 1.722315 1.811772 12.547971
108.408 4.441336 1.732233 1.782102 12.558139
108.510 4.439173 1.743251 1.748940 12.569367
108.604 4.436762 1.758885 1.707052 12.585186
108.702 4.434810 1.775831 1.665165 12.602244
108.802 4.433901 1.788957 1.621531 12.615402
108.902 4.433538 1.799817 1.591861 12.626267
109.002 4.433517 1.810921 1.560445 12.637372
109.104 4.434330 1.830646 1.506340 12.657113
109.202 4.435162 1.841455 1.483650 12.667954
109.302 4.436808 1.856461 1.452234 12.683050
109.403 4.438235 1.866891 1.426054 12.693577
109.505 4.440666 1.881121 1.371949 12.708013
109.604 4.428398 1.889929 1.276446 12.723116
109.707 4.399335 1.899772 1.201038 12.753800
109.802 4.399825 1.900937 1.092827 12.755064
109.903 4.399822 1.900929 0.960182 12.755072
110.011 4.400097 1.901273 0.872916 12.755513
110.102 4.400611 1.901784 0.742016 12.756238
110.202 4.402826 1.903577 0.647768 12.759087
110.302 4.405186 1.905184 0.569228 12.761943
110.402 4.408667 1.907125 0.467999 12.765928
110.503 4.420001 1.911667 0.335354 12.778138
110.602 4.430205 1.914642 0.253324 12.788767
110.703 4.427646 1.914087 0.137859 12.791386
110.802 4.428879 1.910668 -0.022490 12.795020
110.903 4.440198 1.909914 -0.094048 12.806364
111.011 4.451152 1.908454 -0.153389 12.817416
111.104 4.469870 1.904490 -0.249382 12.836549
111.204 4.480582 1.901411 -0.296506 12.847694
111.302 4.491341 1.897800 -0.340139 12.859044
111.406 4.505763 1.892154 -0.404717 12.874531
111.502 4.512336 1.889162 -0.441369 12.881753
111.602 4.537962 1.888121 -0.474734 12.907400
111.707 4.567305 1.881843 -0.525508 12.937407
111.807 4.574016 1.877756 -0.558669 12.945265
111.902 4.581063 1.873169 -0.588340 12.953673
112.002 4.593943 1.872448 -0.614963 12.966573
112.102 4.601044 1.878601 -0.607461 12.975969
112.214 4.609450 1.872630 -0.628405 12.986279
112.303 4.621983 1.863138 -0.663312 13.002000
112.402 4.629136 1.857364 -0.687746 13.011193
112.511 4.640228 1.847850 -0.721082 13.025807
112.622 4.649055 1.839896 -0.742200 13.037689
112.702 4.661730 1.827859 -0.768729 13.055168
112.804 4.686695 1.829648 -0.786430 13.080197
112.902 4.719120 1.839204 -0.793961 13.114001
113.002 4.729481 1.828827 -0.781569 13.128665
113.102 4.737462 1.821031 -0.767432 13.139822
113.202 4.751828 1.807511 -0.742997 13.159549
113.303 4.760414 1.799803 -0.727464 13.171087
113.402 4.771536 1.789948 -0.722228 13.185947
113.502 4.784729 1.778509 -0.701110 13.203409
113.602 4.793622 1.771180 -0.682085 13.214933
113.702 4.802492 1.764208 -0.657476 13.226215
113.802 4.818606 1.752407 -0.612272 13.246188
113.902 4.827952 1.745995 -0.593074 13.257522
114.002 4.841464 1.737383 -0.549440 13.273545
114.102 4.852308 1.730906 -0.535478 13.286176
114.202 4.855934 1.728752 -0.537223 13.290394
114.303 4.856153 1.728622 -0.530242 13.290648
114.402 4.871420 1.720622 -0.455193 13.307885
114.502 4.883079 1.715340 -0.407894 13.320684
114.602 4.898613 1.709344 -0.340001 13.337335
114.703 4.909824 1.705717 -0.301604 13.349119
114.802 4.920930 1.702460 -0.271933 13.360692
114.903 4.940115 1.697924 -0.209101 13.380406
115.002 4.951331 1.695808 -0.172449 13.391820
115.102 4.962727 1.694081 -0.137543 13.403346
115.203 5.003984 1.683043 -0.075877 13.446054
115.302 5.014353 1.682392 -0.061915 13.456443
115.402 5.020478 1.682008 -0.063660 13.462580
115.503 5.024071 1.681851 -0.033990 13.466177
115.602 5.033670 1.681826 0.014880 13.475776
115.702 5.047083 1.682579 0.086438 13.489209
115.802 5.064601 1.685028 0.177195 13.506899
115.902 5.076306 1.687562 0.233046 13.518875
116.003 5.088491 1.690846 0.280170 13.531495
116.102 5.107238 1.697144 0.351728 13.551271
116.210 5.117793 1.701316 0.391871 13.562620
116.302 5.128075 1.705825 0.426777 13.573848
116.403 5.136841 1.640573 0.578554 13.639686
116.502 5.146743 1.647448 0.622187 13.651741
116.602 5.158403 1.656285 0.665820 13.666372
116.702 5.171759 1.667512 0.723416 13.683820
116.802 5.180611 1.675722 0.761813 13.695892
116.902 5.188889 1.684025 0.800211 13.707617
117.009 5.202213 1.698661 0.852571 13.727410
117.108 5.209352 1.707150 0.882241 13.738501
117.202 5.216267 1.715877 0.911912 13.749635
117.302 5.230332 1.729221 0.932280 13.769024
117.404 5.236135 1.737309 0.960205 13.778978
117.510 5.241999 1.746004 0.986385 13.789466
117.603 5.252055 1.761954 1.023037 13.808321
117.704 5.258089 1.772123 1.045726 13.820146
117.802 5.266516 1.787345 1.080633 13.837544
117.903 5.271832 1.797675 1.099831 13.849162
118.003 5.277696 1.809454 1.117634 13.862320
118.103 5.284454 1.823706 1.131945 13.878093
118.202 5.288901 1.833449 1.147828 13.888803
118.302 5.293745 1.844568 1.172612 13.900931
118.402 5.295491 1.848965 1.224971 13.905663
118.503 5.295905 1.850198 1.265114 13.906963
118.603 5.295354 1.848108 1.326201 13.909125
118.703 5.294846 1.845793 1.374895 13.911494
118.802 5.294376 1.842571 1.457100 13.914751
118.902 5.294208 1.840795 1.495497 13.916535
119.003 5.272587 1.838755 1.523778 13.938252
119.102 5.263640 1.841069 1.578653 13.947493
119.203 5.263502 1.851110 1.585635 13.957535
119.304 5.263406 1.857039 1.585635 13.963465
119.403 5.263377 1.858245 1.535020 13.964671
119.503 5.263277 1.857115 1.437282 13.965805
119.603 5.263008 1.855583 1.377941 13.967360
119.702 5.262152 1.852439 1.246866 13.970619
119.802 5.261304 1.850390 1.135340 13.972836
119.905 5.259944 1.847953 0.999204 13.975628
120.002 5.266251 1.846267 0.903291 13.982156
120.102 5.305220 1.842848 0.733677 14.021275
120.202 5.303381 1.841420 0.601032 14.023604
120.302 5.302151 1.840670 0.512020 14.025044
120.402 5.299761 1.839532 0.398574 14.027691
120.503 5.297017 1.838638 0.260693 14.030577
120.602 5.295204 1.838244 0.176917 14.032433
120.703 5.292814 1.838008 0.046017 14.034834
120.803 5.302798 1.836073 -0.100862 14.045004
120.904 5.306205 1.834020 -0.218085 14.048981
121.003 5.305059 1.834338 -0.354221 14.050170
121.102 5.305041 1.834344 -0.422289 14.050189
121.203 5.305086 1.883602 -0.537470 14.099447
121.302 5.310264 1.879907 -0.670115 14.105809
121.404 5.314855 1.875903 -0.738183 14.111900
121.502 5.324428 1.865775 -0.869083 14.125837
121.602 5.335462 1.913758 -0.994394 14.175072
121.707 5.340598 1.954336 -1.050541 14.215974
121.802 5.347894 1.938392 -1.202385 14.233507
121.906 5.351355 1.927751 -1.289651 14.244698
122.003 5.354022 1.916620 -1.361210 14.256143
122.106 5.356550 1.899135 -1.472911 14.273810
122.203 5.392061 1.888043 -1.548438 14.311013
122.302 5.391618 1.871602 -1.635704 14.327460
122.403 5.390670 1.861809 -1.686319 14.337299
122.502 5.389206 1.852067 -1.740424 14.347151
122.602 5.384939 1.832683 -1.818964 14.366998
122.706 5.401863 1.857181 -1.821059 14.396773
122.803 5.398796 1.846313 -1.861201 14.408065
122.903 5.394258 1.832882 -1.920542 14.422242
123.002 5.387636 1.816910 -1.990356 14.439533
123.102 5.382556 1.806406 -2.040970 14.451201
123.202 5.372660 1.788870 -2.117765 14.471336
123.302 5.366591 1.779445 -2.156162 14.482546
123.406 5.386595 1.731980 -2.186833 14.534054
123.503 5.385044 1.711473 -2.232450 14.554619
123.603 5.374782 1.699371 -2.300518 14.570487
123.702 5.367427 1.691558 -2.342406 14.581217
123.802 5.357327 1.681844 -2.396511 14.595231
123.902 5.344813 1.671107 -2.455852 14.611719
124.006 5.337104 1.665099 -2.495995 14.621493
124.103 5.327410 1.658195 -2.541199 14.633395
124.202 5.313082 1.648976 -2.591988 14.650432
124.302 5.302934 1.643062 -2.626894 14.662178
124.402 5.299548 1.622502 -2.660588 14.683015
124.503 5.290278 1.617872 -2.690259 14.693377
124.606 5.280440 1.613391 -2.725165 14.704187
124.702 5.264259 1.606717 -2.763562 14.721691
124.802 5.250641 1.601618 -2.794978 14.736231
124.902 5.243510 1.599135 -2.808941 14.743782
125.003 5.237338 1.596989 -2.807021 14.750317
125.103 5.237865 1.597172 -2.807021 14.750876
125.202 5.237960 1.597205 -2.807021 14.750976
125.302 5.237979 1.597212 -2.807021 14.750996
125.402 5.237979 1.597212 -2.807021 14.750996
125.502 5.237979 1.597212 -2.807021 14.750996
125.603 5.237979 1.597212 -2.807021 14.750996
125.702 5.237979 1.597212 -2.807021 14.750996
125.803 5.237979 1.597212 -2.807021 14.750996
125.903 5.237511 1.597049 -2.807021 14.751491
126.002 5.232290 1.595256 -2.812606 14.757012
126.102 5.220120 1.591203 -2.828838 14.769839
126.203 5.207000 1.587073 -2.841230 14.783594
126.302 5.196371 1.583902 -2.858857 14.794686
126.402 5.182056 1.579940 -2.879976 14.809539
126.502 5.170331 1.576966 -2.901094 14.821635
126.603 5.160226 1.574559 -2.909821 14.832023
126.702 5.142224 1.570475 -2.925529 14.850482
126.802 5.134866 1.568901 -2.930765 14.858007
126.902 5.119274 1.565689 -2.948218 14.873926
127.002 5.105749 1.563134 -2.956945 14.887691
127.102 5.094536 1.561095 -2.962181 14.899087
127.202 5.079058 1.558466 -2.976143 14.914786
127.305 5.066741 1.556531 -2.988361 14.927255
127.402 5.062035 1.563508 -3.022468 14.935672
127.502 5.046909 1.562932 -3.034378 14.950809
127.604 5.037048 1.561913 -3.043105 14.960722
127.702 5.021283 1.560436 -3.051831 14.976557
127.802 5.006568 1.559112 -3.051831 14.991331
127.902 4.994662 1.558061 -3.053577 15.003283
128.002 4.978504 1.556683 -3.060558 15.019499
128.102 4.964950 1.555640 -3.065794 15.033094
128.202 4.954125 1.554855 -3.072775 15.043947
128.302 4.941068 1.553978 -3.078011 15.057033
128.402 4.924413 1.553399 -3.125135 15.073699
128.503 4.910200 1.553315 -3.139098 15.087912
128.603 4.897987 1.553295 -3.140843 15.100125
128.703 4.879928 1.553303 3.140597 15.118183
128.802 4.864792 1.553318 3.140597 15.133320
128.903 4.853421 1.553329 3.140597 15.144691
129.002 4.835276 1.553347 3.140597 15.162836
129.102 4.820822 1.553361 3.140597 15.177290
129.202 4.808990 1.553373 3.140597 15.189122
129.302 4.791333 1.553391 3.140597 15.206779
129.403 4.776741 1.553405 3.140597 15.221371
129.503 4.765303 1.553417 3.140597 15.232809
129.603 4.753210 1.553429 3.140597 15.244901
129.702 4.733416 1.553443 -3.139098 15.264696
129.802 4.722057 1.553424 -3.140843 15.276055
129.902 4.710071 1.553399 -3.140843 15.288041
130.002 4.690517 1.553385 -3.140843 15.307595
130.102 4.679485 1.553376 -3.140843 15.318627
130.202 4.664795 1.553365 -3.140843 15.333317
130.302 4.647654 1.553352 -3.140843 15.350457
130.402 4.635711 1.553344 -3.140843 15.362401
130.503 4.558532 1.520983 2.963897 15.446089
130.602 4.543997 1.523594 2.963897 15.460857
130.702 4.532578 1.525635 2.967388 15.472457
130.802 4.515135 1.528382 2.991823 15.490115
130.902 4.503377 1.530022 3.009276 15.501987
131.002 4.485802 1.531914 3.049418 15.519664
131.102 4.470355 1.533124 3.061636 15.535158
131.202 4.456025 1.534273 3.061636 15.549534
131.302 4.444234 1.535276 3.049418 15.561368
131.402 4.427241 1.537007 3.031965 15.578448
131.502 4.413132 1.538723 3.016257 15.592661
131.602 4.401582 1.540260 3.005785 15.604313
131.702 4.384313 1.542681 2.993568 15.621751
131.803 4.370672 1.544857 2.976115 15.635565
131.903 4.359667 1.546783 2.963897 15.646736
132.003 4.343160 1.549797 2.956916 15.663517
132.102 4.328932 1.552419 2.969133 15.677984
132.203 4.318099 1.554291 2.974369 15.688978
132.303 4.306959 1.556062 2.986587 15.700257
132.403 4.287873 1.558661 3.024984 15.719519
132.502 4.276438 1.559879 3.037201 15.731020
132.602 4.259129 1.561683 3.038946 15.748422
132.702 4.244675 1.563112 3.054654 15.762946
132.802 4.232713 1.563977 3.077344 15.774939
132.902 4.214809 1.564820 3.100033 15.792864
133.002 4.200328 1.565407 3.101778 15.807357
133.102 4.188796 1.565844 3.110505 15.818897
133.202 4.177599 1.566041 3.126213 15.830096
133.302 4.157571 1.565991 -3.136028 15.850124
133.410 4.146489 1.565910 -3.134283 15.861206
133.503 4.128732 1.565828 3.136685 15.878963
133.602 4.099473 1.505173 3.105747 15.946306
133.702 4.087694 1.505698 3.093530 15.958097
133.802 4.076153 1.506269 3.091784 15.969652
133.902 4.055647 1.507392 3.074331 15.990189
134.002 4.044289 1.508278 3.058623 16.001581
134.102 4.030171 1.509687 3.028953 16.015769
134.202 4.014040 1.511957 2.983574 16.032059
134.302 4.004078 1.513721 2.960885 16.042177
134.403 3.986237 1.516980 2.960885 16.060313
134.502 3.974741 1.519060 2.967866 16.071995
134.602 3.963249 1.521020 2.973102 16.083654
134.702 3.943814 1.524114 2.976593 16.103333
134.803 3.931981 1.526105 2.971357 16.115332
134.903 3.915155 1.529240 2.950413 16.132448
135.003 3.901525 1.532031 2.929469 16.146361
135.103 3.890629 1.534537 2.908525 16.157541
135.203 3.874338 1.538614 2.882345 16.174335
135.304 3.863321 1.541681 2.864892 16.185770
135.402 3.847608 1.546347 2.845518 16.202162
135.503 3.834306 1.550562 2.826145 16.216116
135.605 3.823079 1.554300 2.817070 16.227949
135.702 3.809334 1.559023 2.813404 16.242482
135.802 3.792916 1.564519 2.822480 16.259796
135.902 3.781997 1.568109 2.822480 16.271289
136.002 3.770905 1.571768 2.822480 16.282970
136.102 3.751888 1.577998 2.834872 16.302981
136.202 3.741079 1.581358 2.842028 16.314301
136.302 3.727649 1.585301 2.868382 16.328297
136.402 3.710931 1.589434 2.920742 16.345518
136.502 3.699836 1.591640 2.959139 16.356830
136.606 3.688138 1.593609 2.988810 16.368694
136.702 3.642698 1.564884 3.018609 16.422452
136.802 3.601361 1.530255 3.014240 16.476377
136.902 3.590193 1.531580 3.029948 16.487624
137.002 3.571662 1.533525 3.043910 16.506256
137.103 3.563783 1.534287 3.045656 16.514172
137.202 3.543384 1.536224 3.047401 16.534663
137.302 3.531804 1.537298 3.049146 16.546292
137.402 3.517166 1.538639 3.050892 16.560992
137.503 3.500073 1.540125 3.056128 16.578149
137.602 3.487993 1.541160 3.056128 16.590273
137.702 3.473576 1.542330 3.068345 16.604738
137.802 3.456191 1.543426 3.089289 16.622157
137.903 3.444454 1.543984 3.101506 16.633908
138.003 3.432925 1.544392 3.113723 16.645444
138.103 3.414760 1.544802 3.106742 16.663614
138.202 3.411005 1.544969 3.084053 16.667372
138.305 3.408038 1.545215 3.043910 16.670349
138.405 3.410184 1.544706 2.904284 16.672554
138.502 3.412264 1.544109 2.825744 16.674719
138.602 3.413466 1.543640 2.733242 16.676009
138.702 3.416126 1.542163 2.574242 16.679051
138.802 3.417666 1.541062 2.485405 16.680944
138.903 3.419147 1.539788 2.396393 16.682898
139.003 3.392038 1.480477 2.249964 16.748111
139.102 3.392974 1.479202 2.155541 16.749692
139.202 3.392860 1.479417 2.064959 16.749935
139.302 3.392258 1.480729 1.953258 16.751378
139.402 3.391575 1.482971 1.818867 16.753723
139.502 3.393220 1.488062 1.742395 16.759073
139.617 3.393069 1.499753 1.591737 16.770764
139.702 3.393365 1.508206 1.500980 16.779223
139.802 3.394572 1.517680 1.411968 16.788773
139.904 3.398383 1.533673 1.277578 16.805215
140.003 3.387917 1.483252 1.061209 16.856711
140.104 3.369464 1.451287 0.901043 16.893620
140.203 3.375352 1.458269 0.848683 16.902753
140.306 3.382893 1.466105 0.778870 16.913627
140.406 3.390307 1.472977 0.730001 16.923737
140.503 3.403475 1.483786 0.660188 16.940773
140.602 3.436547 1.515541 0.628004 16.986622
140.703 3.443320 1.520258 0.598333 16.994875
140.802 3.457179 1.528923 0.532011 17.011221
140.902 3.472011 1.536917 0.469179 17.028070
141.002 3.484704 1.542960 0.427291 17.042128
141.102 3.495297 1.547518 0.392384 17.053660
141.202 3.510556 1.553356 0.347006 17.069997
141.302 3.518646 1.556152 0.326062 17.078557
141.403 3.518830 1.582709 0.372376 17.105114
141.502 3.535314 1.588742 0.333979 17.122668
141.602 3.543640 1.591502 0.313035 17.131440
141.702 3.560215 1.596388 0.271147 17.148720
141.802 3.576480 1.600643 0.246713 17.165532
141.902 3.584690 1.602629 0.232575 17.173979
142.002 3.602189 1.606524 0.209363 17.191906
142.102 3.612379 1.608611 0.195225 17.202308
142.202 3.623582 1.610728 0.179517 17.213708
142.302 3.634682 1.612683 0.169045 17.224980
142.402 3.655082 1.615727 0.132393 17.245605
142.502 3.666734 1.617127 0.116686 17.257342
142.602 3.687281 1.619405 0.104468 17.278014
142.702 3.699642 1.620633 0.097138 17.290436
142.802 3.710741 1.621704 0.095393 17.301586
142.902 3.740282 1.672984 0.068108 17.360766
143.002 3.761288 1.686301 0.058392 17.385638
143.102 3.773822 1.687022 0.054902 17.398192
143.202 3.790781 1.687792 0.039194 17.415169
143.302 3.800290 1.688109 0.023486 17.424683
143.403 3.810233 1.688191 0.000796 17.434627
143.502 3.827865 1.687719 -0.049818 17.452265
143.602 3.838967 1.687014 -0.070762 17.463389
143.702 3.850590 1.686012 -0.096768 17.475056
143.802 3.865834 1.684241 -0.126613 17.490402
143.902 3.881106 1.682006 -0.159948 17.505837
144.002 3.889840 1.680470 -0.180892 17.514705
144.102 3.906997 1.677017 -0.210738 17.532206
144.202 3.920160 1.673923 -0.240408 17.545728
144.302 3.935759 1.669895 -0.263097 17.561838
144.402 3.946929 1.666774 -0.282296 17.573436
144.503 3.958041 1.663518 -0.289277 17.585015
144.602 3.973939 1.658686 -0.298004 17.601631
144.702 3.987009 1.654594 -0.307080 17.615327
144.802 3.997180 1.651332 -0.312490 17.626008
144.903 4.015033 1.645342 -0.344081 17.644839
145.003 4.025936 1.641212 -0.373751 17.656498
145.102 4.037053 1.636583 -0.405167 17.668540
145.206 4.055731 1.628593 -0.403422 17.688856
145.302 4.066459 1.623975 -0.413894 17.700535
145.402 4.079742 1.617923 -0.434838 17.715132
145.502 4.090762 1.612693 -0.450546 17.727330
145.603 4.105104 1.605488 -0.478471 17.743380
145.702 4.119853 1.597536 -0.492434 17.760136
145.802 4.127486 1.593527 -0.481962 17.768758
145.902 4.103643 1.619174 -0.562144 17.803776
146.010 4.115258 1.611739 -0.576106 17.817566
146.105 4.125859 1.604762 -0.579597 17.830257
146.202 4.137578 1.597264 -0.563889 17.844169
146.302 4.147022 1.591383 -0.555162 17.855294
146.402 4.164927 1.580422 -0.544690 17.876288
146.503 4.175138 1.574248 -0.541200 17.888221
146.603 4.185206 1.568315 -0.530728 17.899907
146.703 4.202479 1.558506 -0.499312 17.919771
146.802 4.212311 1.553330 -0.474877 17.930882
146.902 4.222659 1.548257 -0.448523 17.942407
147.003 4.238284 1.540881 -0.432989 17.959685
147.102 4.252002 1.534541 -0.438051 17.974797
147.203 4.262434 1.529466 -0.457249 17.986398
147.302 4.275513 1.522738 -0.486920 18.001106
147.402 4.289757 1.514881 -0.520081 18.017374
147.502 4.298744 1.509574 -0.534044 18.027810
147.602 4.313622 1.501028 -0.514845 18.044968
147.702 4.326579 1.493746 -0.518336 18.059831
147.802 4.336433 1.488023 -0.528808 18.071227
147.902 4.351214 1.479285 -0.521826 18.088398
148.002 4.363817 1.472139 -0.507864 18.102885
148.103 4.374040 1.466534 -0.495646 18.114544
148.203 4.387208 1.459672 -0.465976 18.129393
148.302 4.398867 1.453917 -0.455155 18.142395
148.402 4.409857 1.448628 -0.444334 18.154591
148.502 4.425480 1.441296 -0.433513 18.171849
148.602 4.437537 1.435839 -0.419201 18.185084
148.702 4.450122 1.430268 -0.415710 18.198847
148.803 4.460945 1.425518 -0.410474 18.210666
148.902 4.476989 1.418647 -0.393021 18.228119
149.003 4.487818 1.414274 -0.377313 18.239798
149.102 4.623640 1.417391 -0.359840 18.375656
149.203 4.637624 1.412444 -0.326853 18.390489
149.302 4.648736 1.408889 -0.302419 18.402156
149.402 4.664493 1.404374 -0.262276 18.418547
149.508 4.677741 1.401095 -0.232605 18.432195
149.606 4.689379 1.398496 -0.213407 18.444119
149.703 4.698593 1.396609 -0.197699 18.453524
149.802 4.715644 1.393210 -0.195954 18.470912
149.902 4.727439 1.390869 -0.195954 18.482936
150.003 4.743450 1.387561 -0.206426 18.499285
150.102 4.757221 1.384582 -0.215152 18.513375
150.204 4.771873 1.381342 -0.218643 18.528381
150.302 4.783204 1.378767 -0.223879 18.540001
150.402 4.793767 1.376332 -0.227544 18.550840
150.502 4.811188 1.372210 -0.231035 18.568743
150.603 4.814592 1.371410 -0.229289 18.572239
150.702 4.815222 1.371263 -0.229289 18.572886
150.802 4.815183 1.371272 -0.229289 18.572926
150.902 4.816085 1.371059 -0.232780 18.573853
151.002 4.826205 1.368601 -0.243252 18.584267
151.102 4.835608 1.366202 -0.251979 18.593972
151.202 4.843123 1.364241 -0.255644 18.601738
151.302 4.855632 1.360973 -0.245346 18.614667
151.403 4.868714 1.357778 -0.232955 18.628134
151.503 4.879019 1.355359 -0.234700 18.638719
151.602 4.888718 1.352976 -0.243427 18.648706
151.703 4.901033 1.349913 -0.236794 18.661397
151.804 4.912580 1.347186 -0.228068 18.673261
151.902 4.926597 1.344121 -0.201888 18.687609
152.002 4.940366 1.341656 -0.160000 18.701597
152.102 4.949945 1.340282 -0.137311 18.711274
152.202 4.935109 1.408006 -0.097302 18.780604
152.302 4.948710 1.408251 -0.081339 18.794207
152.402 4.952433 1.407947 -0.083084 18.797943
152.502 4.952840 1.407913 -0.081339 18.798351
152.602 4.968667 1.407494 0.005928 18.814183
152.702 4.981175 1.408023 0.063524 18.826703
152.805 4.993179 1.409156 0.114138 18.838760
152.902 5.013833 1.412656 0.202976 18.859709
153.008 5.025023 1.415326 0.253765 18.871213
153.104 5.036009 1.418521 0.293907 18.882654
153.202 5.045631 1.421419 0.288671 18.892703
153.302 5.047191 1.421906 0.307870 18.894337
153.402 5.061651 1.427102 0.368956 18.909702
153.502 5.072847 1.431796 0.410844 18.921842
153.602 5.080636 1.435169 0.407354 18.930330
153.702 5.080671 1.420301 0.426657 18.945198
153.803 5.083959 1.401993 0.465197 18.963799
153.903 5.097745 1.409432 0.514066 18.979464
154.002 5.111847 1.417993 0.573408 18.995961
154.103 5.121088 1.424270 0.608314 19.007133
154.204 5.130830 1.431381 0.643221 19.019194
154.302 5.146786 1.444148 0.697326 19.039629
154.402 5.155413 1.451642 0.725251 19.051056
154.502 5.164371 1.459994 0.767139 19.063304
154.602 5.176725 1.472604 0.816008 19.080957
154.702 5.184470 1.481224 0.849170 19.092545
154.817 5.191339 1.489246 0.871859 19.103106
154.902 5.203209 1.504212 0.924219 19.122208
155.002 5.210260 1.513874 0.946908 19.134170
155.102 5.211572 1.547310 0.989565 19.167631
155.203 5.218088 1.577694 1.025827 19.198706
155.302 5.223645 1.587112 1.045200 19.209641
155.402 5.229599 1.597731 1.065969 19.221815
155.503 5.239290 1.616088 1.094244 19.242574
155.602 5.244425 1.626160 1.101574 19.253879
155.702 5.250589 1.638762 1.124438 19.267907
155.802 5.257549 1.654020 1.157599 19.284678
155.902 5.262095 1.664711 1.169991 19.296295
156.002 5.268912 1.680924 1.173656 19.313883
156.102 5.274704 1.694794 1.175576 19.328914
156.202 5.280364 1.708400 1.177321 19.343650
156.302 5.284950 1.719447 1.177321 19.355611
156.402 5.289489 1.730381 1.177321 19.367450
156.502 5.297486 1.749675 1.179241 19.388336
156.605 5.301983 1.760551 1.180987 19.400105
156.703 5.306471 1.771462 1.180987 19.411903
156.802 5.313853 1.789974 1.197044 19.431832
156.902 5.317027 1.798239 1.205770 19.440686
157.011 5.324333 1.817355 1.205770 19.461151
157.102 5.328481 1.828224 1.207690 19.472784
157.202 5.332690 1.839333 1.207690 19.484664
157.302 5.340033 1.858594 1.205770 19.505277
157.402 5.344059 1.869177 1.207690 19.516600
157.505 5.348254 1.880233 1.207690 19.528425
157.602 5.355675 1.899750 1.205770 19.549305
157.702 5.359824 1.910653 1.207690 19.560971
157.802 5.363780 1.921079 1.205770 19.572123
157.902 5.369848 1.936989 1.207690 19.589150
158.003 5.374080 1.948186 1.209436 19.601120
158.102 5.381170 1.967095 1.213101 19.621315
158.203 5.384228 1.989239 1.274933 19.643669
158.302 5.387236 1.999078 1.273188 19.653958
158.402 5.391465 2.012770 1.267777 19.668288
158.502 5.395972 2.027088 1.265858 19.683298
158.605 5.401841 2.045474 1.258527 19.702599
158.702 5.405335 2.056230 1.253291 19.713908
158.802 5.408663 2.066236 1.247881 19.724452
158.903 5.414874 2.084348 1.236885 19.743600
159.004 5.418636 2.095158 1.233220 19.755046
159.102 5.423601 2.109256 1.229555 19.769993
159.203 5.429621 2.126192 1.227809 19.787967
159.302 5.433586 2.137228 1.225890 19.799693
159.402 5.438579 2.151029 1.222224 19.814370
159.504 5.444481 2.167554 1.243168 19.831917
159.603 5.448151 2.178485 1.252070 19.843448
159.702 5.451805 2.189805 1.266207 19.855343
159.802 5.457992 2.209484 1.266207 19.875972
159.902 5.461494 2.220735 1.269872 19.887755
160.002 5.465054 2.232303 1.273537 19.899858
160.106 5.470865 2.251735 1.291165 19.920140
160.205 5.474074 2.263295 1.303557 19.932138
160.302 5.477130 2.275020 1.323104 19.944255
160.403 5.480808 2.289781 1.331831 19.959467
160.502 5.484781 2.306558 1.345794 19.976708
160.603 5.487088 2.317347 1.368483 19.987741
160.702 5.490670 2.336436 1.398154 20.007162
160.802 5.492672 2.348215 1.406880 20.019111
160.902 5.494459 2.359605 1.419098 20.030640
161.002 5.497403 2.379655 1.429570 20.050905
161.102 5.499046 2.391433 1.433060 20.062798
161.202 5.500615 2.403011 1.438296 20.074481
161.302 5.507712 2.429413 1.418386 20.101821
161.403 5.477899 2.484582 1.292992 20.164529
161.502 5.480784 2.494799 1.296483 20.175146
161.602 5.482476 2.500803 1.294737 20.181384
161.702 5.483156 2.503250 1.303464 20.183924
161.802 5.485242 2.511130 1.319172 20.192075
161.902 5.488947 2.527477 1.368041 20.208837
162.002 5.490840 2.537639 1.399457 20.219174
162.102 5.492374 2.547714 1.425637 20.229364
162.202 5.493241 2.553641 1.423892 20.235354
162.304 5.493217 2.553481 1.425637 20.235515
162.402 5.493209 2.553423 1.425637 20.235575
162.502 5.493368 2.554512 1.425637 20.236675
162.602 5.494695 2.563641 1.427382 20.245900
162.703 5.496897 2.579030 1.429128 20.261446
162.802 5.498577 2.590805 1.429128 20.273341
162.902 5.500086 2.601390 1.429128 20.284033
163.003 5.500996 2.607715 1.427382 20.290423
163.102 5.501680 2.612779 1.443090 20.295533
163.203 5.502527 2.620166 1.464034 20.302967
163.303 5.503836 2.637324 1.516394 20.320176
163.402 5.503941 2.651637 1.593189 20.334490
163.502 5.503602 2.659088 1.626350 20.341947
163.602 5.502075 2.678433 1.664747 20.361353
163.702 5.500361 2.693066 1.696163 20.376086
163.802 5.499797 2.697540 1.696163 20.380595
163.902 5.499769 2.697759 1.696163 20.380816
164.002 5.499780 2.697673 1.696163 20.380903
164.102 5.499785 2.697634 1.696163 20.380943
164.203 5.499785 2.697634 1.696163 20.380943
164.302 5.499785 2.697634 1.696163 20.380943
164.402 5.499785 2.697634 1.696163 20.380943
164.502 5.533469 2.694523 1.757930 20.414770
164.602 5.506831 2.675012 1.942400 20.447788
164.702 5.506831 2.675012 1.942400 20.447788
164.806 5.506831 2.675012 1.942400 20.447788
164.902 5.506831 2.675012 1.942400 20.447788
165.002 5.506831 2.675012 1.942400 20.447788
165.102 5.506831 2.675012 1.942400 20.447788
165.202 5.506831 2.675012 1.942400 20.447788
165.302 5.506831 2.675012 1.942400 20.447788
165.402 5.506831 2.675012 1.942400 20.447788
165.502 5.506831 2.675012 1.942400 20.447788
165.602 5.506831 2.675012 1.942400 20.447788
165.703 5.506831 2.675012 1.942400 20.447788
165.802 5.506831 2.675012 1.942400 20.447788
165.902 5.506831 2.675012 1.942400 20.447788
166.002 5.506831 2.675012 1.942400 20.447788
166.102 5.506831 2.675012 1.942400 20.447788
166.202 5.506831 2.675012 1.942400 20.447788
166.302 5.506831 2.675012 1.942400 20.447788
166.402 5.506831 2.675012 1.942400 20.447788
166.502 5.506831 2.675012 1.942400 20.447788
166.602 5.506831 2.675012 1.942400 20.447788
166.702 5.506390 2.676145 1.942400 20.449004
166.803 5.502635 2.685673 1.949381 20.459245
166.903 5.499018 2.694686 1.952872 20.468956
167.002 5.498288 2.696510 1.951126 20.470921
167.102 5.497325 2.698902 1.954617 20.473500
167.202 5.492966 2.709528 1.965089 20.484985
167.303 5.489222 2.718341 1.973815 20.494560
167.404 5.485575 2.726661 1.987778 20.503645
167.504 5.479781 2.739557 1.996505 20.517783
167.603 5.461768 2.763642 2.047861 20.547859
167.702 5.455281 2.776078 2.054842 20.561885
167.803 5.450454 2.785161 2.061824 20.572170
167.902 5.445512 2.794278 2.070550 20.582541
168.002 5.436096 2.811412 2.081022 20.602091
168.103 5.430795 2.820911 2.079277 20.612970
168.204 5.427564 2.826702 2.081022 20.619601
168.303 5.426644 2.828342 2.082942 20.621481
168.402 5.422559 2.835519 2.093589 20.629740
168.502 5.415931 2.846868 2.104410 20.642882
168.602 5.407411 2.861132 2.118547 20.659497
168.702 5.401631 2.870439 2.129193 20.670453
168.803 5.395716 2.879830 2.136524 20.681552
168.903 5.384672 2.896663 2.159388 20.701684
169.003 5.378761 2.905407 2.168463 20.712238
169.103 5.371007 2.916641 2.179284 20.725888
169.202 5.362377 2.928873 2.191676 20.740859
169.302 5.356492 2.937007 2.199007 20.750898
169.404 5.348408 2.947982 2.209828 20.764529
169.503 5.338262 2.961406 2.220474 20.781356
169.605 5.331615 2.970090 2.225885 20.792293
169.702 5.321300 2.983345 2.243512 20.809087
169.802 5.312800 2.993846 2.257650 20.822598
169.902 5.304205 3.004161 2.268296 20.836024
170.003 5.296522 3.013110 2.284353 20.847819
170.103 5.284881 3.026291 2.303552 20.865404
170.204 5.277744 3.034123 2.314198 20.876001
170.302 5.266252 3.046364 2.324670 20.892790
170.415 5.256431 3.056854 2.321005 20.907161
170.502 5.248671 3.065232 2.314024 20.918580
170.605 5.236820 3.078565 2.284179 20.936418
170.702 5.229251 3.087472 2.273707 20.948108
170.804 5.094420 3.095545 2.526662 21.083180
170.902 5.081150 3.104960 2.511129 21.099451
171.002 5.074010 3.110388 2.479713 21.108419
171.102 5.065290 3.117518 2.439396 21.119684
171.204 5.053786 3.128049 2.376738 21.135280
171.302 5.046143 3.135833 2.329614 21.146189
171.403 5.038591 3.144226 2.287727 21.157480
171.503 5.026604 3.159267 2.209187 21.176713
171.604 5.021830 3.166137 2.160317 21.185079
171.703 5.017242 3.173431 2.114939 21.193695
171.805 5.011436 3.184136 2.027672 21.205874
171.903 5.008816 3.189889 1.980549 21.212195
172.003 5.006673 3.195178 1.938661 21.217902
172.102 5.003854 3.203598 1.863611 21.226781
172.203 5.002463 3.208792 1.816488 21.232159
172.302 5.001314 3.213895 1.776345 21.237389
172.403 5.005490 3.261629 1.660859 21.285306
172.503 5.005620 3.260276 1.673076 21.286665
172.603 5.005862 3.258359 1.704492 21.288597
172.702 5.006685 3.253790 1.796994 21.293240
172.802 5.007233 3.251875 1.879025 21.295232
172.903 5.007988 3.249878 1.985490 21.297367
173.002 5.008579 3.248665 2.117960 21.298716
173.102 5.008096 3.249373 2.208892 21.299573
173.204 5.007582 3.250001 2.322338 21.300384
173.302 5.006351 3.251127 2.458300 21.302053
173.402 5.005140 3.251997 2.540505 21.303544
173.503 5.002681 3.253451 2.643479 21.306400
173.602 4.997277 3.255863 2.767397 21.312318
173.703 4.992936 3.257298 2.849428 21.316890
173.804 4.971812 3.219739 -3.062978 21.359982
173.902 4.966235 3.219010 -2.979202 21.365607
174.004 4.960870 3.217835 -2.900662 21.371098
174.103 4.952042 3.212338 -2.828497 21.381499
174.202 4.950816 3.211942 -2.825006 21.382786
174.303 4.951515 3.212171 -2.825006 21.383522
174.403 4.951611 3.212203 -2.826751 21.383623
174.502 4.951916 3.212304 -2.809298 21.383944
174.611 4.951959 3.212317 -2.772646 21.383989
174.702 4.951573 3.212162 -2.737740 21.384405
174.803 4.951912 3.212313 -2.674908 21.384777
174.902 4.969694 3.191860 -2.746400 21.411879
175.002 4.969222 3.191645 -2.707829 21.412398
175.102 4.969558 3.191834 -2.643426 21.412783
175.202 4.969485 3.191791 -2.608519 21.412867
175.302 4.969676 3.191908 -2.570122 21.413090
175.402 4.969770 3.191974 -2.524569 21.413205
175.502 4.969617 3.191857 -2.468893 21.413398
175.602 4.969760 3.191979 -2.432241 21.413587
175.703 4.969958 3.192151 -2.367489 21.413849
175.802 4.969977 3.192171 -2.353701 21.413877
175.902 4.970090 3.192284 -2.355447 21.414037
176.002 4.962945 3.185207 -2.362777 21.424094
176.107 4.957033 3.179416 -2.368362 21.432369
176.203 4.962523 3.159970 -2.383737 21.452576
176.303 4.954295 3.139529 -2.401834 21.474610
176.403 4.945874 3.131932 -2.408990 21.485952
176.502 4.934818 3.122190 -2.426443 21.500688
176.602 4.921936 3.111277 -2.447562 21.517570
176.708 4.913348 3.104337 -2.466935 21.528613
176.802 4.903754 3.096783 -2.477756 21.540823
176.903 4.892042 3.087830 -2.495733 21.555565
177.005 4.884481 3.082242 -2.510044 21.564966
177.102 4.876070 3.076182 -2.520691 21.575333
177.202 4.860726 3.065436 -2.543555 21.594066
177.302 4.852072 3.059582 -2.550885 21.604515
177.403 4.844349 3.054443 -2.556296 21.613791
177.502 4.830866 3.045688 -2.572527 21.629867
177.603 4.825739 3.042418 -2.574447 21.635948
177.702 4.814809 3.035558 -2.581428 21.648852
177.803 4.814258 3.035212 -2.579683 21.649503
177.902 4.815156 3.035777 -2.579683 21.650564
178.011 4.815682 3.036108 -2.579683 21.651186
178.104 4.812647 3.034204 -2.581428 21.654769
178.203 4.805561 3.029760 -2.581428 21.663134
178.302 4.795805 3.023641 -2.581428 21.674649
178.405 4.786942 3.018083 -2.581428 21.685111
178.505 4.780156 3.013814 -2.579683 21.693129
178.602 4.770682 3.007872 -2.581428 21.704312
178.702 4.760159 3.001260 -2.579683 21.716740
178.802 4.755090 2.998068 -2.579683 21.722730
178.904 4.744736 2.991566 -2.579683 21.734957
179.007 4.734722 2.985270 -2.579683 21.746785
179.102 4.727848 2.980942 -2.579683 21.754908
179.207 4.719362 2.975599 -2.579683 21.764936
179.302 4.709099 2.969137 -2.579683 21.777064
179.403 4.694859 2.963358 -2.671976 21.792432
179.502 4.668109 2.950022 -2.708646 21.822322
179.603 4.661360 2.946903 -2.708646 21.829757
179.702 4.653850 2.943415 -2.706726 21.838037
179.803 4.641337 2.937610 -2.706726 21.851831
179.902 4.633938 2.934173 -2.706726 21.859990
180.006 4.626516 2.930725 -2.706726 21.868174
180.107 4.615965 2.925824 -2.706726 21.879807
180.202 4.605117 2.920785 -2.706726 21.891768
180.303 4.596319 2.916690 -2.704981 21.901472
180.402 4.588932 2.913259 -2.706726 21.909618
180.502 4.579845 2.909038 -2.706726 21.919637
180.602 4.568905 2.903944 -2.704981 21.931705
180.702 4.562037 2.900750 -2.704981 21.939279
180.802 4.554672 2.897317 -2.706726 21.947405
180.902 4.542037 2.891433 -2.704981 21.961343
181.003 4.534994 2.888146 -2.704981 21.969116
181.102 4.529358 2.885516 -2.704981 21.975334
181.202 4.528569 2.885148 -2.703061 21.976205
181.302 4.528644 2.885183 -2.701316 21.976287
181.402 4.528698 2.885209 -2.701316 21.976346
181.502 4.528895 2.885302 -2.699396 21.976564
181.603 4.528876 2.885293 -2.697650 21.976585
181.702 4.528876 2.885293 -2.695731 21.976585
181.802 4.528931 2.885319 -2.693985 21.976645
181.902 4.528825 2.885268 -2.690320 21.976763
182.003 4.528663 2.885189 -2.688400 21.976943
182.107 4.528375 2.885048 -2.684735 21.977263
182.202 4.528357 2.885040 -2.682990 21.977283
182.305 4.528375 2.885049 -2.682990 21.977304
182.402 4.537772 2.850977 -2.669890 22.012647
182.502 4.542846 2.831970 -2.667635 22.032319
182.603 4.542810 2.831952 -2.667635 22.032360
182.713 4.542810 2.831952 -2.667635 22.032360
182.808 4.542810 2.831952 -2.667635 22.032360
182.905 4.542810 2.831952 -2.667635 22.032360
183.003 4.542810 2.831952 -2.667635 22.032360
183.102 4.542810 2.831952 -2.667635 22.032360
183.202 4.542810 2.831952 -2.667635 22.032360
183.302 4.542811 2.831952 -2.667635 22.032361
183.402 4.542757 2.831925 -2.667635 22.032422
183.502 4.542757 2.831925 -2.667635 22.032422
183.602 4.542757 2.831925 -2.667635 22.032422
183.702 4.542757 2.831925 -2.667635 22.032422
183.802 4.542757 2.831925 -2.667635 22.032422
183.902 4.542757 2.831925 -2.667635 22.032422
184.002 4.542740 2.831916 -2.667635 22.032442
184.102 4.542740 2.831916 -2.667635 22.032442
184.202 4.542704 2.831898 -2.667635 22.032482
184.302 4.542704 2.831898 -2.667635 22.032482
184.402 4.542704 2.831898 -2.667635 22.032482
184.502 4.542704 2.831898 -2.667635 22.032482
184.602 4.542704 2.831898 -2.667635 22.032482
184.702 4.542704 2.831898 -2.667635 22.032482
184.802 4.542704 2.831898 -2.667635 22.032482
184.902 4.542704 2.831898 -2.667635 22.032482
185.002 4.542704 2.831898 -2.667635 22.032482
185.102 4.542704 2.831898 -2.667635 22.032482
185.202 4.542704 2.831898 -2.667635 22.032482
185.302 4.542704 2.831898 -2.667635 22.032482
185.403 4.540548 2.833598 -2.653046 22.035228
185.502 4.540548 2.833598 -2.653046 22.035228
185.602 4.540548 2.833598 -2.653046 22.035228
185.702 4.540548 2.833598 -2.653046 22.035228
185.802 4.540548 2.833598 -2.653046 22.035228
185.902 4.540548 2.833598 -2.653046 22.035228
186.002 4.540548 2.833598 -2.653046 22.035228
186.102 4.540548 2.833598 -2.653046 22.035228
186.203 4.540548 2.833598 -2.653046 22.035228
186.302 4.540548 2.833598 -2.653046 22.035228
186.402 4.540530 2.833589 -2.653046 22.035248
186.502 4.540530 2.833589 -2.653046 22.035248
186.603 4.540530 2.833589 -2.653046 22.035248
186.703 4.540513 2.833580 -2.653046 22.035268
186.803 4.540513 2.833580 -2.653046 22.035268
186.902 4.540513 2.833580 -2.653046 22.035268
187.002 4.540513 2.833580 -2.653046 22.035268
187.102 4.540513 2.833580 -2.653046 22.035268
187.202 4.540513 2.833580 -2.653046 22.035268
187.302 4.540513 2.833580 -2.653046 22.035268
187.402 4.540513 2.833580 -2.653046 22.035268
187.502 4.540513 2.833580 -2.653046 22.035268
187.602 4.540513 2.833580 -2.653046 22.035268
187.702 4.540513 2.833580 -2.653046 22.035268
187.802 4.540513 2.833580 -2.653046 22.035268
187.902 4.540513 2.833580 -2.653046 22.035268
188.002 4.540513 2.833580 -2.653046 22.035268
188.102 4.540513 2.833580 -2.653046 22.035268
188.202 4.540513 2.833580 -2.653046 22.035268
188.302 4.540513 2.833580 -2.653046 22.035268
188.402 4.540513 2.833580 -2.653046 22.035268
188.502 4.542074 2.833579 -2.653048 22.036829
188.602 4.542074 2.833579 -2.653048 22.036829
188.702 4.542074 2.833579 -2.653048 22.036829
188.802 4.542074 2.833579 -2.653048 22.036829
188.902 4.542074 2.833579 -2.653048 22.036829
189.002 4.542074 2.833579 -2.653048 22.036829
189.102 4.542074 2.833579 -2.653048 22.036829
189.202 4.542074 2.833579 -2.653048 22.036829
189.302 4.542074 2.833579 -2.653048 22.036829
189.402 4.542074 2.833579 -2.653048 22.036829
189.502 4.542074 2.833579 -2.653048 22.036829
189.602 4.542074 2.833579 -2.653048 22.036829
189.702 4.542074 2.833579 -2.653048 22.036829
189.802 4.542074 2.833579 -2.653048 22.036829
189.902 4.542074 2.833579 -2.653048 22.036829
190.002 4.542074 2.833579 -2.653048 22.036829
190.102 4.542074 2.833579 -2.653048 22.036829
190.202 4.542074 2.833579 -2.653048 22.036829
190.302 4.542074 2.833579 -2.653048 22.036829
190.402 4.542074 2.833579 -2.653048 22.036829
190.502 4.542074 2.833579 -2.653048 22.036829
190.602 4.542074 2.833579 -2.653048 22.036829
190.702 4.542074 2.833579 -2.653048 22.036829
190.802 4.542074 2.833579 -2.653048 22.036829
190.902 4.542074 2.833579 -2.653048 22.036829
191.002 4.542074 2.833579 -2.653048 22.036829
191.102 4.542074 2.833579 -2.653048 22.036829
191.202 4.542074 2.833579 -2.653048 22.036829
191.302 4.542074 2.833579 -2.653048 22.036829
191.402 4.542074 2.833579 -2.653048 22.036829
191.502 4.542074 2.833579 -2.653048 22.036829
191.602 4.542000 2.833718 -2.651553 22.036986
191.702 4.541996 2.833724 -2.651486 22.036993
191.802 4.541996 2.833724 -2.651486 22.036993
191.902 4.541996 2.833724 -2.651486 22.036993
192.002 4.541996 2.833724 -2.651486 22.036993
192.102 4.541996 2.833724 -2.651486 22.036993
192.202 4.541996 2.833724 -2.651486 22.036993
192.302 4.541996 2.833724 -2.651486 22.036993
192.402 4.541996 2.833724 -2.651486 22.036993
192.502 4.541996 2.833724 -2.651486 22.036993
192.602 4.541996 2.833724 -2.651486 22.036993
192.703 4.541996 2.833724 -2.651486 22.036993
192.802 4.541996 2.833724 -2.651486 22.036993
192.902 4.541996 2.833724 -2.651486 22.036993
193.002 4.541996 2.833724 -2.651486 22.036993
193.102 4.541996 2.833724 -2.651486 22.036993
193.202 4.541996 2.833724 -2.651486 22.036993
193.302 4.541996 2.833724 -2.651486 22.036993
193.402 4.541996 2.833724 -2.651486 22.036993
193.502 4.541996 2.833724 -2.651486 22.036993
193.602 4.541996 2.833724 -2.651486 22.036993
193.702 4.541996 2.833724 -2.651486 22.036993
193.802 4.541996 2.833724 -2.651486 22.036993
193.902 4.541979 2.833714 -2.651486 22.037013
194.002 4.541979 2.833714 -2.651486 22.037013
194.102 4.541979 2.833714 -2.651486 22.037013
194.202 4.541979 2.833714 -2.651486 22.037013
194.302 4.541979 2.833714 -2.651486 22.037013
194.402 4.541979 2.833714 -2.651486 22.037013
194.503 4.541979 2.833714 -2.651486 22.037013
194.602 4.541979 2.833714 -2.651486 22.037013
194.702 4.541979 2.833714 -2.651486 22.037013
194.803 4.543542 2.833715 -2.651489 22.038576
194.902 4.543542 2.833715 -2.651489 22.038576
195.008 4.543542 2.833715 -2.651489 22.038576
195.102 4.543542 2.833715 -2.651489 22.038576
195.203 4.543542 2.833715 -2.651489 22.038576
195.302 4.543542 2.833715 -2.651489 22.038576
195.402 4.543542 2.833715 -2.651489 22.038576
195.502 4.543542 2.833715 -2.651489 22.038576
195.602 4.543542 2.833715 -2.651489 22.038576
