# t_sec x y yaw_rad cum_dist_m
0.107 0.001622 0.003127 -0.000013 0.000000
0.202 0.001662 0.003127 -0.000013 0.000040
0.302 0.001662 0.003127 -0.000013 0.000040
0.402 0.001662 0.003127 -0.000013 0.000040
0.502 0.001662 0.003127 -0.000013 0.000040
0.601 0.001662 0.003127 -0.000013 0.000040
0.702 0.001662 0.003127 -0.000013 0.000040
0.802 0.001662 0.003127 -0.000013 0.000040
0.901 0.001662 0.003127 -0.000013 0.000040
1.001 0.001662 0.003127 -0.000013 0.000040
1.101 0.001662 0.003127 -0.000013 0.000040
1.202 0.001662 0.003127 -0.000013 0.000040
1.301 0.001662 0.003127 -0.000013 0.000040
1.401 0.001662 0.003127 -0.000013 0.000040
1.502 0.001662 0.003127 -0.000013 0.000040
1.604 0.001662 0.003127 -0.000013 0.000040
1.706 0.001624 0.003127 0.015695 0.000079
1.802 0.001785 0.003130 0.026167 0.000240
1.902 0.001145 0.003103 0.055838 0.000880
2.005 0.001809 0.003156 0.088999 0.001546
2.102 0.002024 0.003178 0.118670 0.001762
2.201 0.001706 0.003140 0.162303 0.002083
2.302 -0.007653 0.002097 0.218819 0.011500
2.402 -0.022845 0.000304 0.279441 0.026798
2.502 -0.022117 0.000541 0.324820 0.027565
2.605 -0.022506 0.000399 0.356236 0.027979
2.701 -0.022581 0.000371 0.384161 0.028059
2.801 -0.022012 0.000614 0.427794 0.028678
2.901 -0.022260 0.000497 0.457465 0.028952
3.002 -0.022334 0.000462 0.501098 0.029034
3.102 -0.022612 0.000304 0.532514 0.029353
3.201 -0.022318 0.000483 0.562185 0.029697
3.301 -0.022267 0.000515 0.593775 0.029757
3.402 -0.022449 0.000392 0.635663 0.029977
3.501 -0.021957 0.000771 0.661843 0.030598
3.602 -0.021935 0.000783 0.700240 0.030623
3.702 -0.022056 0.000676 0.736892 0.030785
3.801 -0.022144 0.000595 0.757836 0.030904
3.902 -0.021608 0.001138 0.797979 0.031666
4.009 -0.013665 0.006846 0.809606 0.041448
4.104 -0.013813 0.006685 0.837531 0.041667
4.202 -0.013538 0.007002 0.884830 0.042087
4.302 -0.013525 0.007017 0.911009 0.042107
4.402 -0.013515 0.007030 0.938935 0.042123
4.503 -0.013596 0.006917 0.979077 0.042262
4.602 -0.013478 0.007108 1.020965 0.042486
4.701 -0.013425 0.007195 1.047145 0.042588
4.802 -0.013476 0.007106 1.073325 0.042691
4.902 -0.013346 0.007383 1.125685 0.042996
5.001 -0.013329 0.007419 1.153610 0.043037
5.101 -0.013476 0.007068 1.179790 0.043418
5.201 -0.013542 0.006901 1.223423 0.043598
5.302 -0.013376 0.007396 1.254839 0.044120
5.401 -0.013318 0.007583 1.298473 0.044316
5.503 -0.013369 0.007390 1.331634 0.044516
5.601 -0.013286 0.007762 1.356068 0.044898
5.705 -0.011762 0.001023 1.374800 0.051807
5.803 -0.009795 -0.007245 1.409131 0.060306
5.901 -0.009810 -0.007343 1.431820 0.060406
6.002 -0.009849 -0.007702 1.475453 0.060767
6.101 -0.009825 -0.007365 1.511930 0.061105
6.202 -0.009809 -0.006991 1.541776 0.061479
6.302 -0.009815 -0.007610 1.567956 0.062098
6.402 -0.009831 -0.007664 1.616650 0.062154
6.502 -0.009842 -0.007438 1.651731 0.062380
6.607 -0.009785 -0.008033 1.677911 0.062978
6.710 -0.009808 -0.007917 1.730271 0.063096
6.801 -0.009847 -0.007681 1.754706 0.063335
6.901 -0.009729 -0.008270 1.779140 0.063936
7.001 0.002252 -0.019334 1.827356 0.080245
7.101 0.002301 -0.019505 1.853536 0.080423
7.201 0.002256 -0.019372 1.902405 0.080564
7.301 0.002278 -0.019429 1.939057 0.080625
7.403 0.002465 -0.019892 1.961746 0.081124
7.504 0.002440 -0.019844 1.991417 0.081178
7.602 0.002208 -0.019346 2.031560 0.081728
7.702 0.002447 -0.019809 2.059485 0.082249
7.802 0.002491 -0.019889 2.089155 0.082340
7.905 0.002433 -0.019762 2.145006 0.082479
8.002 0.002566 -0.019964 2.169441 0.082720
8.101 0.002437 -0.019782 2.199111 0.082943
8.209 0.002347 -0.019676 2.244490 0.083082
8.306 0.002325 -0.019651 2.263688 0.083116
8.402 0.002547 -0.019907 2.286378 0.083455
8.506 -0.006148 -0.019873 2.340268 0.092149
8.601 -0.006383 -0.019635 2.373429 0.092484
8.702 -0.006058 -0.019937 2.411826 0.092927
8.801 -0.005606 -0.020330 2.444988 0.093526
8.902 -0.005917 -0.020078 2.472913 0.093926
9.001 -0.005900 -0.020091 2.507819 0.093946
9.102 -0.005901 -0.020089 2.544646 0.093948
9.203 -0.006215 -0.019876 2.542726 0.094327
9.301 -0.006031 -0.020000 2.555292 0.094549
9.401 -0.006116 -0.019947 2.586708 0.094649
9.501 -0.005823 -0.020123 2.612888 0.094991
9.601 -0.006048 -0.019997 2.646050 0.095248
9.701 -0.005852 -0.020092 2.691428 0.095466
9.801 -0.006052 -0.020004 2.722669 0.095685
9.901 -0.006255 -0.019916 2.748849 0.095906
10.001 -0.005601 -0.020166 2.794402 0.096606
10.102 -0.006000 -0.020031 2.822328 0.097027
10.202 -0.006409 -0.019903 2.855489 0.097456
10.301 -0.012813 -0.061542 2.914924 0.139585
10.401 -0.012912 -0.061522 2.939358 0.139686
10.501 -0.013147 -0.061480 2.970774 0.139925
10.601 -0.012834 -0.061522 3.019469 0.140241
10.701 -0.012815 -0.061523 3.038842 0.140260
10.801 -0.012864 -0.061526 3.089456 0.140309
10.902 -0.013277 -0.061512 3.113891 0.140722
11.001 -0.013218 -0.061511 3.140071 0.140781
11.103 -0.012918 -0.061506 -3.094245 0.141081
11.204 -0.013497 -0.061543 -3.066320 0.141661
11.310 -0.013459 -0.061536 -3.034904 0.141700
11.402 -0.012798 -0.061461 -2.996507 0.142364
11.502 -0.013389 -0.061562 -2.959855 0.142963
11.601 -0.013371 -0.061558 -2.930184 0.142982
11.702 0.003932 -0.049185 -2.911620 0.164253
11.801 0.003774 -0.049225 -2.883695 0.164416
11.901 0.003739 -0.049234 -2.862751 0.164452
12.002 0.004025 -0.049147 -2.827844 0.164751
12.101 0.004165 -0.049100 -2.785956 0.164898
12.201 0.003998 -0.049164 -2.758031 0.165076
12.301 0.003761 -0.049264 -2.712652 0.165333
12.401 0.004194 -0.049057 -2.688218 0.165812
12.501 0.004296 -0.049007 -2.663783 0.165926
12.602 0.003383 -0.049513 -2.616310 0.166971
12.702 0.003706 -0.049317 -2.586814 0.167349
12.801 0.004041 -0.049099 -2.557144 0.167748
12.902 0.003727 -0.049317 -2.513510 0.168130
13.002 0.003774 -0.049281 -2.479825 0.168189
13.102 0.003903 -0.049179 -2.459056 0.168354
13.202 0.003852 -0.049230 -2.416994 0.168427
13.305 0.003635 -0.049422 -2.375106 0.168716
13.402 0.003802 -0.049255 -2.354162 0.168953
13.501 0.003748 -0.049314 -2.312274 0.169034
13.602 0.038442 0.007409 -2.210993 0.235526
13.702 0.038535 0.007539 -2.178007 0.235686
13.802 0.038488 0.007472 -2.148336 0.235768
13.902 0.038632 0.007691 -2.106448 0.236030
14.005 0.038402 0.007292 -2.085330 0.236490
14.102 0.038485 0.007460 -2.043616 0.236678
14.201 0.038469 0.007412 -2.010455 0.236729
14.302 0.038328 0.007105 -1.986020 0.237067
14.402 0.038443 0.007384 -1.938896 0.237369
14.502 0.038383 0.007215 -1.902245 0.237547
14.602 0.038444 0.007404 -1.881301 0.237746
14.704 0.038442 0.007386 -1.842903 0.237764
14.801 0.038392 0.007194 -1.799270 0.237963
14.902 0.038405 0.007253 -1.781817 0.238024
15.002 0.044258 0.026225 -1.710406 0.257878
15.120 0.047744 0.037580 -1.656920 0.269756
15.202 0.047744 0.037580 -1.656920 0.269756
15.301 0.047744 0.037580 -1.656920 0.269756
15.401 0.047743 0.037613 -1.562342 0.269788
15.502 0.047755 0.037234 -1.536162 0.270167
15.602 0.047731 0.037623 -1.499510 0.270557
15.701 0.047758 0.037347 -1.459367 0.270834
15.802 0.047768 0.037246 -1.433187 0.270936
15.902 0.047682 0.037831 -1.396535 0.271527
16.003 0.047805 0.037218 -1.356393 0.272151
16.102 0.047703 0.037647 -1.326722 0.272592
16.201 0.047781 0.037385 -1.286580 0.272866
16.312 0.047805 0.037301 -1.255164 0.272953
16.401 0.047702 0.037597 -1.228984 0.273267
16.501 0.047676 0.037673 -1.200710 0.273347
16.602 0.031045 0.044916 -1.124536 0.291487
16.702 0.031036 0.044928 -1.098356 0.291502
16.802 0.031093 0.044824 -1.068685 0.291620
16.901 0.031025 0.044951 -1.030288 0.291763
17.003 0.031090 0.044843 -0.995207 0.291889
17.101 0.031012 0.044960 -0.969202 0.292029
17.201 0.030827 0.045210 -0.927139 0.292341
17.301 0.030950 0.045052 -0.902705 0.292541
17.401 0.031179 0.044774 -0.860817 0.292901
17.501 0.031031 0.044942 -0.829401 0.293125
17.601 0.030632 0.045365 -0.803221 0.293706
17.702 0.031076 0.044931 -0.759588 0.294327
17.801 0.031088 0.044916 -0.722936 0.294346
17.901 0.030954 0.045031 -0.701992 0.294522
18.002 0.031008 0.044991 -0.672321 0.294589
18.101 0.031133 0.044892 -0.621707 0.294749
18.201 0.010666 0.004865 -0.555313 0.339705
18.305 0.007936 0.000169 -0.510940 0.345136
18.402 0.007970 0.000150 -0.476034 0.345176
18.502 0.008365 -0.000045 -0.446188 0.345616
18.601 0.008145 0.000047 -0.402555 0.345855
18.702 0.008388 -0.000045 -0.366078 0.346114
18.802 0.008594 -0.000122 -0.338153 0.346335
18.901 0.008270 -0.000014 -0.298010 0.346676
19.001 0.008199 0.000006 -0.261358 0.346751
19.101 0.008354 -0.000033 -0.233433 0.346911
19.201 0.008550 -0.000076 -0.193290 0.347112
19.302 0.008392 -0.000047 -0.156638 0.347273
19.402 0.008415 -0.000050 -0.132204 0.347297
19.502 0.008714 -0.000085 -0.106024 0.347597
19.602 0.006005 0.000001 -0.057029 0.350307
19.702 0.001370 0.000121 -0.030762 0.354944
19.803 0.002236 0.000105 -0.016799 0.355810
19.902 0.002376 0.000103 -0.016799 0.355951
20.002 0.002376 0.000103 -0.016799 0.355951
20.101 0.002376 0.000103 -0.016799 0.355951
20.201 0.002376 0.000103 -0.016799 0.355951
20.301 0.002376 0.000103 -0.016799 0.355951
20.402 0.002376 0.000103 -0.016799 0.355951
20.503 0.002376 0.000103 -0.016799 0.355951
20.601 0.002376 0.000103 -0.016799 0.355951
20.701 0.002376 0.000103 -0.016799 0.355951
20.801 0.002756 0.000097 -0.016799 0.356331
20.901 0.007958 -0.000024 -0.023781 0.361534
21.002 0.020366 -0.000333 -0.025526 0.373946
21.101 0.034101 -0.000684 -0.025526 0.387685
21.201 0.046191 -0.000982 -0.023781 0.399779
21.302 0.057567 -0.001248 -0.022035 0.411158
21.402 0.077236 -0.001672 -0.020290 0.430833
21.502 0.088773 -0.001896 -0.018545 0.442371
21.601 0.107117 -0.002214 -0.016799 0.460718
21.701 0.121188 -0.002450 -0.016799 0.474791
21.802 0.133080 -0.002629 -0.015054 0.486684
21.902 0.144917 -0.002823 -0.015054 0.498523
22.001 0.166081 -0.003178 -0.016799 0.519690
22.101 0.177792 -0.003355 -0.013309 0.531403
22.201 0.189625 -0.003512 -0.013309 0.543236
22.302 0.210495 -0.003790 -0.013309 0.564108
22.402 0.222706 -0.003947 -0.011563 0.576320
22.501 0.240348 -0.004095 -0.006327 0.593963
22.601 0.251875 -0.004168 -0.006327 0.605490
22.709 0.310425 0.025222 -0.026184 0.671002
22.802 0.324284 0.024883 -0.024439 0.684866
22.902 0.336339 0.024588 -0.024439 0.696924
23.002 0.353461 0.024180 -0.020948 0.714051
23.101 0.367168 0.023911 -0.019203 0.727760
23.202 0.378377 0.023706 -0.017457 0.738972
23.302 0.395176 0.023388 -0.019203 0.755774
23.401 0.409925 0.023100 -0.019203 0.770525
23.501 0.424331 0.022823 -0.019203 0.784934
23.602 0.436326 0.022593 -0.019203 0.796931
23.702 0.453264 0.022267 -0.019203 0.813872
23.801 0.467577 0.022012 -0.017457 0.828187
23.902 0.478864 0.021796 -0.019203 0.839476
24.001 0.497050 0.021425 -0.026184 0.857666
24.101 0.511430 0.020993 -0.031420 0.872053
24.202 0.523439 0.020531 -0.041892 0.884071
24.301 0.540435 0.019843 -0.040147 0.901081
24.401 0.555416 0.019242 -0.040147 0.916073
24.503 0.567467 0.018758 -0.040147 0.928134
24.601 0.579327 0.018297 -0.038401 0.940003
24.701 0.599676 0.017541 -0.036656 0.960366
24.802 0.611804 0.017107 -0.034911 0.972502
24.902 0.629706 0.016481 -0.034911 0.990415
25.001 0.643779 0.016005 -0.033165 1.004496
25.101 0.655058 0.015630 -0.033165 1.015781
25.202 0.672232 0.015085 -0.031420 1.032963
25.301 0.684065 0.014714 -0.031420 1.044803
25.401 0.702236 0.014158 -0.029675 1.062982
25.501 0.716302 0.013766 -0.026009 1.077054
25.601 0.727366 0.013488 -0.024264 1.088121
25.702 0.744842 0.013096 -0.020599 1.105601
25.802 0.759857 0.012742 -0.031071 1.120620
25.902 0.773488 0.016718 -0.035748 1.134820
26.001 0.833258 0.106033 -0.001265 1.242288
26.107 0.847867 0.105832 -0.022209 1.256900
26.201 0.859434 0.105425 -0.041408 1.268473
26.305 0.873884 0.104684 -0.062352 1.282942
26.401 0.890274 0.103413 -0.086961 1.299382
26.505 0.901586 0.102417 -0.088706 1.310738
26.601 0.919136 0.100856 -0.088706 1.328356
26.702 0.934007 0.099499 -0.090626 1.343289
26.801 0.945484 0.098426 -0.092372 1.354816
26.901 0.963179 0.096761 -0.094117 1.372589
27.001 0.977941 0.095362 -0.094117 1.387417
27.101 0.989601 0.094223 -0.097782 1.399133
27.201 1.004183 0.092798 -0.099527 1.413785
27.302 1.022301 0.090989 -0.099527 1.431993
27.401 1.034371 0.089784 -0.099527 1.444123
27.501 1.049541 0.088361 -0.090626 1.459359
27.602 1.067091 0.086848 -0.083296 1.476975
27.701 1.078227 0.085907 -0.083296 1.488150
27.803 1.095625 0.084465 -0.081551 1.505608
27.901 1.110328 0.083264 -0.077885 1.520360
28.002 1.122043 0.082322 -0.079805 1.532113
28.106 1.136805 0.081170 -0.077885 1.546920
28.201 1.154541 0.079811 -0.074395 1.564708
28.302 1.166017 0.078936 -0.076140 1.576217
28.402 1.180306 0.077851 -0.076140 1.590547
28.501 1.197752 0.076515 -0.076140 1.608045
28.601 1.209501 0.075619 -0.076140 1.619827
28.702 1.227091 0.074287 -0.076140 1.637468
28.802 1.242016 0.073149 -0.074395 1.652436
28.901 1.253466 0.072260 -0.077885 1.663920
29.002 1.302182 0.131920 -0.099246 1.740944
29.102 1.319578 0.130168 -0.100992 1.758427
29.202 1.331290 0.128964 -0.102911 1.770201
29.301 1.346287 0.127355 -0.108322 1.785284
29.401 1.363711 0.125422 -0.111813 1.802815
29.501 1.375621 0.124079 -0.113732 1.814801
29.602 1.386920 0.122763 -0.117223 1.826176
29.701 1.407029 0.120302 -0.128044 1.846435
29.802 1.418260 0.118825 -0.133455 1.857762
29.904 1.430002 0.117220 -0.137120 1.869614
30.002 1.450680 0.114284 -0.144101 1.890499
30.102 1.462126 0.112573 -0.151082 1.902072
30.202 1.473313 0.110824 -0.156318 1.913395
30.302 1.492262 0.107486 -0.184244 1.932636
30.402 1.504463 0.105030 -0.205188 1.945082
30.502 1.515769 0.102569 -0.219150 1.956653
30.602 1.534708 0.098108 -0.236604 1.976109
30.702 1.545063 0.095573 -0.241840 1.986771
30.802 1.555643 0.092924 -0.247076 1.997677
30.902 1.574713 0.087700 -0.292454 2.017450
31.001 1.585037 0.084348 -0.327186 2.028305
31.101 1.595211 0.080623 -0.364013 2.039139
31.201 1.612864 0.073104 -0.433826 2.058327
31.301 1.622516 0.068418 -0.460006 2.069056
31.401 1.632771 0.063189 -0.480950 2.080567
31.501 1.648622 0.054532 -0.510620 2.098628
31.602 1.662958 0.046139 -0.538546 2.115240
31.702 1.675305 0.038588 -0.554254 2.129713
31.801 1.685471 0.032196 -0.564726 2.141721
31.901 1.697766 0.024298 -0.575197 2.156335
32.002 1.712622 0.014606 -0.582179 2.174073
32.101 1.726595 0.016407 -0.596485 2.188161
32.201 1.754903 0.048693 -0.652274 2.231100
32.301 1.771158 0.036161 -0.659256 2.251625
32.402 1.780243 0.029077 -0.664492 2.263145
32.501 1.789561 0.021752 -0.666237 2.274997
32.602 1.801177 0.012541 -0.671473 2.289823
32.701 1.815013 0.001480 -0.678454 2.307536
32.801 1.823927 -0.005732 -0.680200 2.319002
32.902 1.835400 -0.015073 -0.683690 2.333797
33.002 1.848875 -0.026110 -0.687181 2.351215
33.110 1.857874 -0.033508 -0.688926 2.362865
33.202 1.869548 -0.043129 -0.688926 2.377993
33.301 1.881728 -0.053198 -0.692417 2.393796
33.402 1.885278 -0.056143 -0.692417 2.398408
33.501 1.885561 -0.056377 -0.692417 2.398775
33.602 1.885529 -0.056351 -0.692417 2.398817
33.701 1.885529 -0.056351 -0.692417 2.398817
33.802 1.885529 -0.056351 -0.692417 2.398817
33.901 1.885529 -0.056351 -0.692417 2.398817
34.002 1.885529 -0.056351 -0.692417 2.398817
34.101 1.885529 -0.056351 -0.692417 2.398817
34.207 1.885529 -0.056351 -0.692417 2.398817
34.302 1.885529 -0.056351 -0.692417 2.398817
34.407 1.885529 -0.056351 -0.692417 2.398817
34.502 1.885529 -0.056351 -0.692417 2.398817
34.601 1.885529 -0.056351 -0.692417 2.398817
34.704 1.885529 -0.056351 -0.692417 2.398817
34.801 1.885529 -0.056351 -0.692417 2.398817
34.908 1.885529 -0.056351 -0.692417 2.398817
35.002 1.885529 -0.056351 -0.692417 2.398817
35.101 1.885529 -0.056351 -0.692417 2.398817
35.202 1.929936 -0.027008 -0.690146 2.452042
35.304 1.937971 -0.021698 -0.689735 2.461673
35.401 1.937971 -0.021698 -0.689735 2.461673
35.502 1.937971 -0.021698 -0.689735 2.461673
35.602 1.937971 -0.021698 -0.689735 2.461673
35.702 1.937971 -0.021698 -0.689735 2.461673
35.801 1.937971 -0.021698 -0.689735 2.461673
35.914 1.937971 -0.021698 -0.689735 2.461673
36.003 1.937971 -0.021698 -0.689735 2.461673
36.109 1.937971 -0.021698 -0.689735 2.461673
36.203 1.937971 -0.021698 -0.689735 2.461673
36.302 1.937971 -0.021698 -0.689735 2.461673
36.402 1.937971 -0.021698 -0.689735 2.461673
36.501 1.937971 -0.021698 -0.689735 2.461673
36.602 1.937971 -0.021698 -0.689735 2.461673
36.702 1.937971 -0.021698 -0.689735 2.461673
36.801 1.937971 -0.021698 -0.689735 2.461673
36.901 1.937971 -0.021698 -0.689735 2.461673
37.001 1.937971 -0.021698 -0.689735 2.461673
37.101 1.937971 -0.021698 -0.689735 2.461673
37.202 1.937971 -0.021698 -0.689735 2.461673
37.302 1.937971 -0.021698 -0.689735 2.461673
37.401 1.937971 -0.021698 -0.689735 2.461673
37.502 1.937971 -0.021698 -0.689735 2.461673
37.602 1.937971 -0.021698 -0.689735 2.461673
37.702 1.937971 -0.021698 -0.689735 2.461673
37.801 1.937971 -0.021698 -0.689735 2.461673
37.902 1.937971 -0.021698 -0.689735 2.461673
38.003 1.937971 -0.021698 -0.689735 2.461673
38.105 1.937971 -0.021698 -0.689735 2.461673
38.202 1.937971 -0.021698 -0.689735 2.461673
38.303 1.940647 -0.022122 -0.687807 2.464383
38.409 1.946554 -0.026980 -0.689552 2.472031
38.501 1.956000 -0.034723 -0.686061 2.484245
38.602 1.963203 -0.040621 -0.686061 2.493555
38.701 1.968941 -0.045332 -0.686061 2.500978
38.801 1.978255 -0.053293 -0.724458 2.513231
38.908 1.985605 -0.060018 -0.750638 2.523194
39.002 1.991175 -0.065294 -0.764601 2.530866
39.101 1.999739 -0.073629 -0.778564 2.542816
39.201 2.006370 -0.080227 -0.787290 2.552171
39.302 2.011992 -0.085965 -0.797762 2.560204
39.401 2.019752 -0.094013 -0.804744 2.571384
39.502 2.028218 -0.102757 -0.799508 2.583555
39.601 2.035898 -0.110568 -0.790781 2.594509
39.707 2.047726 -0.122286 -0.771582 2.611158
39.801 2.056233 -0.130395 -0.755874 2.622911
39.901 2.069532 -0.142701 -0.748893 2.641030
40.001 2.080201 -0.152654 -0.754129 2.655620
40.101 2.090447 -0.162407 -0.764601 2.669766
40.206 2.098794 -0.170456 -0.769837 2.681362
40.302 2.111288 -0.182646 -0.773328 2.698818
40.401 2.121893 -0.193020 -0.775073 2.713653
40.502 2.130339 -0.201437 -0.792526 2.725577
40.601 2.142108 -0.213591 -0.811725 2.742496
40.702 2.151310 -0.223511 -0.830924 2.756027
40.801 2.156594 -0.229422 -0.846631 2.763955
40.906 2.168071 -0.242918 -0.881538 2.781671
41.001 2.174558 -0.250953 -0.900737 2.791998
41.101 2.180811 -0.258930 -0.909812 2.802133
41.201 2.193237 -0.274942 -0.911558 2.822401
41.302 2.200258 -0.284002 -0.911558 2.833863
41.407 2.207546 -0.293309 -0.904227 2.845684
41.508 2.287654 -0.299666 -0.901647 2.926044
41.602 2.294896 -0.308604 -0.887685 2.937548
41.706 2.305476 -0.321475 -0.880704 2.954209
41.804 2.314864 -0.332800 -0.877213 2.968919
41.901 2.322335 -0.341763 -0.873722 2.980588
42.001 2.333626 -0.355137 -0.866741 2.998091
42.102 2.341175 -0.363995 -0.863250 3.009729
42.202 2.352064 -0.376621 -0.856269 3.026402
42.302 2.361489 -0.387464 -0.852778 3.040769
42.402 2.369263 -0.396364 -0.852778 3.052586
42.504 2.381227 -0.410098 -0.856269 3.070800
42.601 2.389202 -0.419300 -0.858014 3.082977
42.701 2.400659 -0.432593 -0.859760 3.100526
42.802 2.410301 -0.443859 -0.863250 3.115354
42.902 2.418301 -0.453213 -0.863250 3.127663
43.001 2.428069 -0.464665 -0.866741 3.142715
43.101 2.439716 -0.478210 -0.859760 3.160579
43.201 2.447766 -0.487499 -0.856269 3.172871
43.301 2.455519 -0.496374 -0.852778 3.184655
43.401 2.469518 -0.512367 -0.851033 3.205910
43.501 2.477141 -0.521032 -0.851033 3.217451
43.601 2.485394 -0.530421 -0.849288 3.229951
43.701 2.498635 -0.545457 -0.849288 3.249986
43.801 2.505705 -0.553480 -0.847542 3.260680
43.901 2.513109 -0.561904 -0.851033 3.271895
44.001 2.526338 -0.577017 -0.852778 3.291981
44.101 2.534163 -0.585974 -0.852778 3.303874
44.202 2.545492 -0.598920 -0.851033 3.321078
44.303 2.555287 -0.610000 -0.845797 3.335865
44.401 2.563150 -0.618844 -0.842306 3.347700
44.501 2.574517 -0.631518 -0.838816 3.364724
44.609 2.584002 -0.642044 -0.835325 3.378894
44.706 2.594094 -0.649970 -0.833350 3.391726
44.801 2.710346 -0.647991 -0.822231 3.507995
44.918 2.719915 -0.658468 -0.834448 3.522184
45.004 2.727363 -0.666758 -0.843175 3.533329
45.104 2.738310 -0.679199 -0.855392 3.549900
45.201 2.745317 -0.687433 -0.869355 3.560712
45.302 2.754159 -0.698028 -0.878081 3.574512
45.403 2.765204 -0.711495 -0.890299 3.591929
45.504 2.772574 -0.720599 -0.890299 3.603642
45.601 2.783825 -0.734599 -0.893789 3.621603
45.702 2.792590 -0.745504 -0.893789 3.635594
45.801 2.799501 -0.754097 -0.892044 3.646621
45.907 2.808432 -0.765160 -0.890299 3.660839
46.001 2.820253 -0.779607 -0.883317 3.679506
46.108 2.827300 -0.788121 -0.878081 3.690558
46.202 2.836365 -0.798965 -0.871100 3.704692
46.302 2.847268 -0.811766 -0.858883 3.721507
46.401 2.855000 -0.820633 -0.851901 3.733272
46.506 2.862534 -0.829041 -0.832703 3.744562
46.602 2.875850 -0.843490 -0.820485 3.764211
46.702 2.883698 -0.851864 -0.816995 3.775687
46.802 2.891807 -0.860466 -0.813504 3.787508
46.905 2.902055 -0.871252 -0.810013 3.802387
47.001 2.914218 -0.883970 -0.806523 3.819984
47.101 2.922583 -0.892689 -0.806523 3.832068
47.201 2.936459 -0.907127 -0.804777 3.852092
47.304 2.944335 -0.915314 -0.804777 3.863453
47.402 2.956784 -0.928263 -0.804777 3.881415
47.505 2.964890 -0.936739 -0.810013 3.893144
47.602 2.976840 -0.949344 -0.815249 3.910513
47.701 2.986859 -0.960039 -0.820485 3.925168
47.802 3.018766 -0.927553 -0.833952 3.970702
47.902 3.030514 -0.940593 -0.840933 3.988253
48.004 3.040083 -0.951289 -0.840933 4.002605
48.102 3.047739 -0.959877 -0.844424 4.014110
48.202 3.055760 -0.968936 -0.846169 4.026210
48.301 3.069091 -0.984054 -0.847915 4.046367
48.401 3.076826 -0.992823 -0.847915 4.058059
48.511 3.084715 -1.001788 -0.847915 4.070001
48.602 3.098338 -1.017107 -0.840933 4.090501
48.703 3.106348 -1.026052 -0.839188 4.102508
48.802 3.116056 -1.036903 -0.840933 4.117068
48.901 3.127683 -1.050240 -0.867113 4.134762
49.002 3.135162 -1.059230 -0.886312 4.146456
49.102 3.146494 -1.073415 -0.898529 4.164612
49.201 3.151817 -1.080112 -0.900274 4.173167
49.302 3.164516 -1.096155 -0.902020 4.193627
49.401 3.171803 -1.105392 -0.903765 4.205393
49.503 3.179150 -1.114706 -0.903765 4.217255
49.602 3.191854 -1.130855 -0.905510 4.237803
49.706 3.199264 -1.140275 -0.902020 4.249788
49.804 3.206634 -1.149601 -0.903765 4.261674
49.902 3.219778 -1.166218 -0.898529 4.282861
50.001 3.227147 -1.175451 -0.895038 4.294674
50.103 3.234747 -1.184905 -0.893293 4.306805
50.201 3.247429 -1.200612 -0.891548 4.326993
50.301 3.254921 -1.209825 -0.888057 4.338867
50.402 3.262697 -1.219388 -0.888057 4.351193
50.502 3.275245 -1.235046 -0.909001 4.371258
50.602 3.282141 -1.244126 -0.931690 4.382660
50.702 3.288901 -1.253334 -0.938846 4.394083
50.802 3.335589 -1.253825 -0.939924 4.440773
50.901 3.371537 -1.250355 -0.937306 4.476888
51.005 3.378618 -1.259969 -0.933641 4.488829
51.102 3.391228 -1.277006 -0.933641 4.510024
51.210 3.398348 -1.286626 -0.933641 4.521993
51.303 3.405177 -1.295852 -0.933641 4.533471
51.402 3.417597 -1.312727 -0.937306 4.554425
51.502 3.424698 -1.322394 -0.937306 4.566419
51.602 3.431841 -1.332120 -0.937306 4.578486
51.701 3.444134 -1.348875 -0.940971 4.599267
51.804 3.450913 -1.358175 -0.940971 4.610776
51.901 3.457865 -1.367778 -0.944636 4.622631
52.001 3.467913 -1.381753 -0.948301 4.639843
52.101 3.477447 -1.395038 -0.948301 4.656196
52.202 3.482370 -1.401897 -0.948301 4.664638
52.301 3.492508 -1.415888 -0.940971 4.681916
52.406 3.503092 -1.430345 -0.937306 4.699833
52.501 3.511078 -1.441110 -0.929975 4.713237
52.602 3.517765 -1.450035 -0.926310 4.724389
52.702 3.525841 -1.460748 -0.926310 4.737806
52.802 3.532406 -1.469518 -0.929975 4.748760
52.902 3.542797 -1.483515 -0.933641 4.766193
53.005 3.551507 -1.495421 -0.940971 4.780945
53.101 3.558265 -1.504791 -0.948301 4.792497
53.202 3.568354 -1.518969 -0.958948 4.809899
53.302 3.576601 -1.530919 -0.975005 4.824418
53.403 3.580173 -1.536278 -0.985477 4.830858
53.501 3.586698 -1.547374 -1.084961 4.843731
53.602 3.591176 -1.557364 -1.194916 4.854678
53.701 3.593248 -1.563430 -1.262984 4.861089
53.802 3.596182 -1.575844 -1.393884 4.873844
53.901 3.597326 -1.586393 -1.505585 4.884455
54.003 3.597094 -1.602140 -1.641721 4.900204
54.102 3.734915 -1.589386 -1.823311 5.038614
54.201 3.730592 -1.602594 -1.931521 5.052510
54.304 3.723192 -1.618993 -2.039732 5.070502
54.404 3.717264 -1.629487 -2.111290 5.082554
54.502 3.710413 -1.639809 -2.182674 5.094944
54.606 3.697107 -1.656008 -2.313574 5.115906
54.712 3.693130 -1.660108 -2.350400 5.121618
54.802 3.681305 -1.671141 -2.418293 5.137791
54.901 3.666504 -1.683072 -2.488107 5.156802
55.002 3.658165 -1.689179 -2.523013 5.167138
55.101 3.650275 -1.694563 -2.554604 5.176690
55.205 3.650532 -1.722164 -2.588050 5.204292
55.304 3.636636 -1.730361 -2.624527 5.220425
55.401 3.626529 -1.735922 -2.647566 5.231962
55.504 3.655623 -1.748184 -2.653047 5.263535
55.601 3.640335 -1.755861 -2.696680 5.280643
55.702 3.630121 -1.760566 -2.721114 5.291888
55.802 3.619429 -1.765128 -2.747294 5.303513
55.901 3.603388 -1.771255 -2.801400 5.320684
56.002 3.593870 -1.774446 -2.827580 5.330723
56.105 3.584560 -1.777257 -2.858995 5.340448
56.201 3.563599 -1.782779 -2.902629 5.362124
56.301 3.558072 -1.784100 -2.907865 5.367806
56.406 3.537838 -1.788311 -2.960225 5.388475
56.505 3.526035 -1.790215 -2.991640 5.400429
56.602 3.517541 -1.798801 -2.974480 5.412507
56.702 3.501810 -1.801248 -2.991934 5.428428
56.804 3.496784 -1.802006 -2.991934 5.433510
56.901 3.476529 -1.805024 -2.993679 5.453989
57.001 3.465023 -1.806733 -2.993679 5.465621
57.103 3.447542 -1.809338 -2.993679 5.483295
57.202 3.436305 -1.811012 -2.993679 5.494656
57.301 3.425046 -1.812690 -2.993679 5.506039
57.402 3.405360 -1.815603 -3.004151 5.525940
57.502 3.393137 -1.817109 -3.023350 5.538256
57.601 3.379217 -1.818599 -3.037312 5.552255
57.702 3.361689 -1.820407 -3.039058 5.569876
57.801 3.349734 -1.821626 -3.042548 5.581893
57.902 3.335990 -1.822730 -3.068728 5.595681
58.001 3.319130 -1.823702 -3.086181 5.612570
58.101 3.307700 -1.824316 -3.087927 5.624016
58.202 3.289074 -1.825227 -3.101889 5.642664
58.302 3.274979 -1.825659 -3.115852 5.656765
58.401 3.263201 -1.825840 -3.135051 5.668545
58.509 3.249648 -1.825831 3.130681 5.682098
58.604 3.233489 -1.825380 3.102582 5.698263
58.702 3.220828 -1.824773 3.088444 5.710938
58.801 3.206626 -1.823846 3.070817 5.725171
58.902 3.190520 -1.822610 3.061915 5.741324
59.002 3.179890 -1.821678 3.047604 5.751995
59.102 3.165899 -1.820323 3.042193 5.766051
59.201 3.148292 -1.818557 3.049000 5.783747
59.301 3.136615 -1.817516 3.054410 5.795471
59.401 3.119013 -1.816055 3.061741 5.813133
59.504 3.104630 -1.815085 3.081289 5.827548
59.601 3.058657 -1.880122 3.024303 5.907194
59.702 3.039657 -1.882321 3.026823 5.926320
59.811 3.034352 -1.881712 3.026823 5.931660
59.901 3.034216 -1.881697 3.026823 5.931798
60.001 3.034236 -1.881699 3.026823 5.931818
60.102 3.034236 -1.881699 3.026823 5.931818
60.201 3.034236 -1.881699 3.026823 5.931818
60.302 3.034236 -1.881699 3.026823 5.931818
60.402 3.034236 -1.881699 3.026823 5.931818
60.502 3.034236 -1.881699 3.026823 5.931818
60.602 3.034236 -1.881699 3.026823 5.931818
60.702 3.034236 -1.881699 3.026823 5.931818
60.804 3.034236 -1.881699 3.026823 5.931818
60.908 3.034236 -1.881699 3.026823 5.931818
61.001 3.032447 -1.881474 3.012860 5.933620
61.102 3.028382 -1.880916 3.000643 5.937724
61.201 3.020750 -1.879812 3.004133 5.945435
61.302 3.006816 -1.877985 3.018445 5.959489
61.401 2.995704 -1.876615 3.016700 5.970685
61.502 2.980471 -1.874675 3.013035 5.986041
61.608 2.965712 -1.872884 3.030488 6.000907
61.702 2.954375 -1.871671 3.039389 6.012310
61.802 2.942363 -1.870613 3.060333 6.024368
61.901 2.924443 -1.869411 3.087211 6.042328
62.006 2.914254 -1.868961 3.101174 6.052527
62.103 2.902504 -1.868647 3.122118 6.064282
62.201 2.884311 -1.868577 -3.133142 6.082474
62.302 2.873825 -1.868753 -3.117434 6.092962
62.406 2.858090 -1.869300 -3.103472 6.108707
62.501 2.843561 -1.869848 -3.105217 6.123246
62.601 2.831936 -1.870271 -3.105217 6.134878
62.701 2.808915 -1.908923 -3.043276 6.179867
62.801 2.799547 -1.909831 -3.045021 6.189279
62.906 2.796205 -1.910154 -3.045021 6.192636
63.001 2.796884 -1.910089 -3.045021 6.193318
63.102 2.797064 -1.910071 -3.045021 6.193500
63.203 2.797064 -1.910071 -3.045021 6.193500
63.302 2.797064 -1.910071 -3.045021 6.193500
63.401 2.797064 -1.910071 -3.045021 6.193500
63.506 2.797064 -1.910071 -3.045021 6.193500
63.601 2.796037 -1.910171 -3.045021 6.194532
63.701 2.787503 -1.910975 -3.048512 6.203104
63.802 2.778836 -1.911811 -3.041530 6.211811
63.901 2.768399 -1.912873 -3.039785 6.222302
64.004 2.749237 -1.914996 -3.025822 6.241581
64.101 2.741143 -1.915948 -3.022332 6.249731
64.203 2.721987 -1.918565 -2.989170 6.269064
64.301 2.710153 -1.920643 -2.956009 6.281080
64.408 2.696136 -1.923564 -2.929829 6.295398
64.502 2.680578 -1.927092 -2.914121 6.311350
64.602 2.669571 -1.929701 -2.908885 6.322663
64.701 2.655123 -1.933151 -2.907140 6.337517
64.802 2.637933 -1.937326 -2.901904 6.355206
64.901 2.626532 -1.940112 -2.901904 6.366943
65.002 2.612038 -1.943654 -2.901904 6.381864
65.104 2.595076 -1.947831 -2.900159 6.399332
65.202 2.583744 -1.950648 -2.894923 6.411009
65.305 2.569349 -1.954304 -2.891432 6.425862
65.402 2.555031 -1.957968 -2.889687 6.440640
65.505 2.539708 -1.961921 -2.887941 6.456465
65.603 2.527210 -1.965181 -2.884451 6.469381
65.709 2.517074 -1.967874 -2.880960 6.479869
65.801 2.499676 -2.024765 -2.831159 6.539361
65.901 2.495692 -2.026044 -2.831159 6.543545
66.002 2.491861 -2.027260 -2.836395 6.547565
66.102 2.475699 -2.032329 -2.838141 6.564503
66.201 2.460788 -2.036854 -2.860830 6.580085
66.302 2.449238 -2.040011 -2.883519 6.592059
66.402 2.435088 -2.043445 -2.906209 6.606620
66.501 2.418577 -2.047390 -2.907954 6.623596
66.601 2.407460 -2.050047 -2.907954 6.635026
66.702 2.397612 -2.052404 -2.906209 6.645151
66.801 2.385127 -2.055399 -2.906209 6.657990
66.901 2.366515 -2.059862 -2.906209 6.677130
67.002 2.354921 -2.062659 -2.904463 6.689057
67.102 2.338787 -2.066559 -2.904463 6.705656
67.202 2.328570 -2.069047 -2.902718 6.716171
67.302 2.323086 -2.070382 -2.902718 6.721816
67.404 2.322229 -2.070589 -2.904463 6.722697
67.502 2.322229 -2.070589 -2.904463 6.722697
67.605 2.322229 -2.070589 -2.904463 6.722697
67.704 2.322229 -2.070589 -2.904463 6.722697
67.802 2.322229 -2.070589 -2.904463 6.722697
67.901 2.322229 -2.070589 -2.904463 6.722697
68.002 2.322229 -2.070589 -2.904463 6.722697
68.102 2.322229 -2.070589 -2.904463 6.722697
68.204 2.322229 -2.070589 -2.904463 6.722697
68.303 2.322229 -2.070589 -2.904463 6.722697
68.411 2.322229 -2.070589 -2.904463 6.722697
68.502 2.322229 -2.070589 -2.904463 6.722697
68.605 2.322229 -2.070589 -2.904463 6.722697
68.702 2.322229 -2.070589 -2.904463 6.722697
68.802 2.322229 -2.070589 -2.904463 6.722697
68.902 2.322229 -2.070589 -2.904463 6.722697
69.003 2.330007 -2.109771 -2.866855 6.762643
69.101 2.330007 -2.109771 -2.866855 6.762643
69.202 2.330007 -2.109771 -2.866855 6.762643
69.302 2.330007 -2.109771 -2.866855 6.762643
69.402 2.330007 -2.109771 -2.866855 6.762643
69.506 2.330007 -2.109771 -2.866855 6.762643
69.602 2.330007 -2.109771 -2.866855 6.762643
69.705 2.330007 -2.109771 -2.866855 6.762643
69.802 2.330007 -2.109771 -2.866855 6.762643
69.902 2.330007 -2.109771 -2.866855 6.762643
70.002 2.330007 -2.109771 -2.866855 6.762643
70.107 2.330007 -2.109771 -2.866855 6.762643
70.203 2.330007 -2.109771 -2.866855 6.762643
70.308 2.330007 -2.109771 -2.866855 6.762643
70.402 2.330007 -2.109771 -2.866855 6.762643
70.502 2.330007 -2.109771 -2.866855 6.762643
70.602 2.330007 -2.109771 -2.866855 6.762643
70.701 2.330007 -2.109771 -2.866855 6.762643
70.803 2.330007 -2.109771 -2.866855 6.762643
70.902 2.330007 -2.109771 -2.866855 6.762643
71.001 2.330007 -2.109771 -2.866855 6.762643
71.102 2.330007 -2.109771 -2.866855 6.762643
71.202 2.330007 -2.109771 -2.866855 6.762643
71.305 2.330007 -2.109771 -2.866855 6.762643
71.401 2.330007 -2.109771 -2.866855 6.762643
71.502 2.330007 -2.109771 -2.866855 6.762643
71.602 2.330007 -2.109771 -2.866855 6.762643
71.713 2.330007 -2.109771 -2.866855 6.762643
71.802 2.330007 -2.109771 -2.866855 6.762643
71.901 2.330007 -2.109771 -2.866855 6.762643
72.036 2.329964 -2.109619 -2.865354 6.762800
72.102 2.329962 -2.109613 -2.865292 6.762807
72.202 2.329962 -2.109613 -2.865292 6.762807
72.302 2.329962 -2.109613 -2.865292 6.762807
72.404 2.329962 -2.109613 -2.865292 6.762807
72.501 2.329962 -2.109613 -2.865292 6.762807
72.602 2.329962 -2.109613 -2.865292 6.762807
72.702 2.329962 -2.109613 -2.865292 6.762807
72.802 2.329962 -2.109613 -2.865292 6.762807
72.905 2.329962 -2.109613 -2.865292 6.762807
73.002 2.329923 -2.109624 -2.865292 6.762847
73.101 2.319569 -2.112639 -2.853075 6.773631
73.202 2.311954 -2.114981 -2.840858 6.781599
73.301 2.295237 -2.120233 -2.835622 6.799121
73.401 2.278258 -2.125870 -2.804206 6.817012
73.501 2.270244 -2.128724 -2.795479 6.825518
73.603 2.252939 -2.135352 -2.765808 6.844049
73.701 2.236579 -2.142197 -2.732647 6.861784
73.802 2.228418 -2.145802 -2.725666 6.870706
73.902 2.211826 -2.153165 -2.722175 6.888858
74.004 2.195460 -2.160462 -2.722175 6.906776
74.102 2.187755 -2.163897 -2.722175 6.915213
74.201 2.172407 -2.170741 -2.722175 6.932018
74.301 2.161131 -2.175778 -2.720430 6.944368
74.401 2.147002 -2.182087 -2.722175 6.959841
74.502 2.136058 -2.186967 -2.722175 6.971823
74.602 2.122573 -2.192946 -2.725666 6.986574
74.702 2.108442 -2.199167 -2.729156 7.002014
74.802 2.097430 -2.203956 -2.732647 7.014023
74.902 2.087034 -2.208462 -2.732647 7.025354
75.002 2.073331 -2.214362 -2.736138 7.040273
75.102 2.056583 -2.221510 -2.739628 7.058482
75.202 2.045992 -2.226007 -2.741374 7.069988
75.305 2.025704 -2.281109 -2.705645 7.128707
75.403 2.024589 -2.281628 -2.705645 7.129936
75.502 2.025331 -2.281282 -2.705645 7.130755
75.602 2.025950 -2.280994 -2.705645 7.131437
75.701 2.026186 -2.280884 -2.705645 7.131698
75.805 2.026223 -2.280867 -2.705645 7.131738
75.913 2.026223 -2.280867 -2.705645 7.131738
76.002 2.026223 -2.280867 -2.705645 7.131738
76.101 2.026223 -2.280867 -2.705645 7.131738
76.201 2.026223 -2.280867 -2.705645 7.131738
76.305 2.026223 -2.280867 -2.705645 7.131738
76.401 2.026223 -2.280867 -2.705645 7.131738
76.502 2.026223 -2.280867 -2.705645 7.131738
76.602 2.026223 -2.280867 -2.705645 7.131738
76.702 2.026223 -2.280867 -2.705645 7.131738
76.802 2.026223 -2.280867 -2.705645 7.131738
76.902 2.026223 -2.280867 -2.705645 7.131738
77.002 2.026223 -2.280867 -2.705645 7.131738
77.124 2.026223 -2.280867 -2.705645 7.131738
77.201 2.026223 -2.280867 -2.705645 7.131738
77.302 2.026223 -2.280867 -2.705645 7.131738
77.404 2.026223 -2.280867 -2.705645 7.131738
77.503 2.026223 -2.280867 -2.705645 7.131738
77.601 2.026223 -2.280867 -2.705645 7.131738
77.701 2.026223 -2.280867 -2.705645 7.131738
77.802 2.026223 -2.280867 -2.705645 7.131738
77.902 2.026223 -2.280867 -2.705645 7.131738
78.001 2.026223 -2.280867 -2.705645 7.131738
78.102 2.026223 -2.280867 -2.705645 7.131738
78.202 2.026223 -2.280867 -2.705645 7.131738
78.301 2.034300 -2.283736 -2.744947 7.140310
78.401 2.035049 -2.283819 -2.749311 7.141064
78.503 2.035049 -2.283819 -2.749311 7.141064
78.603 2.035049 -2.283819 -2.749311 7.141064
78.702 2.035049 -2.283819 -2.749311 7.141064
78.805 2.035049 -2.283819 -2.749311 7.141064
78.903 2.035049 -2.283819 -2.749311 7.141064
79.002 2.035049 -2.283819 -2.749311 7.141064
79.101 2.035049 -2.283819 -2.749311 7.141064
79.201 2.035049 -2.283819 -2.749311 7.141064
79.302 2.035049 -2.283819 -2.749311 7.141064
79.402 2.035049 -2.283819 -2.749311 7.141064
79.501 2.035049 -2.283819 -2.749311 7.141064
79.601 2.035049 -2.283819 -2.749311 7.141064
79.702 2.035049 -2.283819 -2.749311 7.141064
79.802 2.035049 -2.283819 -2.749311 7.141064
79.902 2.035049 -2.283819 -2.749311 7.141064
80.002 2.032837 -2.284753 -2.740584 7.143465
80.102 2.025987 -2.287668 -2.738839 7.150909
80.214 2.018580 -2.290886 -2.728367 7.158984
80.302 2.006415 -2.296316 -2.719640 7.172307
80.402 1.997884 -2.300151 -2.724876 7.181660
80.502 1.981438 -2.307303 -2.735348 7.199593
80.601 1.967846 -2.313066 -2.740584 7.214357
80.701 1.959631 -2.316549 -2.740584 7.223280
80.803 1.940574 -2.324657 -2.738839 7.243990
80.902 1.929569 -2.329351 -2.737093 7.255955
81.002 1.918641 -2.334029 -2.737093 7.267842
81.101 1.901297 -2.341467 -2.735348 7.286714
81.202 1.897227 -2.343218 -2.731857 7.291144
81.302 1.887807 -2.347309 -2.731857 7.301414
81.403 1.868175 -2.355877 -2.730112 7.322834
81.501 1.865913 -2.389826 -2.691457 7.356858
81.607 1.856006 -2.395914 -2.689852 7.368487
81.701 1.837073 -2.405072 -2.691597 7.389518
81.801 1.826815 -2.410005 -2.693342 7.400901
81.902 1.816087 -2.415159 -2.695088 7.412803
82.002 1.797671 -2.423959 -2.696833 7.433213
82.102 1.787356 -2.428875 -2.696833 7.444640
82.201 1.774174 -2.435127 -2.705560 7.459229
82.301 1.759340 -2.441996 -2.709050 7.475576
82.402 1.750321 -2.446150 -2.710796 7.485506
82.501 1.740145 -2.450800 -2.716032 7.496694
82.604 1.722739 -2.458516 -2.728249 7.515733
82.702 1.711823 -2.463292 -2.729994 7.527649
82.802 1.701257 -2.467893 -2.731740 7.539173
82.905 1.683708 -2.475472 -2.735230 7.558289
83.002 1.673602 -2.479790 -2.738721 7.569279
83.105 1.657498 -2.486614 -2.743957 7.586769
83.202 1.647063 -2.490991 -2.745702 7.598084
83.302 1.634666 -2.496014 -2.761410 7.611460
83.401 1.619998 -2.501801 -2.768392 7.627229
83.502 1.611511 -2.505055 -2.778864 7.636318
83.602 1.598038 -2.510112 -2.785845 7.650708
83.701 1.588636 -2.513579 -2.789336 7.660730
83.803 1.579175 -2.516993 -2.798062 7.670788
83.902 1.571774 -2.519633 -2.799808 7.678646
84.002 1.557959 -2.524488 -2.805044 7.693288
84.101 1.543519 -2.529540 -2.805044 7.708587
84.202 1.532212 -2.533496 -2.805044 7.720566
84.302 1.516793 -2.538890 -2.805044 7.736901
84.401 1.503311 -2.543612 -2.805044 7.751187
84.507 1.491830 -2.549245 -2.809407 7.763975
84.606 1.427297 -2.577957 -3.017738 7.834607
84.702 1.415746 -2.579395 -3.017738 7.846247
84.801 1.404403 -2.580817 -3.014247 7.857679
84.912 1.391581 -2.582639 -2.989813 7.870630
85.002 1.379761 -2.584642 -2.960142 7.882618
85.101 1.374184 -2.585685 -2.953161 7.888292
85.202 1.361116 -2.588378 -2.928726 7.901635
85.302 1.353606 -2.590068 -2.916509 7.909333
85.402 1.345734 -2.591932 -2.906037 7.917422
85.502 1.331987 -2.595339 -2.892074 7.931584
85.601 1.323743 -2.597553 -2.869385 7.940121
85.701 1.312850 -2.600712 -2.851932 7.951463
85.801 1.294507 -2.606692 -2.804808 7.970756
85.910 1.283764 -2.610683 -2.775137 7.982216
86.001 1.273080 -2.615039 -2.741976 7.993754
86.102 1.254238 -2.622996 -2.741976 8.014207
86.201 1.243372 -2.627586 -2.741976 8.026003
86.301 1.232595 -2.632115 -2.743721 8.037693
86.401 1.213541 -2.640107 -2.743721 8.058356
86.502 1.202764 -2.644641 -2.741976 8.070047
86.601 1.192070 -2.649169 -2.738485 8.081660
86.701 1.174250 -2.656843 -2.731504 8.101063
86.802 1.164442 -2.661167 -2.724523 8.111782
86.902 1.154473 -2.665668 -2.712305 8.122719
87.004 1.137662 -2.673462 -2.701659 8.141249
87.112 1.134428 -2.674978 -2.703404 8.144821
87.203 1.134810 -2.674800 -2.705324 8.145241
87.302 1.135617 -2.674423 -2.705324 8.146132
87.405 1.135635 -2.674415 -2.705324 8.146152
87.501 1.135635 -2.674415 -2.705324 8.146152
87.602 1.135635 -2.674415 -2.705324 8.146152
87.702 1.135635 -2.674415 -2.705324 8.146152
87.802 1.190206 -2.734162 -2.584545 8.227070
87.901 1.190206 -2.734162 -2.584545 8.227070
88.002 1.190206 -2.734162 -2.584545 8.227070
88.101 1.185345 -2.737075 -2.615961 8.232736
88.202 1.179091 -2.740540 -2.645631 8.239886
88.301 1.172052 -2.744150 -2.678793 8.247797
88.406 1.157615 -2.750953 -2.720680 8.263756
88.501 1.148571 -2.754834 -2.745115 8.273598
88.604 1.140340 -2.758074 -2.778276 8.282444
88.703 1.126496 -2.762902 -2.825400 8.297106
88.814 1.117387 -2.765684 -2.855071 8.306630
88.901 1.103676 -2.769351 -2.896959 8.320823
89.001 1.089451 -2.772583 -2.931865 8.335411
89.101 1.072381 -2.775738 -2.977244 8.352770
89.202 1.058496 -2.777883 -2.998188 8.366820
89.304 1.048653 -2.779215 -3.012150 8.376752
89.401 1.032361 -2.781102 -3.034840 8.393153
89.502 1.024718 -2.781863 -3.047057 8.400834
89.603 1.009005 -2.783208 -3.061020 8.416605
89.702 0.997528 -2.784040 -3.071492 8.428111
89.801 0.995764 -2.784164 -3.071492 8.429880
89.902 0.996204 -2.784133 -3.071492 8.430321
90.001 0.996204 -2.784133 -3.071492 8.430321
90.103 0.996204 -2.784133 -3.071492 8.430321
90.204 0.996204 -2.784133 -3.071492 8.430321
90.303 0.996204 -2.784133 -3.071492 8.430321
90.401 0.996204 -2.784133 -3.071492 8.430321
90.504 0.996204 -2.784133 -3.071492 8.430321
90.602 0.996204 -2.784133 -3.071492 8.430321
90.702 0.996204 -2.784133 -3.071492 8.430321
90.801 0.996204 -2.784133 -3.071492 8.430321
90.902 0.996204 -2.784133 -3.071492 8.430321
91.002 0.944653 -2.854195 -3.101123 8.517305
91.101 0.944653 -2.854195 -3.101123 8.517305
91.202 0.944653 -2.854195 -3.101123 8.517305
91.302 0.944653 -2.854195 -3.101123 8.517305
91.402 0.944653 -2.854195 -3.101123 8.517305
91.502 0.944653 -2.854195 -3.101123 8.517305
91.602 0.944653 -2.854195 -3.101123 8.517305
91.703 0.944653 -2.854195 -3.101123 8.517305
91.806 0.944653 -2.854195 -3.101123 8.517305
91.902 0.944653 -2.854195 -3.101123 8.517305
92.002 0.944653 -2.854195 -3.101123 8.517305
92.101 0.944653 -2.854195 -3.101123 8.517305
92.201 0.944653 -2.854195 -3.101123 8.517305
92.302 0.944653 -2.854195 -3.101123 8.517305
92.401 0.944653 -2.854195 -3.101123 8.517305
92.502 0.944653 -2.854195 -3.101123 8.517305
92.602 0.944653 -2.854195 -3.101123 8.517305
92.701 0.944653 -2.854195 -3.101123 8.517305
92.802 0.944653 -2.854195 -3.101123 8.517305
92.902 0.944653 -2.854195 -3.101123 8.517305
93.001 0.944085 -2.854220 -3.097633 8.517873
93.102 0.937766 -2.854541 -3.088906 8.524200
93.201 0.927794 -2.855113 -3.080179 8.534189
93.302 0.916438 -2.855857 -3.073198 8.545569
93.401 0.909085 -2.856390 -3.064471 8.552942
93.503 0.901567 -2.857059 -3.048764 8.560489
93.601 0.887860 -2.858524 -3.026074 8.574274
93.702 0.876949 -2.859886 -3.008621 8.585270
93.801 0.866573 -2.861389 -2.992913 8.595754
93.902 0.853349 -2.863515 -2.970224 8.609148
94.001 0.834605 -2.867838 -2.895781 8.628384
94.101 0.824566 -2.870436 -2.887054 8.638753
94.202 0.808974 -2.874535 -2.883563 8.654875
94.303 0.798312 -2.877359 -2.881818 8.665905
94.402 0.787439 -2.880265 -2.880073 8.677160
94.502 0.775140 -2.883569 -2.878327 8.689895
94.602 0.755239 -2.888963 -2.874837 8.710514
94.701 0.745325 -2.891672 -2.874837 8.720791
94.802 0.732161 -2.895299 -2.871346 8.734445
94.902 0.715810 -2.899834 -2.869601 8.751414
95.002 0.704222 -2.903066 -2.869601 8.763445
95.116 0.684135 -2.908704 -2.866110 8.784307
95.201 0.672938 -2.911875 -2.864365 8.795945
95.302 0.659283 -2.915815 -2.855638 8.810157
95.402 0.644291 -2.920265 -2.848657 8.825796
95.503 0.636457 -2.922642 -2.846912 8.833982
95.602 0.619708 -2.927753 -2.845166 8.851494
95.703 0.606178 -2.931911 -2.843421 8.865648
95.802 0.590111 -2.936849 -2.843421 8.882456
95.901 0.579355 -2.940154 -2.843421 8.893710
96.001 0.567614 -2.943785 -2.841676 8.905999
96.102 0.559359 -2.946338 -2.841676 8.914640
96.201 0.546542 -2.950283 -2.850402 8.928050
96.303 0.543603 -2.951108 -2.895781 8.931103
96.403 0.543589 -2.951111 -2.918470 8.931117
96.501 0.542928 -2.951262 -2.916725 8.931795
96.608 0.542752 -2.951302 -2.916725 8.931976
96.704 0.542583 -2.951339 -2.930687 8.932148
96.801 0.542815 -2.951296 -2.970830 8.932383
96.901 0.542514 -2.951334 -3.023190 8.932686
97.002 0.542416 -2.951344 -3.058096 8.932785
97.109 0.591309 -3.028209 -2.916596 9.023883
97.201 0.591294 -3.028212 -2.975937 9.023898
97.301 0.589985 -3.028394 -3.003862 9.025220
97.405 0.579575 -3.029655 -3.035278 9.035706
97.504 0.565552 -3.030965 -3.050986 9.049789
97.601 0.556966 -3.031735 -3.052731 9.058410
97.702 0.538923 -3.033267 -3.063203 9.076518
97.802 0.525205 -3.034093 -3.094619 9.090261
97.904 0.514397 -3.034470 -3.112247 9.101075
98.003 0.496068 -3.034991 -3.114167 9.119411
98.102 0.480848 -3.035387 -3.115912 9.134637
98.209 0.469261 -3.035673 -3.117832 9.146227
98.301 0.451555 -3.036084 -3.119578 9.163938
98.423 0.436620 -3.036418 -3.119578 9.178877
98.502 0.424855 -3.036677 -3.119578 9.190645
98.601 0.406782 -3.037075 -3.119578 9.208722
98.701 0.392612 -3.037387 -3.119578 9.222896
98.801 0.381557 -3.037610 -3.123243 9.233953
98.901 0.370624 -3.037790 -3.126908 9.244887
99.002 0.351404 -3.038026 -3.132493 9.264109
99.101 0.340817 -3.038089 -3.137904 9.274696
99.202 0.329999 -3.038114 -3.141569 9.285514
99.301 0.314111 -3.038072 3.137951 9.301402
99.407 0.311503 -3.038062 3.137951 9.304010
99.501 0.311488 -3.038062 3.137951 9.304025
99.602 0.311528 -3.038062 3.137951 9.304065
99.702 0.311528 -3.038062 3.137951 9.304065
99.802 0.311528 -3.038062 3.137951 9.304065
99.902 0.311528 -3.038062 3.137951 9.304065
100.001 0.311528 -3.038062 3.137951 9.304065
100.102 0.311528 -3.038062 3.137951 9.304065
100.202 0.311528 -3.038062 3.137951 9.304065
100.302 0.311528 -3.038062 3.137951 9.304065
100.402 0.252321 -3.099045 3.030419 9.389061
100.502 0.252321 -3.099045 3.030419 9.389061
100.602 0.252321 -3.099045 3.030419 9.389061
100.702 0.252321 -3.099045 3.030419 9.389061
100.802 0.252321 -3.099045 3.030419 9.389061
100.902 0.252321 -3.099045 3.030419 9.389061
101.002 0.252321 -3.099045 3.030419 9.389061
101.102 0.252321 -3.099045 3.030419 9.389061
101.202 0.252321 -3.099045 3.030419 9.389061
101.302 0.252321 -3.099045 3.030419 9.389061
101.402 0.252321 -3.099045 3.030419 9.389061
101.502 0.252321 -3.099045 3.030419 9.389061
101.602 0.252321 -3.099045 3.030419 9.389061
101.702 0.252321 -3.099045 3.030419 9.389061
101.802 0.252321 -3.099045 3.030419 9.389061
101.902 0.252321 -3.099045 3.030419 9.389061
102.001 0.249878 -3.098765 3.025183 9.391520
102.102 0.242377 -3.097870 3.021518 9.399074
102.201 0.228801 -3.096151 3.012268 9.412759
102.301 0.214113 -3.094118 2.997956 9.427587
102.401 0.202251 -3.092304 2.980503 9.439587
102.502 0.186586 -3.089616 2.966191 9.455481
102.603 0.174017 -3.087251 2.948564 9.468270
102.702 0.163894 -3.085225 2.937917 9.478594
102.802 0.148310 -3.081820 2.923954 9.494545
102.902 0.136811 -3.079234 2.918369 9.506332
103.002 0.119578 -3.075273 2.914704 9.524014
103.102 0.105523 -3.072034 2.916624 9.538438
103.201 0.094054 -3.069410 2.916624 9.550203
103.302 0.079426 -3.066005 2.911039 9.565221
103.405 0.010695 -3.076483 2.809141 9.634747
103.503 -0.000313 -3.072694 2.809141 9.646388
103.601 -0.011519 -3.068842 2.811061 9.658238
103.702 -0.031205 -3.062230 2.822057 9.679005
103.801 -0.042281 -3.058649 2.832529 9.690645
103.902 -0.052598 -3.055458 2.846666 9.701444
104.002 -0.071123 -3.050193 2.874766 9.720703
104.102 -0.082273 -3.047317 2.899200 9.732218
104.202 -0.098602 -3.043496 2.918574 9.748988
104.302 -0.111113 -3.040825 2.937772 9.761781
104.401 -0.122073 -3.038661 2.950164 9.772953
104.502 -0.139564 -3.035390 2.960811 9.790747
104.602 -0.153842 -3.032880 2.969886 9.805244
104.702 -0.164088 -3.031180 2.982278 9.815631
104.802 -0.179802 -3.028745 2.994495 9.831532
104.902 -0.191275 -3.027095 3.000080 9.843123
105.001 -0.207202 -3.024947 3.014392 9.859194
105.107 -0.219228 -3.023496 3.030100 9.871307
105.202 -0.229116 -3.022450 3.037081 9.881250
105.302 -0.246971 -3.020598 3.038827 9.899201
105.402 -0.258508 -3.019434 3.044063 9.910797
105.510 -0.274659 -3.017891 3.052789 9.927021
105.602 -0.287877 -3.016757 3.058025 9.940288
105.702 -0.302726 -3.015539 3.059771 9.955187
105.806 -0.314617 -3.014600 3.065007 9.967115
105.902 -0.325591 -3.013763 3.066752 9.978120
106.002 -0.345066 -3.012322 3.070243 9.997649
106.105 -0.356986 -3.011470 3.070243 10.009599
106.202 -0.368849 -3.010638 3.071988 10.021491
106.303 -0.389440 -3.009338 3.082460 10.042123
106.402 -0.401584 -3.008624 3.082460 10.054288
106.502 -0.405725 -3.088810 -3.076688 10.134580
106.601 -0.418583 -3.116138 -3.028411 10.164782
106.702 -0.429295 -3.117326 -3.035392 10.175560
106.802 -0.444923 -3.118816 -3.056336 10.191258
106.904 -0.454889 -3.119581 -3.068553 10.201253
107.002 -0.470388 -3.120341 -3.110441 10.216771
107.102 -0.484923 -3.120436 3.134172 10.231307
107.205 -0.495831 -3.120154 3.107993 10.242218
107.305 -0.512388 -3.119242 3.073086 10.258800
107.413 -0.525601 -3.118099 3.044986 10.272063
107.503 -0.535848 -3.116980 3.027533 10.282371
107.602 -0.550302 -3.115207 3.013221 10.296933
107.702 -0.567655 -3.112877 3.006065 10.314442
107.802 -0.579137 -3.111276 3.002400 10.326035
107.902 -0.593447 -3.109212 2.993499 10.340493
108.005 -0.609777 -3.106724 2.987914 10.357012
108.102 -0.621225 -3.104936 2.986169 10.368598
108.201 -0.633360 -3.103029 2.984249 10.380882
108.303 -0.653808 -3.099715 2.978838 10.401597
108.402 -0.665479 -3.097752 2.973602 10.413432
108.503 -0.676984 -3.095790 2.971682 10.425103
108.602 -0.696935 -3.092347 2.969937 10.445349
108.701 -0.707615 -3.090495 2.969937 10.456188
108.801 -0.721647 -3.088063 2.969937 10.470429
108.901 -0.735523 -3.085599 2.964352 10.484523
109.001 -0.746661 -3.083573 2.960687 10.495843
109.101 -0.763913 -3.080293 2.949866 10.513404
109.201 -0.777412 -3.077604 2.937474 10.527168
109.303 -0.788286 -3.075236 2.923162 10.538297
109.401 -0.804614 -3.071438 2.907280 10.555061
109.504 -0.818750 -3.067891 2.886336 10.569636
109.601 -0.829529 -3.064946 2.872199 10.580810
109.702 -0.840370 -3.061932 2.870453 10.592062
109.802 -0.895336 -3.077753 2.809604 10.649259
109.902 -0.906304 -3.073972 2.809604 10.660860
110.001 -0.917697 -3.070044 2.809604 10.672912
110.101 -0.936841 -3.063427 2.809604 10.693167
110.201 -0.947224 -3.059861 2.814840 10.704146
110.306 -0.954261 -3.057483 2.816585 10.711573
110.401 -0.966441 -3.053433 2.823915 10.724410
110.509 -0.973394 -3.051161 2.827581 10.731724
110.612 -0.981002 -3.048717 2.834736 10.739714
110.702 -0.999644 -3.043540 2.892332 10.759062
110.801 -1.011404 -3.040776 2.923748 10.771142
110.904 -1.025469 -3.038046 2.963716 10.785470
111.002 -1.042958 -3.035464 3.016076 10.803149
111.101 -1.053873 -3.034353 3.054648 10.814120
111.209 -1.065158 -3.033658 3.094616 10.825426
111.301 -1.085142 -3.033437 -3.129054 10.845411
111.402 -1.096974 -3.033807 -3.099383 10.857249
111.503 -1.110830 -3.034726 -3.050514 10.871136
111.602 -1.125394 -3.036639 -2.982446 10.885825
111.703 -1.134545 -3.038360 -2.940558 10.895136
111.801 -1.144659 -3.040664 -2.903906 10.905510
111.901 -1.163070 -3.045827 -2.839329 10.924631
112.001 -1.172867 -3.049165 -2.797441 10.934981
112.101 -1.183238 -3.053076 -2.779988 10.946065
112.201 -1.195116 -3.057517 -2.785224 10.958746
112.301 -1.210357 -3.063160 -2.790460 10.974998
112.409 -1.220421 -3.066842 -2.792205 10.985714
112.501 -1.287262 -3.132055 -2.832279 11.079097
112.632 -1.290332 -3.133036 -2.832279 11.082321
112.702 -1.291209 -3.133316 -2.832279 11.083241
112.806 -1.294985 -3.134523 -2.832279 11.087205
112.902 -1.296796 -3.135101 -2.832279 11.089107
113.002 -1.299110 -3.135836 -2.834024 11.091534
113.102 -1.299549 -3.135979 -2.847987 11.091996
113.202 -1.299553 -3.135978 -2.870676 11.092000
113.302 -1.300005 -3.136091 -2.912564 11.092467
113.401 -1.300496 -3.136192 -2.963178 11.092967
113.505 -1.305471 -3.136867 -3.020774 11.097988
113.602 -1.316836 -3.137645 -3.115022 11.109379
113.702 -1.321645 -3.137636 3.129766 11.114188
113.801 -1.322463 -3.137626 3.129766 11.115006
113.901 -1.321092 -3.137642 3.131511 11.116377
114.011 -1.320524 -3.137647 3.131511 11.116945
114.101 -1.320504 -3.137648 3.131511 11.116965
114.201 -1.320504 -3.137648 3.131511 11.116965
114.301 -1.320504 -3.137648 3.129766 11.116965
114.401 -1.320504 -3.137648 3.129766 11.116965
114.501 -1.292991 -3.166722 3.074145 11.156993
114.602 -1.293046 -3.166718 3.072225 11.157049
114.701 -1.293285 -3.166701 3.070480 11.157289
114.801 -1.293466 -3.166688 3.068560 11.157470
114.901 -1.293665 -3.166673 3.066815 11.157669
115.002 -1.294009 -3.166647 3.063150 11.158015
115.101 -1.294252 -3.166627 3.061230 11.158258
115.201 -1.294483 -3.166608 3.059485 11.158490
115.302 -1.294643 -3.166595 3.057565 11.158651
115.402 -1.294644 -3.166595 3.055819 11.158652
115.505 -1.294564 -3.166602 3.053900 11.158732
115.601 -1.294166 -3.166638 3.050234 11.159132
115.701 -1.293865 -3.166666 3.046569 11.159434
115.801 -1.293726 -3.166679 3.044824 11.159573
115.901 -1.293766 -3.166675 3.039239 11.159614
116.001 -1.293750 -3.166677 3.037493 11.159630
116.106 -1.293867 -3.166664 3.033828 11.159748
116.202 -1.293807 -3.166671 3.030163 11.159808
116.301 -1.293870 -3.166663 3.026498 11.159871
116.402 -1.294002 -3.166648 3.024578 11.160004
116.501 -1.294161 -3.166629 3.022833 11.160164
116.605 -1.294498 -3.166588 3.019167 11.160504
116.710 -1.294618 -3.166574 3.019167 11.160625
116.802 -1.294797 -3.166551 3.015502 11.160805
116.903 -1.294854 -3.166544 3.013582 11.160863
117.001 -1.294854 -3.166544 3.011837 11.160863
117.103 -1.294729 -3.166560 3.008172 11.160988
117.208 -1.294419 -3.166603 3.004507 11.161302
117.302 -1.294240 -3.166627 3.002587 11.161482
117.403 -1.294160 -3.166639 3.000842 11.161563
117.501 -1.294219 -3.166630 2.997176 11.161623
117.602 -1.294358 -3.166610 2.995256 11.161763
117.702 -1.325879 -3.161206 2.894139 11.193744
117.802 -1.326558 -3.161033 2.888554 11.194445
117.902 -1.326694 -3.160998 2.886809 11.194586
118.010 -1.326557 -3.161034 2.883144 11.194727
118.101 -1.326462 -3.161059 2.879479 11.194825
118.201 -1.326462 -3.161059 2.877559 11.194825
118.302 -1.326598 -3.161022 2.873894 11.194965
118.402 -1.326716 -3.160989 2.872148 11.195088
118.501 -1.326836 -3.160956 2.872148 11.195212
118.602 -1.326972 -3.160919 2.872148 11.195353
118.704 -1.326972 -3.160919 2.872148 11.195353
118.802 -1.330629 -3.159909 2.872148 11.199148
118.901 -1.339856 -3.157361 2.872148 11.208719
119.001 -1.351503 -3.154152 2.872148 11.220801
119.101 -1.359748 -3.151883 2.872148 11.229353
119.201 -1.369020 -3.149322 2.872148 11.238971
119.302 -1.380528 -3.146144 2.872148 11.250910
119.401 -1.388228 -3.144021 2.872148 11.258897
119.502 -1.395987 -3.141879 2.872148 11.266946
119.601 -1.409155 -3.138246 2.872148 11.280606
119.702 -1.416669 -3.136181 2.873894 11.288400
119.801 -1.424312 -3.134078 2.873894 11.296327
119.902 -1.437885 -3.130355 2.873894 11.310401
120.001 -1.445461 -3.128277 2.873894 11.318257
120.102 -1.456845 -3.125148 2.873894 11.330062
120.201 -1.466619 -3.122467 2.873894 11.340198
120.301 -1.473954 -3.120455 2.873894 11.347804
120.401 -1.481757 -3.118315 2.873894 11.355895
120.502 -1.494990 -3.114709 2.875813 11.369611
120.601 -1.502138 -3.112763 2.875813 11.377019
120.701 -1.522036 -3.117257 2.822883 11.397418
120.806 -1.521888 -3.117305 2.822883 11.397574
120.903 -1.521888 -3.117305 2.822883 11.397574
121.008 -1.521888 -3.117305 2.822883 11.397574
121.112 -1.521888 -3.117305 2.822883 11.397574
121.202 -1.521888 -3.117305 2.822883 11.397574
121.302 -1.521888 -3.117305 2.822883 11.397574
121.402 -1.521872 -3.117311 2.822883 11.397591
121.501 -1.521717 -3.117362 2.822883 11.397754
121.605 -1.521682 -3.117374 2.822883 11.397791
121.702 -1.521758 -3.117348 2.822883 11.397872
121.801 -1.521739 -3.117355 2.822883 11.397891
121.902 -1.521739 -3.117355 2.822883 11.397891
122.002 -1.521739 -3.117355 2.822883 11.397891
122.101 -1.521739 -3.117355 2.822883 11.397891
122.202 -1.521739 -3.117355 2.822883 11.397891
122.301 -1.521739 -3.117355 2.822883 11.397891
122.401 -1.521739 -3.117355 2.822883 11.397891
122.501 -1.521739 -3.117355 2.822883 11.397891
122.601 -1.521739 -3.117355 2.822883 11.397891
122.702 -1.521739 -3.117355 2.822883 11.397891
122.801 -1.521739 -3.117355 2.822883 11.397891
122.902 -1.521739 -3.117355 2.822883 11.397891
123.001 -1.521739 -3.117355 2.822883 11.397891
123.101 -1.521739 -3.117355 2.822883 11.397891
123.201 -1.521739 -3.117355 2.822883 11.397891
123.301 -1.521739 -3.117355 2.822883 11.397891
123.402 -1.521739 -3.117355 2.822883 11.397891
123.502 -1.521739 -3.117355 2.822883 11.397891
123.602 -1.521739 -3.117355 2.822883 11.397891
123.704 -1.521739 -3.117355 2.822883 11.397891
123.802 -1.523639 -3.122673 2.819890 11.403538
123.901 -1.526494 -3.130733 2.815332 11.412089
124.001 -1.526494 -3.130733 2.815332 11.412089
124.102 -1.526494 -3.130733 2.815332 11.412089
124.202 -1.526494 -3.130733 2.815332 11.412089
124.302 -1.526494 -3.130733 2.815332 11.412089
124.402 -1.526494 -3.130733 2.815332 11.412089
124.501 -1.526494 -3.130733 2.815332 11.412089
124.602 -1.526494 -3.130733 2.815332 11.412089
124.701 -1.526494 -3.130733 2.815332 11.412089
124.802 -1.526494 -3.130733 2.815332 11.412089
124.902 -1.526494 -3.130733 2.815332 11.412089
125.001 -1.526494 -3.130733 2.815332 11.412089
125.101 -1.526494 -3.130733 2.815332 11.412089
125.201 -1.526494 -3.130733 2.815332 11.412089
125.308 -1.526494 -3.130733 2.815332 11.412089
125.401 -1.526494 -3.130733 2.815332 11.412089
125.501 -1.526494 -3.130733 2.815332 11.412089
125.601 -1.526494 -3.130733 2.815332 11.412089
125.704 -1.526494 -3.130733 2.815332 11.412089
125.802 -1.526494 -3.130733 2.815332 11.412089
125.902 -1.526494 -3.130733 2.815332 11.412089
126.002 -1.526494 -3.130733 2.815332 11.412089
126.101 -1.526494 -3.130733 2.815332 11.412089
126.201 -1.526494 -3.130733 2.815332 11.412089
126.301 -1.526494 -3.130733 2.815332 11.412089
126.402 -1.526494 -3.130733 2.815332 11.412089
126.502 -1.526494 -3.130733 2.815332 11.412089
126.601 -1.526494 -3.130733 2.815332 11.412089
126.702 -1.526171 -3.130678 2.815950 11.412418
126.802 -1.521496 -3.129799 2.824707 11.417175
126.901 -1.521496 -3.129799 2.824707 11.417175
127.002 -1.521496 -3.129799 2.824707 11.417175
127.101 -1.521496 -3.129799 2.824707 11.417175
127.202 -1.521496 -3.129799 2.824707 11.417175
127.301 -1.521496 -3.129799 2.824707 11.417175
127.402 -1.521496 -3.129799 2.824707 11.417175
127.501 -1.521496 -3.129799 2.824707 11.417175
127.602 -1.521496 -3.129799 2.824707 11.417175
127.701 -1.521496 -3.129799 2.824707 11.417175
127.801 -1.521496 -3.129799 2.824707 11.417175
127.901 -1.521496 -3.129799 2.824707 11.417175
128.002 -1.521496 -3.129799 2.824707 11.417175
128.101 -1.521496 -3.129799 2.824707 11.417175
128.201 -1.521496 -3.129799 2.824707 11.417175
128.303 -1.521496 -3.129799 2.824707 11.417175
128.401 -1.521496 -3.129799 2.824707 11.417175
128.502 -1.521496 -3.129799 2.824707 11.417175
128.601 -1.521496 -3.129799 2.824707 11.417175
128.701 -1.521496 -3.129799 2.824707 11.417175
128.801 -1.521496 -3.129799 2.824707 11.417175
128.901 -1.521496 -3.129799 2.824707 11.417175
129.001 -1.521496 -3.129799 2.824707 11.417175
129.101 -1.521496 -3.129799 2.824707 11.417175
129.201 -1.521496 -3.129799 2.824707 11.417175
129.302 -1.521496 -3.129799 2.824707 11.417175
129.401 -1.521496 -3.129799 2.824707 11.417175
129.501 -1.521496 -3.129799 2.824707 11.417175
129.601 -1.521496 -3.129799 2.824707 11.417175
129.701 -1.521496 -3.129799 2.824707 11.417175
129.801 -1.521496 -3.129799 2.824707 11.417175
129.901 -1.521496 -3.129799 2.824707 11.417175
130.002 -1.521496 -3.129799 2.824707 11.417175
130.101 -1.521496 -3.129799 2.824707 11.417175
130.201 -1.521496 -3.129799 2.824707 11.417175
130.301 -1.521496 -3.129799 2.824707 11.417175
130.402 -1.521496 -3.129799 2.824707 11.417175
130.502 -1.521496 -3.129799 2.824707 11.417175
130.602 -1.521496 -3.129799 2.824707 11.417175
130.702 -1.521496 -3.129799 2.824707 11.417175
130.801 -1.521496 -3.129799 2.824707 11.417175
130.901 -1.521496 -3.129799 2.824707 11.417175
131.001 -1.521496 -3.129799 2.824707 11.417175
131.101 -1.521496 -3.129799 2.824707 11.417175
131.201 -1.521496 -3.129799 2.824707 11.417175
131.302 -1.521496 -3.129799 2.824707 11.417175
131.402 -1.521496 -3.129799 2.824707 11.417175
131.502 -1.521496 -3.129799 2.824707 11.417175
131.601 -1.521496 -3.129799 2.824707 11.417175
131.701 -1.521496 -3.129799 2.824707 11.417175
131.801 -1.521496 -3.129799 2.824707 11.417175
131.901 -1.521496 -3.129799 2.824707 11.417175
132.001 -1.521515 -3.129792 2.824707 11.417195
132.101 -1.521515 -3.129792 2.824707 11.417195
132.201 -1.521515 -3.129792 2.824707 11.417195
132.301 -1.521515 -3.129792 2.824707 11.417195
132.402 -1.521515 -3.129792 2.824707 11.417195
132.502 -1.521515 -3.129792 2.824707 11.417195
132.604 -1.521515 -3.129792 2.824707 11.417195
132.701 -1.521515 -3.129792 2.824707 11.417195
132.802 -1.521515 -3.129792 2.824707 11.417195
132.902 -1.521515 -3.129792 2.824707 11.417195
133.001 -1.521514 -3.126668 2.824707 11.420319
133.101 -1.521514 -3.126668 2.824707 11.420319
133.201 -1.521514 -3.126668 2.824707 11.420319
133.301 -1.521514 -3.126668 2.824707 11.420319
133.402 -1.521514 -3.126668 2.824707 11.420319
133.501 -1.521514 -3.126668 2.824707 11.420319
133.602 -1.521514 -3.126668 2.824707 11.420319
133.703 -1.521514 -3.126668 2.824707 11.420319
133.801 -1.521514 -3.126668 2.824707 11.420319
