# t_sec x y yaw_rad cum_dist_m
0.103 0.003188 -0.000820 0.007813 0.000000
0.203 0.003188 -0.000820 0.007813 0.000000
0.302 0.003188 -0.000820 0.007813 0.000000
0.402 0.003188 -0.000820 0.007813 0.000000
0.502 0.003188 -0.000820 0.007813 0.000000
0.602 0.003188 -0.000820 0.007813 0.000000
0.706 0.003188 -0.000820 0.007813 0.000000
0.802 0.003390 -0.000816 0.023695 0.000202
0.902 0.003252 -0.000820 0.037483 0.000341
1.002 0.003029 -0.000833 0.063663 0.000564
1.102 0.003329 -0.000805 0.105551 0.000865
1.202 0.003328 -0.000805 0.131731 0.000866
1.314 0.003147 -0.000833 0.157911 0.001050
1.402 0.003188 -0.000816 0.204860 0.001095
1.502 0.003563 -0.000733 0.232960 0.001479
1.602 0.002921 -0.000898 0.259140 0.002143
1.704 0.003088 -0.000834 0.311500 0.002322
1.805 0.003316 -0.000757 0.335934 0.002562
1.902 -0.013943 -0.008840 0.410394 0.021621
2.002 -0.018538 -0.010995 0.462702 0.026696
2.102 -0.018326 -0.010884 0.485391 0.026935
2.202 -0.017663 -0.010518 0.514887 0.027692
2.302 -0.018462 -0.011010 0.562360 0.028630
2.403 -0.018752 -0.011194 0.583304 0.028973
2.511 -0.018071 -0.010726 0.609484 0.029800
2.602 -0.018358 -0.010938 0.637409 0.030156
2.702 -0.018487 -0.011022 0.675806 0.030311
2.805 -0.018112 -0.010713 0.696750 0.030796
2.903 -0.018371 -0.010938 0.728166 0.031138
3.010 -0.018220 -0.010799 0.745619 0.031343
3.103 -0.018582 -0.011171 0.790998 0.031862
3.202 -0.018605 -0.011192 0.820669 0.031894
3.308 -0.018486 -0.011061 0.832886 0.032071
3.409 -0.018516 -0.011139 0.895892 0.032155
3.502 -0.016068 -0.008774 0.933455 0.035558
3.602 -0.016074 -0.008792 0.975343 0.035576
3.702 -0.016187 -0.008960 1.011995 0.035778
3.802 -0.016064 -0.008754 1.039920 0.036018
3.902 -0.016161 -0.008930 1.069590 0.036219
4.002 -0.016013 -0.008641 1.099261 0.036544
4.102 -0.016054 -0.008736 1.139404 0.036648
4.205 -0.016103 -0.008845 1.177801 0.036767
4.302 -0.016066 -0.008751 1.205726 0.036869
4.404 -0.016092 -0.008830 1.244123 0.036952
4.502 -0.016136 -0.008967 1.280775 0.037095
4.613 -0.016087 -0.008792 1.306955 0.037276
4.702 -0.016041 -0.008584 1.352159 0.037490
4.802 -0.016028 -0.008525 1.382004 0.037550
4.902 -0.016092 -0.008892 1.424067 0.037923
5.003 -0.016074 -0.008754 1.448676 0.038062
5.102 -0.016059 -0.008619 1.481837 0.038199
5.204 -0.016057 -0.008499 1.527216 0.038318
5.302 -0.002991 -0.018115 1.549180 0.054541
5.402 -0.002993 -0.018434 1.582516 0.054860
5.502 -0.003013 -0.017873 1.620913 0.055422
5.602 -0.003011 -0.017891 1.647093 0.055440
5.702 -0.003001 -0.017967 1.690726 0.055516
5.802 -0.002974 -0.018166 1.713415 0.055717
5.908 -0.002967 -0.018240 1.760539 0.055791
6.002 -0.003012 -0.018024 1.784974 0.056011
6.102 -0.002973 -0.018177 1.814645 0.056169
6.202 -0.002980 -0.018169 1.861768 0.056180
6.302 -0.003074 -0.017874 1.889694 0.056489
6.402 -0.002907 -0.018349 1.917619 0.056992
6.502 -0.002853 -0.018496 1.949035 0.057149
6.608 -0.002962 -0.018235 1.996159 0.057431
6.702 -0.002919 -0.018329 2.027575 0.057535
6.802 -0.003583 -0.026365 2.092689 0.065598
6.902 -0.003614 -0.026316 2.118868 0.065656
7.002 -0.003799 -0.026025 2.143303 0.066001
7.102 -0.003596 -0.026306 2.199154 0.066348
7.202 -0.003343 -0.026645 2.221843 0.066770
7.302 -0.003583 -0.026341 2.253259 0.067157
7.402 -0.003568 -0.026356 2.296892 0.067178
7.502 -0.003730 -0.026194 2.337035 0.067407
7.602 -0.003785 -0.026136 2.354488 0.067487
7.702 -0.003540 -0.026371 2.399867 0.067826
7.802 -0.003480 -0.026424 2.431282 0.067906
7.902 -0.003248 -0.026616 2.455892 0.068207
8.002 -0.003317 -0.026574 2.506506 0.068288
8.103 -0.001075 -0.023065 2.549495 0.072452
8.202 -0.000401 -0.023503 2.572185 0.073257
8.302 -0.000644 -0.023364 2.614247 0.073537
8.402 -0.000888 -0.023226 2.656309 0.073817
8.502 -0.000816 -0.023263 2.673588 0.073897
8.602 -0.000991 -0.023181 2.717221 0.074090
8.702 -0.000912 -0.023220 2.762774 0.074178
8.802 -0.001100 -0.023149 2.785464 0.074379
8.902 -0.000831 -0.023239 2.827352 0.074663
9.002 -0.001330 -0.023087 2.855451 0.075185
9.104 -0.001191 -0.023122 2.888438 0.075328
9.202 -0.000764 -0.023227 2.928755 0.075767
9.302 -0.001079 -0.023167 2.970818 0.076087
9.402 -0.001218 -0.023145 2.988097 0.076228
9.502 -0.001048 -0.023167 3.016196 0.076400
9.610 -0.029741 -0.047406 3.032780 0.113962
9.702 -0.030126 -0.047373 3.062451 0.114348
9.802 -0.030622 -0.047339 3.088631 0.114845
9.902 -0.029521 -0.047368 3.140991 0.115947
10.002 -0.029965 -0.047376 -3.117760 0.116392
10.102 -0.030503 -0.047397 -3.089835 0.116930
10.202 -0.029744 -0.047342 -3.040966 0.117692
10.303 -0.029895 -0.047359 -3.014786 0.117844
10.405 -0.029620 -0.047319 -2.979879 0.118122
10.504 -0.030127 -0.047417 -2.936246 0.118638
10.602 -0.029852 -0.047352 -2.908321 0.118921
10.702 -0.029583 -0.047287 -2.873414 0.119198
10.802 -0.030079 -0.047436 -2.836762 0.119715
10.902 -0.029622 -0.047280 -2.808837 0.120197
11.002 -0.029336 -0.047177 -2.780912 0.120501
11.102 0.000815 -0.036099 -2.713261 0.152623
11.202 0.000866 -0.036074 -2.686907 0.152679
11.302 0.001045 -0.035982 -2.648509 0.152881
11.402 0.000992 -0.036010 -2.625471 0.152941
11.504 0.001321 -0.035817 -2.602782 0.153322
11.602 0.000809 -0.036136 -2.560894 0.153926
11.704 0.001224 -0.035851 -2.532794 0.154430
11.802 0.001417 -0.035713 -2.508534 0.154666
11.902 0.001076 -0.035978 -2.468217 0.155098
12.002 0.000966 -0.036068 -2.442037 0.155240
12.102 0.001112 -0.035935 -2.403465 0.155438
12.202 0.001638 -0.035440 -2.368559 0.156161
12.311 0.001293 -0.035789 -2.349011 0.156651
12.402 0.000891 -0.036198 -2.303807 0.157225
12.502 0.001358 -0.035661 -2.277452 0.157937
12.606 0.001215 -0.035844 -2.235565 0.158169
12.702 0.021625 -0.018997 -2.186825 0.184634
12.803 0.051778 0.006166 -2.101884 0.223908
12.902 0.051796 0.006199 -2.079195 0.223944
13.002 0.052059 0.006694 -2.042543 0.224506
13.102 0.051902 0.006368 -2.009382 0.224867
13.204 0.051918 0.006405 -1.981457 0.224907
13.302 0.052078 0.006779 -1.939569 0.225313
13.402 0.051719 0.005793 -1.904662 0.226363
13.502 0.051866 0.006256 -1.876737 0.226849
13.602 0.051983 0.006638 -1.834849 0.227249
13.702 0.051857 0.006137 -1.805178 0.227766
13.802 0.051903 0.006362 -1.763290 0.227996
13.902 0.051944 0.006579 -1.728384 0.228216
14.002 0.051971 0.006775 -1.700459 0.228414
14.103 0.051915 0.006236 -1.665552 0.228956
14.204 0.051908 0.006220 -1.628900 0.228974
14.302 0.051948 0.007877 -1.593661 0.230632
14.403 0.052381 0.029860 -1.524355 0.252619
14.503 0.052379 0.029867 -1.489449 0.252626
14.602 0.052346 0.030185 -1.463269 0.252946
14.702 0.052335 0.030284 -1.431853 0.253046
14.802 0.052422 0.029793 -1.386474 0.253545
14.902 0.052382 0.029982 -1.356804 0.253738
15.002 0.052294 0.030365 -1.328878 0.254132
15.103 0.052384 0.030040 -1.286990 0.254470
15.203 0.052484 0.029710 -1.259065 0.254814
15.309 0.052446 0.029823 -1.220668 0.254934
15.402 0.052321 0.030138 -1.180525 0.255273
15.502 0.052362 0.030046 -1.152600 0.255374
15.602 0.052428 0.029901 -1.129911 0.255533
15.705 0.052276 0.030194 -1.082612 0.255863
15.806 0.052335 0.030090 -1.053116 0.255984
15.913 0.052563 0.029703 -1.023446 0.256432
16.002 0.052424 0.029924 -0.981209 0.256693
16.102 0.034722 0.029578 -0.928856 0.274399
16.202 0.034772 0.029515 -0.899185 0.274480
16.302 0.034842 0.029428 -0.850316 0.274591
16.402 0.034692 0.029591 -0.822391 0.274813
16.502 0.034529 0.029764 -0.796211 0.275050
16.602 0.035017 0.029295 -0.745596 0.275727
16.702 0.034986 0.029322 -0.717671 0.275768
16.802 0.034296 0.029902 -0.693236 0.276669
16.902 0.034632 0.029657 -0.630404 0.277085
17.002 0.035059 0.029356 -0.604224 0.277607
17.102 0.034889 0.029468 -0.564082 0.277811
17.202 0.034805 0.029519 -0.539647 0.277908
17.307 0.025111 0.039545 -0.485924 0.291854
17.402 0.015571 0.049408 -0.446093 0.305576
17.502 0.015151 0.049600 -0.409441 0.306039
17.602 0.015458 0.049476 -0.378025 0.306370
17.702 0.015937 0.049293 -0.351845 0.306883
17.802 0.014720 0.049703 -0.301230 0.308167
17.902 0.015304 0.049532 -0.275051 0.308776
18.002 0.015177 0.049556 -0.227927 0.308905
18.102 0.015138 0.049566 -0.193020 0.308945
18.202 0.015315 0.049533 -0.166840 0.309125
18.311 0.015177 0.049555 -0.137170 0.309265
18.402 0.015755 0.049497 -0.086555 0.309846
18.502 0.015214 0.049533 -0.058630 0.310389
18.609 0.015073 0.049540 -0.034195 0.310530
18.705 0.015712 0.049532 0.014674 0.311168
18.802 0.009804 0.046956 0.044077 0.317613
18.903 -0.023265 0.031828 0.077406 0.353978
19.002 -0.022308 0.031911 0.086133 0.354940
19.102 -0.022188 0.031921 0.086133 0.355060
19.202 -0.022188 0.031921 0.086133 0.355060
19.302 -0.022188 0.031921 0.086133 0.355060
19.402 -0.022188 0.031921 0.086133 0.355060
19.502 -0.022188 0.031921 0.086133 0.355060
19.602 -0.022188 0.031921 0.086133 0.355060
19.702 -0.022188 0.031921 0.086133 0.355060
19.802 -0.022188 0.031921 0.086133 0.355060
19.902 -0.022188 0.031921 0.086133 0.355060
20.002 -0.022188 0.031921 0.086133 0.355060
20.102 -0.022188 0.031921 0.086133 0.355060
20.202 -0.017528 0.032329 0.087878 0.359737
20.302 -0.005230 0.033446 0.094859 0.372087
20.402 0.003176 0.034271 0.098350 0.380533
20.502 0.021041 0.036171 0.108996 0.398498
20.602 0.035880 0.037918 0.123134 0.413440
20.702 0.047722 0.039503 0.139016 0.425387
20.804 0.058160 0.041010 0.145997 0.435934
20.902 0.071632 0.043122 0.161705 0.449570
21.005 0.087385 0.045761 0.168687 0.465543
21.105 0.097750 0.047550 0.172177 0.476062
21.203 0.109048 0.049603 0.186140 0.487544
21.302 0.128903 0.053558 0.205339 0.507789
21.403 0.140413 0.055971 0.208829 0.519550
21.502 0.151941 0.058451 0.212320 0.531341
21.602 0.171594 0.062763 0.219650 0.551461
21.711 0.182723 0.065252 0.221396 0.562865
21.802 0.193922 0.067773 0.221396 0.574345
21.902 0.213112 0.072062 0.215985 0.594008
22.017 0.260249 0.086022 0.238262 0.643169
22.102 0.270908 0.088450 0.215573 0.654101
22.204 0.291137 0.092815 0.210163 0.674795
22.302 0.302905 0.095309 0.208417 0.686825
22.403 0.314428 0.097714 0.204927 0.698597
22.502 0.329211 0.100787 0.204927 0.713696
22.602 0.346645 0.104400 0.203181 0.731500
22.702 0.358708 0.106901 0.203181 0.743819
22.803 0.378655 0.111037 0.204927 0.764191
22.902 0.390448 0.113499 0.206672 0.776238
23.002 0.401939 0.115950 0.211908 0.787987
23.102 0.422404 0.120409 0.217318 0.808933
23.202 0.430683 0.122222 0.215573 0.817408
23.302 0.449901 0.126485 0.220809 0.837093
23.402 0.460445 0.128905 0.226045 0.847911
23.502 0.470770 0.131313 0.229536 0.858513
23.602 0.489676 0.135586 0.217318 0.877895
23.702 0.498239 0.137445 0.211908 0.886659
23.802 0.517315 0.141616 0.219064 0.906185
23.902 0.529633 0.144399 0.222554 0.918814
24.002 0.541001 0.146990 0.226045 0.930473
24.103 0.561102 0.151587 0.224300 0.951093
24.202 0.572805 0.154288 0.226045 0.963104
24.302 0.584430 0.156962 0.226045 0.975032
24.402 0.598853 0.160163 0.213653 0.989806
24.502 0.615998 0.163706 0.199691 1.007313
24.602 0.626604 0.165867 0.201436 1.018137
24.702 0.646176 0.169974 0.211908 1.038136
24.802 0.655410 0.172004 0.220809 1.047590
24.902 0.664643 0.174121 0.231281 1.057062
25.002 0.682690 0.178578 0.250654 1.075652
25.103 0.714204 0.259668 0.240439 1.162649
25.202 0.724880 0.262254 0.231713 1.173635
25.302 0.740935 0.265983 0.224382 1.190117
25.404 0.756554 0.269318 0.198202 1.206088
25.506 0.764543 0.270873 0.189301 1.214227
25.602 0.781534 0.273928 0.175338 1.231490
25.702 0.798695 0.276802 0.161376 1.248890
25.802 0.806398 0.277986 0.147413 1.256684
25.902 0.821018 0.280017 0.129785 1.271444
26.005 0.835097 0.281698 0.110587 1.285623
26.102 0.846917 0.282946 0.101686 1.297509
26.202 0.864710 0.284616 0.089468 1.315380
26.302 0.879344 0.285863 0.080742 1.330067
26.402 0.896312 0.287221 0.077251 1.347089
26.502 0.908467 0.288162 0.077251 1.359281
26.602 0.919596 0.289009 0.075506 1.370442
26.703 0.939720 0.290476 0.073586 1.390619
26.802 0.952152 0.291392 0.073586 1.403085
26.902 0.964147 0.292294 0.075506 1.415114
27.002 0.977013 0.293303 0.080742 1.428019
27.102 0.988770 0.294287 0.085978 1.439818
27.202 1.007908 0.295983 0.089468 1.459031
27.302 1.020235 0.297121 0.092959 1.471410
27.408 1.031920 0.298226 0.094704 1.483147
27.503 1.046084 0.299577 0.096450 1.497375
27.603 1.062221 0.301262 0.110587 1.513600
27.702 1.071953 0.302381 0.117568 1.523397
27.802 1.091648 0.304763 0.121059 1.543234
27.902 1.103621 0.306236 0.124549 1.555298
28.002 1.117795 0.308056 0.129785 1.569589
28.102 1.156254 0.359104 0.140210 1.633503
28.202 1.175413 0.365712 0.144457 1.653769
28.302 1.187680 0.367513 0.146202 1.666167
28.412 1.204847 0.369864 0.125258 1.683495
28.502 1.212965 0.370812 0.111295 1.691668
28.602 1.221348 0.371690 0.098904 1.700097
28.702 1.230591 0.372473 0.074469 1.709373
28.809 1.242149 0.373257 0.063997 1.720957
28.902 1.250308 0.373766 0.060506 1.729132
29.002 1.257912 0.374202 0.054921 1.736749
29.102 1.272358 0.374862 0.042355 1.751210
29.202 1.283358 0.375323 0.040610 1.762220
29.302 1.301582 0.376036 0.037119 1.780458
29.402 1.318511 0.376665 0.037119 1.797399
29.503 1.327277 0.376991 0.037119 1.806170
29.602 1.345052 0.377630 0.035374 1.823957
29.702 1.360156 0.378164 0.035374 1.839070
29.802 1.372077 0.378475 0.019666 1.850995
29.902 1.389448 0.378623 0.003958 1.868367
30.002 1.404149 0.378671 0.002212 1.883068
30.102 1.416034 0.378697 0.002212 1.894953
30.202 1.434059 0.378689 -0.003198 1.912979
30.302 1.451795 0.378592 -0.006689 1.930714
30.405 1.460535 0.378619 0.009019 1.939454
30.503 1.472123 0.378745 0.014255 1.951043
30.602 1.489756 0.379119 0.024727 1.968680
30.702 1.496903 0.379335 0.036944 1.975830
30.802 1.515878 0.380157 0.045671 1.994823
30.902 1.527424 0.380750 0.054398 2.006385
31.007 1.543620 0.381790 0.068884 2.022614
31.102 1.556264 0.382727 0.079530 2.035293
31.202 1.586773 0.428367 0.040471 2.090191
31.302 1.598841 0.429567 0.043287 2.102318
31.403 1.617567 0.430506 0.055505 2.121068
31.502 1.627819 0.431127 0.066151 2.131339
31.606 1.644927 0.432345 0.075052 2.148490
31.702 1.659492 0.433589 0.089015 2.163108
31.804 1.670218 0.434663 0.106468 2.173888
31.905 1.679394 0.435712 0.116940 2.183123
32.002 1.698110 0.438029 0.127412 2.201982
32.102 1.709850 0.439543 0.129158 2.213819
32.202 1.720624 0.440827 0.115195 2.224670
32.302 1.740870 0.442969 0.099487 2.245029
32.402 1.752781 0.444195 0.102978 2.257003
32.502 1.764249 0.445390 0.104723 2.268533
32.602 1.784355 0.447667 0.118686 2.288767
32.702 1.795562 0.449074 0.129158 2.300062
32.805 1.807282 0.450644 0.134568 2.311887
32.902 1.827393 0.453596 0.153767 2.332214
33.002 1.839155 0.455466 0.159003 2.344123
33.102 1.850977 0.457459 0.174885 2.356112
33.202 1.870987 0.461081 0.181867 2.376447
33.302 1.882385 0.463203 0.185357 2.388041
33.402 1.893870 0.465383 0.188848 2.399731
33.502 1.913719 0.469227 0.194084 2.419949
33.602 1.924634 0.471412 0.197575 2.431080
33.702 1.935615 0.473641 0.201240 2.442285
33.803 1.955836 0.477816 0.204905 2.462933
33.902 1.966723 0.480104 0.208570 2.474058
34.002 1.981701 0.483274 0.208570 2.489367
34.102 1.999013 0.486999 0.212235 2.507076
34.204 2.011114 0.489612 0.213981 2.519456
34.302 2.028625 0.493417 0.213981 2.537375
34.402 2.043104 0.496575 0.215726 2.552194
34.502 2.054973 0.499181 0.217471 2.564346
34.602 2.072029 0.502950 0.217471 2.581814
34.703 2.079150 0.615559 0.389855 2.694648
34.802 2.091688 0.620696 0.389855 2.708198
34.902 2.102106 0.624961 0.389855 2.719455
35.002 2.118612 0.631300 0.351458 2.737137
35.102 2.132981 0.636247 0.316551 2.752333
35.202 2.144106 0.639688 0.293862 2.763978
35.303 2.161877 0.644450 0.234521 2.782376
35.413 2.173156 0.646852 0.194378 2.793907
35.502 2.187922 0.649381 0.154235 2.808889
35.602 2.205677 0.651752 0.113918 2.826801
35.702 2.217598 0.652932 0.087738 2.838781
35.802 2.235111 0.654128 0.051087 2.856335
35.902 2.249123 0.654579 0.021416 2.870354
36.002 2.260731 0.654775 0.010944 2.881964
36.102 2.277963 0.654619 -0.025708 2.899196
36.202 2.292911 0.653931 -0.057124 2.914160
36.303 2.307150 0.652820 -0.091856 2.928443
36.402 2.318046 0.651635 -0.116465 2.939403
36.502 2.329805 0.650099 -0.135838 2.951261
36.602 2.349571 0.647187 -0.151721 2.971241
36.703 2.361265 0.645337 -0.160447 2.983080
36.805 2.372320 0.643563 -0.158702 2.994277
36.902 2.392613 0.640336 -0.155211 3.014825
37.003 2.404277 0.638532 -0.153466 3.026628
37.102 2.416036 0.636760 -0.148230 3.038519
37.202 2.454906 0.685738 -0.167462 3.101047
37.302 2.466325 0.683828 -0.163971 3.112624
37.402 2.477927 0.681883 -0.167462 3.124388
37.502 2.498517 0.678385 -0.171127 3.145273
37.602 2.510287 0.676372 -0.169382 3.157214
37.704 2.522070 0.674357 -0.169382 3.169168
37.802 2.542370 0.670644 -0.186835 3.189805
37.903 2.553360 0.668526 -0.193816 3.200997
38.003 2.571289 0.665007 -0.193816 3.219268
38.102 2.585748 0.662148 -0.195562 3.234007
38.202 2.597257 0.659847 -0.197307 3.245744
38.302 2.608774 0.657550 -0.195562 3.257488
38.402 2.629496 0.653412 -0.195562 3.278619
38.502 2.640456 0.651231 -0.197307 3.289793
38.602 2.658315 0.647731 -0.192071 3.307993
38.702 2.670117 0.645473 -0.188580 3.320008
38.806 2.684363 0.642829 -0.179854 3.334497
38.902 2.701032 0.639944 -0.165717 3.351415
39.002 2.711757 0.638225 -0.156641 3.362276
39.102 2.727296 0.635926 -0.140409 3.377984
39.202 2.740772 0.634108 -0.131683 3.391583
39.302 2.752782 0.632588 -0.124527 3.403689
39.402 2.767489 0.630842 -0.117371 3.418499
39.502 2.782163 0.629123 -0.115626 3.433274
39.602 2.800812 0.626974 -0.113880 3.452046
39.704 2.814294 0.625442 -0.112135 3.465614
39.802 2.825976 0.624127 -0.112135 3.477370
39.902 2.843408 0.622169 -0.112135 3.494912
40.002 2.852047 0.621196 -0.112135 3.503605
40.102 2.872008 0.618948 -0.112135 3.523693
40.205 2.911252 0.752713 -0.113889 3.663095
40.302 2.923798 0.751247 -0.124361 3.675728
40.402 2.943289 0.748538 -0.150367 3.695406
40.504 2.954185 0.746722 -0.173231 3.706452
40.602 2.965414 0.744591 -0.195920 3.717881
40.702 2.974670 0.742238 -0.318093 3.727432
40.802 2.976121 0.741695 -0.407105 3.728981
40.902 2.976549 0.741476 -0.508334 3.729462
41.002 2.976430 0.741551 -0.663668 3.729602
41.102 2.976670 0.741340 -0.757916 3.729921
41.202 2.976420 0.741613 -0.841692 3.730292
41.302 2.976389 0.741663 -0.983063 3.730350
41.402 2.976403 0.741623 -1.117279 3.730393
41.502 2.981917 0.731643 -1.248882 3.741795
41.602 2.984743 0.724248 -1.347416 3.749712
41.709 2.984805 0.723733 -1.457371 3.750230
41.802 2.984957 0.719051 -1.576054 3.754914
41.902 2.984708 0.714419 -1.649358 3.759553
42.002 2.982149 0.699052 -1.787239 3.775132
42.104 2.979812 0.690361 -1.855307 3.784132
42.202 2.967533 0.683095 -1.985062 3.798400
42.302 2.961406 0.670988 -2.077565 3.811968
42.402 2.955366 0.661226 -2.152614 3.823448
42.533 2.947147 0.649761 -2.213526 3.837555
42.602 2.939233 0.639720 -2.253843 3.850340
42.702 2.941543 0.607796 -2.284154 3.882347
42.809 2.930619 0.587991 -2.354627 3.904965
42.902 2.922071 0.579904 -2.399831 3.916732
43.002 2.913093 0.572259 -2.460917 3.928525
43.102 2.896212 0.560253 -2.569302 3.949240
43.202 2.885649 0.553968 -2.625153 3.961530
43.302 2.870404 0.546300 -2.710674 3.978595
43.402 2.860423 0.542064 -2.754307 3.989438
43.502 2.858117 0.493964 -2.797884 4.037594
43.602 2.857024 0.466833 -2.813057 4.064747
43.702 2.841168 0.462362 -2.933485 4.081222
43.802 2.837255 0.461746 -3.022497 4.085183
43.902 2.835828 0.461636 -3.111508 4.086614
44.002 2.835068 0.461645 3.063466 4.087374
44.102 2.837852 0.461164 2.923666 4.090199
44.202 2.804833 0.440113 2.803183 4.129358
44.302 2.799030 0.436014 2.704303 4.136462
44.402 2.799760 0.435588 2.547223 4.137307
44.502 2.800122 0.435313 2.458211 4.137762
44.602 2.800195 0.435287 2.355237 4.137839
44.702 2.798673 0.436891 2.313349 4.140050
44.802 2.797830 0.437860 2.269716 4.141335
44.903 2.850408 0.436222 2.147890 4.193938
45.002 2.850413 0.436214 2.107747 4.193948
45.102 2.849380 0.438100 2.060623 4.196098
45.202 2.847416 0.442177 1.992555 4.200624
45.303 2.845763 0.446289 1.922742 4.205055
45.418 2.845324 0.447579 1.882600 4.206418
45.508 2.816042 0.483198 1.916421 4.252528
45.608 2.816189 0.482675 1.792503 4.253072
45.702 2.816324 0.481931 1.727926 4.253828
45.819 2.816467 0.480169 1.597026 4.255596
45.904 2.816402 0.478474 1.492306 4.257293
46.002 2.816108 0.476474 1.370133 4.259313
46.103 2.816137 0.476550 1.279202 4.259394
46.202 2.825481 0.474014 1.093139 4.269077
46.305 2.825617 0.474235 0.958748 4.269336
46.402 2.824606 0.472932 0.899407 4.270985
46.502 2.823285 0.471427 0.817377 4.272988
46.602 2.821526 0.469705 0.742328 4.275449
46.703 2.819309 0.467763 0.693284 4.278397
46.802 2.822268 0.481323 0.696945 4.292276
46.904 2.819742 0.480687 0.679264 4.294880
47.005 2.818211 0.479436 0.691830 4.296858
47.104 2.816082 0.477634 0.718359 4.299647
47.202 2.818210 0.479682 0.781191 4.302600
47.302 2.822524 0.484317 0.845768 4.308933
47.403 2.828653 0.492246 0.964451 4.318954
47.502 2.859711 0.479024 1.206477 4.352710
47.602 2.862940 0.489115 1.293744 4.363305
47.702 2.866596 0.508214 1.441922 4.382750
47.802 2.867415 0.519371 1.531108 4.393938
47.904 2.867247 0.531034 1.616455 4.405602
48.002 2.865800 0.544682 1.712623 4.419327
48.103 2.862512 0.560133 1.824324 4.435124
48.202 2.859264 0.570635 1.899373 4.446116
48.302 2.854191 0.583207 1.990130 4.459673
48.403 2.820504 0.592454 2.061485 4.494606
48.512 2.814841 0.602204 2.119081 4.505882
48.603 2.808593 0.611701 2.173186 4.517250
48.702 2.796266 0.627642 2.270924 4.537402
48.813 2.788535 0.636246 2.321539 4.548968
48.902 2.780091 0.644872 2.347719 4.561039
49.002 2.769034 0.656058 2.375811 4.576767
49.102 2.752673 0.665043 2.461102 4.595433
49.202 2.739629 0.674703 2.530915 4.611665
49.302 2.724871 0.684093 2.605964 4.629157
49.403 2.718123 0.687911 2.637380 4.636910
49.502 2.703722 0.695085 2.707193 4.653000
49.604 2.692086 0.700035 2.759553 4.665644
49.702 2.682594 0.703573 2.799695 4.675774
49.802 2.666734 0.708639 2.853626 4.692424
49.914 2.652260 0.712462 2.905986 4.707394
50.002 2.641223 0.714828 2.942812 4.718681
50.102 2.625160 0.717561 2.993252 4.734976
50.202 2.611978 0.719177 3.033744 4.748256
50.302 2.588523 0.725588 3.046076 4.772572
50.402 2.572300 0.726858 3.090959 4.788844
50.503 2.560489 0.727304 3.115393 4.800664
50.602 2.546123 0.727422 -3.134456 4.815030
50.702 2.528538 0.727051 -3.113512 4.832620
50.802 2.516936 0.726532 -3.089078 4.844233
50.902 2.502800 0.725592 -3.064643 4.858400
51.002 2.485364 0.723898 -3.029736 4.875918
51.102 2.473875 0.722486 -3.014028 4.887494
51.202 2.457348 0.720150 -2.989594 4.904185
51.305 2.442736 0.717594 -2.956433 4.919019
51.402 2.430663 0.715127 -2.926762 4.931341
51.502 2.413764 0.710957 -2.881383 4.948747
51.604 2.400145 0.706924 -2.837750 4.962950
51.702 2.378055 0.678420 -2.824583 4.999012
51.802 2.362968 0.673409 -2.824585 5.014909
51.902 2.350665 0.669358 -2.822839 5.027862
52.002 2.340115 0.665876 -2.822839 5.038973
52.102 2.323462 0.660380 -2.822839 5.056509
52.202 2.309694 0.655664 -2.803641 5.071062
52.302 2.299216 0.651982 -2.803641 5.082168
52.403 2.282434 0.646047 -2.798405 5.099969
52.502 2.269053 0.641077 -2.780951 5.114243
52.602 2.258417 0.637006 -2.770479 5.125632
52.702 2.242707 0.630291 -2.718120 5.142717
52.802 2.229730 0.623980 -2.677977 5.157147
52.903 2.219916 0.619116 -2.681468 5.168099
53.007 2.207533 0.612945 -2.670996 5.181935
53.102 2.191824 0.604681 -2.649877 5.199686
53.202 2.181242 0.598835 -2.630329 5.211774
53.302 2.169799 0.592558 -2.640976 5.224827
53.402 2.156196 0.585169 -2.646386 5.240307
53.502 2.147015 0.580243 -2.650052 5.250726
53.602 2.133514 0.573046 -2.655288 5.266026
53.702 2.122852 0.567409 -2.655288 5.278085
53.802 2.117417 0.564536 -2.655288 5.284233
53.902 2.105544 0.558259 -2.655288 5.297663
54.002 2.094121 0.552117 -2.639580 5.310634
54.102 2.082807 0.545791 -2.625617 5.323596
54.202 2.073545 0.540447 -2.613051 5.334288
54.302 2.060004 0.532288 -2.586522 5.350098
54.404 2.048142 0.524845 -2.579366 5.364101
54.502 2.038020 0.518450 -2.577621 5.376074
54.602 2.022615 0.508612 -2.570290 5.394353
54.702 2.010945 0.500937 -2.554233 5.408320
54.803 2.003796 0.491714 -2.540509 5.419989
54.902 2.016088 0.449895 -2.565559 5.463578
55.002 2.003464 0.441556 -2.546360 5.478708
55.102 1.993901 0.434904 -2.525242 5.490357
55.203 1.979478 0.424335 -2.506043 5.508238
55.302 1.968301 0.416091 -2.506043 5.522126
55.402 1.959698 0.409737 -2.500633 5.532821
55.502 1.945891 0.399116 -2.476198 5.550241
55.602 1.936875 0.391824 -2.450018 5.561836
55.702 1.924683 0.381213 -2.404465 5.578000
55.802 1.914337 0.371411 -2.376540 5.592251
55.902 1.905189 0.362565 -2.371129 5.604977
56.002 1.895372 0.352992 -2.367464 5.618689
56.102 1.882653 0.340517 -2.363799 5.636504
56.202 1.874055 0.332094 -2.372525 5.648541
56.302 1.861428 0.320010 -2.383346 5.666018
56.402 1.850862 0.310359 -2.409526 5.680329
56.504 1.842190 0.302763 -2.429074 5.691857
56.602 1.830907 0.293350 -2.456999 5.706550
56.707 1.817015 0.282010 -2.456999 5.724484
56.807 1.807320 0.274081 -2.455079 5.737008
56.902 1.794195 0.263076 -2.437626 5.754136
57.002 1.783444 0.253708 -2.420173 5.768396
57.102 1.774619 0.245809 -2.406210 5.780239
57.202 1.761185 0.233500 -2.399054 5.798460
57.302 1.750895 0.224208 -2.409526 5.812325
57.402 1.739615 0.214238 -2.419824 5.827379
57.502 1.730805 0.206456 -2.418079 5.839134
57.603 1.717915 0.195049 -2.416159 5.856346
57.709 1.709081 0.187196 -2.414413 5.868166
57.802 1.696159 0.175697 -2.414413 5.885464
57.902 1.685278 0.165929 -2.402021 5.900086
58.002 1.683407 0.144858 -2.389413 5.921240
58.105 1.715009 0.053531 -2.396965 6.017880
58.202 1.706317 0.045593 -2.407612 6.029651
58.302 1.691460 0.032260 -2.411277 6.049613
58.402 1.682503 0.024275 -2.414942 6.061613
58.503 1.673072 0.016042 -2.434141 6.074133
58.609 1.657432 0.003217 -2.469222 6.094358
58.702 1.648434 -0.003935 -2.472887 6.105852
58.802 1.639409 -0.011059 -2.474632 6.117350
58.902 1.622934 -0.023473 -2.513378 6.137979
59.004 1.613210 -0.030332 -2.534322 6.149878
59.102 1.598301 -0.040672 -2.536068 6.168022
59.202 1.591383 -0.045455 -2.537988 6.176432
59.302 1.574720 -0.056512 -2.573069 6.196430
59.403 1.565210 -0.062436 -2.592442 6.207635
59.502 1.555022 -0.068549 -2.608150 6.219516
59.602 1.536901 -0.078715 -2.637646 6.240293
59.703 1.527069 -0.084131 -2.637646 6.251519
59.802 1.516552 -0.089936 -2.635901 6.263532
59.902 1.498788 -0.099964 -2.621763 6.283930
60.005 1.488832 -0.105745 -2.610942 6.295443
60.107 1.478622 -0.111761 -2.607277 6.307293
60.202 1.463334 -0.120838 -2.603612 6.325073
60.302 1.447748 -0.130189 -2.598201 6.343249
60.402 1.435425 -0.137664 -2.594536 6.357663
60.502 1.425330 -0.143832 -2.590871 6.369492
60.602 1.410972 -0.152641 -2.597678 6.386337
60.702 1.399072 -0.159695 -2.610244 6.400171
60.802 1.389576 -0.165197 -2.620891 6.411146
60.902 1.374048 -0.174062 -2.615480 6.429027
61.002 1.317099 -0.297970 -2.612347 6.565395
61.102 1.306521 -0.304171 -2.610427 6.577656
61.203 1.293834 -0.311635 -2.612172 6.592376
61.303 1.277939 -0.320647 -2.631371 6.610648
61.402 1.265435 -0.327490 -2.643763 6.624902
61.507 1.254971 -0.333183 -2.641843 6.636814
61.604 1.244495 -0.338890 -2.643763 6.648744
61.702 1.226644 -0.348654 -2.640098 6.669090
61.802 1.216227 -0.354384 -2.636433 6.680980
61.902 1.206032 -0.360139 -2.618979 6.692687
62.002 1.188681 -0.370601 -2.585469 6.712948
62.102 1.178681 -0.377023 -2.564350 6.724832
62.202 1.169071 -0.383515 -2.538170 6.736429
62.302 1.152394 -0.395498 -2.508325 6.756966
62.409 1.142930 -0.402556 -2.494188 6.768772
62.502 1.133662 -0.409628 -2.488952 6.780429
62.602 1.117119 -0.422383 -2.481622 6.801318
62.702 1.108051 -0.429566 -2.467659 6.812887
62.802 1.099240 -0.436721 -2.451777 6.824237
62.902 1.083466 -0.449917 -2.442876 6.844803
63.002 1.074528 -0.457468 -2.439210 6.856504
63.104 1.065726 -0.465012 -2.428564 6.868096
63.202 1.052957 -0.476293 -2.407445 6.885135
63.305 1.040926 -0.487293 -2.389992 6.901436
63.402 1.035292 -0.492578 -2.386327 6.909161
63.502 1.020651 -0.506505 -2.377077 6.929368
63.602 1.012231 -0.514687 -2.368350 6.941109
63.706 1.004752 -0.522070 -2.359449 6.951618
63.802 0.993974 -0.532950 -2.343566 6.966933
63.902 0.983566 -0.543761 -2.331174 6.981940
64.002 0.978503 -0.549155 -2.322099 6.989337
64.102 1.002610 -0.578542 -2.278772 7.027347
64.202 1.087286 -0.642290 -2.182611 7.133337
64.303 1.082608 -0.648890 -2.188022 7.141426
64.402 1.073140 -0.662128 -2.193432 7.157702
64.502 1.064770 -0.673609 -2.207744 7.171910
64.602 1.054150 -0.687657 -2.221881 7.189521
64.702 1.047325 -0.696555 -2.227466 7.200734
64.802 1.038057 -0.708475 -2.239858 7.215834
64.903 1.027227 -0.721904 -2.257661 7.233085
65.004 1.020024 -0.730570 -2.270227 7.244354
65.107 1.012677 -0.739148 -2.282619 7.255648
65.203 1.001610 -0.751930 -2.286284 7.272556
65.302 0.992153 -0.762837 -2.284364 7.286991
65.404 0.980565 -0.776291 -2.277383 7.304748
65.502 0.974951 -0.782901 -2.271972 7.313421
65.602 0.967855 -0.791479 -2.259580 7.324552
65.702 0.955289 -0.807277 -2.231481 7.344739
65.802 0.948364 -0.816279 -2.222579 7.356096
65.902 0.936792 -0.831824 -2.203032 7.375476
66.002 0.930623 -0.840461 -2.185404 7.386089
66.102 0.924123 -0.849780 -2.178074 7.397451
66.203 0.914256 -0.864223 -2.165507 7.414943
66.306 0.904298 -0.879195 -2.154686 7.432925
66.402 0.899411 -0.886621 -2.151021 7.441814
66.502 0.889698 -0.901552 -2.144040 7.459626
66.602 0.881624 -0.914156 -2.138804 7.474595
66.717 0.875161 -0.924391 -2.131822 7.486699
66.802 0.866291 -0.938561 -2.130077 7.503417
66.902 0.861230 -0.946648 -2.130077 7.512957
67.004 0.860499 -0.947815 -2.130077 7.514334
67.119 0.860542 -0.947747 -2.130077 7.514414
67.202 0.860542 -0.947747 -2.130077 7.514414
67.302 0.898199 -1.008866 -2.086513 7.586202
67.402 0.894605 -1.015139 -2.093494 7.593432
67.502 0.888464 -1.025723 -2.098730 7.605668
67.602 0.882776 -1.035335 -2.109202 7.616837
67.702 0.873857 -1.049889 -2.133986 7.633907
67.802 0.864008 -1.065189 -2.149868 7.652103
67.902 0.859299 -1.072333 -2.157024 7.660659
68.002 0.852716 -1.082197 -2.160689 7.672518
68.102 0.841202 -1.099196 -2.169765 7.693050
68.202 0.834524 -1.108912 -2.173430 7.704839
68.302 0.826413 -1.120691 -2.175350 7.719140
68.403 0.816350 -1.135306 -2.173430 7.736885
68.502 0.809733 -1.144914 -2.175350 7.748552
68.602 0.801392 -1.156987 -2.175350 7.763226
68.702 0.791397 -1.171362 -2.179015 7.780733
68.805 0.784921 -1.180601 -2.182680 7.792016
68.903 0.775027 -1.194665 -2.184426 7.809211
69.002 0.766629 -1.206570 -2.186346 7.823781
69.103 0.756711 -1.220594 -2.186346 7.840957
69.202 0.751588 -1.227837 -2.186346 7.849829
69.302 0.741626 -1.241924 -2.186346 7.867083
69.402 0.735460 -1.250642 -2.186346 7.877760
69.502 0.728639 -1.260225 -2.191756 7.889524
69.602 0.724352 -1.266189 -2.195421 7.896868
69.705 0.716969 -1.276270 -2.207813 7.909364
69.803 0.710727 -1.284629 -2.216714 7.919796
69.904 0.702631 -1.295310 -2.222125 7.933199
70.005 0.693834 -1.306673 -2.241498 7.947569
70.104 0.688885 -1.312763 -2.255635 7.955416
70.202 0.677845 -1.325698 -2.287400 7.972422
70.303 0.662128 -1.378820 -2.400688 8.027820
70.402 0.653478 -1.386510 -2.425123 8.039394
70.503 0.640694 -1.397231 -2.460030 8.056079
70.602 0.633081 -1.403193 -2.489700 8.065749
70.702 0.626347 -1.408228 -2.507503 8.074157
70.802 0.616365 -1.415372 -2.530541 8.086432
70.902 0.608034 -1.420989 -2.563528 8.096480
71.003 0.601718 -1.424971 -2.589708 8.103946
71.102 0.591775 -1.431007 -2.602449 8.115578
71.223 0.584622 -1.435238 -2.611350 8.123888
71.302 0.573997 -1.441300 -2.630897 8.136121
71.402 0.565377 -1.446007 -2.645035 8.145942
71.502 0.553903 -1.452185 -2.648700 8.158974
71.602 0.544530 -1.457209 -2.650445 8.169609
71.704 0.531888 -1.463943 -2.653936 8.183932
71.802 0.521952 -1.469200 -2.655681 8.195173
71.902 0.513348 -1.473725 -2.657426 8.204894
72.002 0.499191 -1.481081 -2.664408 8.220849
72.102 0.486468 -1.487648 -2.666153 8.235166
72.202 0.475998 -1.493027 -2.667898 8.246938
72.314 0.460330 -1.501042 -2.669644 8.264536
72.405 0.447492 -1.507573 -2.671389 8.278940
72.502 0.438299 -1.512326 -2.662662 8.289289
72.602 0.425852 -1.518845 -2.657426 8.303340
72.702 0.413196 -1.525644 -2.645209 8.317706
72.802 0.403229 -1.531200 -2.627756 8.329117
72.906 0.394009 -1.536507 -2.613793 8.339756
73.002 0.378211 -1.546014 -2.589009 8.358194
73.102 0.369668 -1.551420 -2.569811 8.368303
73.202 0.355037 -1.561188 -2.541886 8.385895
73.302 0.343207 -1.569577 -2.519196 8.400398
73.402 0.335039 -1.575502 -2.508550 8.410489
73.505 0.326212 -1.582048 -2.503488 8.421478
73.604 0.289637 -1.627371 -2.559902 8.479718
73.702 0.280126 -1.633651 -2.556237 8.491115
73.802 0.270679 -1.639995 -2.545765 8.502495
73.902 0.253887 -1.651608 -2.529708 8.522911
74.008 0.244249 -1.658416 -2.524297 8.534711
74.102 0.234621 -1.665315 -2.518887 8.546556
74.202 0.218880 -1.676824 -2.504750 8.566055
74.313 0.209373 -1.683877 -2.502830 8.577893
74.402 0.197436 -1.692809 -2.497419 8.592801
74.508 0.184326 -1.702703 -2.493754 8.609227
74.603 0.176041 -1.708998 -2.490089 8.619631
74.702 0.163575 -1.718530 -2.486424 8.635324
74.803 0.152372 -1.727137 -2.486424 8.649452
74.910 0.143858 -1.733699 -2.484504 8.660201
75.005 0.133896 -1.741395 -2.482759 8.672790
75.102 0.121999 -1.750612 -2.480839 8.687840
75.202 0.113354 -1.757370 -2.477174 8.698813
75.302 0.103581 -1.765051 -2.475428 8.711242
75.402 0.089622 -1.776128 -2.468098 8.729062
75.502 0.081369 -1.782713 -2.468098 8.739621
75.602 0.072667 -1.789678 -2.466178 8.750766
75.702 0.057764 -1.801647 -2.464433 8.769881
75.802 0.049522 -1.808300 -2.460767 8.780473
75.902 0.041223 -1.815156 -2.438078 8.791237
76.003 0.026665 -1.828221 -2.390954 8.810799
76.102 0.019294 -1.835090 -2.390954 8.820874
76.208 0.011518 -1.842364 -2.389034 8.831522
76.302 -0.001904 -1.854939 -2.387289 8.849915
76.402 -0.010261 -1.862764 -2.389034 8.861363
76.505 -0.001854 -1.913124 -2.347165 8.912419
76.608 0.011230 -1.956554 -2.306876 8.957778
76.702 -0.000180 -1.969020 -2.319094 8.974677
76.802 -0.010266 -1.979729 -2.331660 8.989388
76.902 -0.018491 -1.988115 -2.354524 9.001134
77.011 -0.030901 -2.000223 -2.379133 9.018473
77.103 -0.041875 -2.010690 -2.384369 9.033638
77.202 -0.050144 -2.018430 -2.389779 9.044964
77.302 -0.060928 -2.028380 -2.396761 9.059638
77.402 -0.073880 -2.040422 -2.389430 9.077323
77.503 -0.082296 -2.048274 -2.391350 9.088833
77.602 -0.092986 -2.058147 -2.398506 9.103384
77.705 -0.104570 -2.068757 -2.402171 9.119093
77.802 -0.117332 -2.080192 -2.419624 9.136228
77.902 -0.127879 -2.089353 -2.430446 9.150198
78.002 -0.136390 -2.096496 -2.446328 9.161310
78.103 -0.145124 -2.103658 -2.458720 9.172605
78.202 -0.160561 -2.115941 -2.474951 9.192333
78.310 -0.169533 -2.122962 -2.480362 9.203725
78.402 -0.178108 -2.129615 -2.484027 9.214578
78.502 -0.193645 -2.141482 -2.492928 9.234129
78.602 -0.203492 -2.148889 -2.498513 9.246450
78.705 -0.214104 -2.156917 -2.489612 9.259757
78.802 -0.226471 -2.166411 -2.485947 9.275348
78.902 -0.235703 -2.173484 -2.487867 9.286978
79.002 -0.245418 -2.180892 -2.491532 9.299195
79.104 -0.261967 -2.193676 -2.465352 9.320107
79.202 -0.270844 -2.200886 -2.451215 9.331543
79.302 -0.279566 -2.208117 -2.455055 9.342873
79.402 -0.294120 -2.220028 -2.458720 9.361679
79.502 -0.302200 -2.226681 -2.443012 9.372146
79.602 -0.254968 -2.248139 -2.465375 9.424023
79.702 -0.252511 -2.265579 -2.466523 9.441635
79.805 -0.261809 -2.272968 -2.471934 9.453511
79.902 -0.270822 -2.279986 -2.482580 9.464934
80.002 -0.286991 -2.292502 -2.482580 9.485381
80.102 -0.296245 -2.299710 -2.475599 9.497111
80.202 -0.305551 -2.307083 -2.466698 9.508984
80.308 -0.321259 -2.319652 -2.470363 9.529102
80.402 -0.330452 -2.326927 -2.474028 9.540825
80.502 -0.341901 -2.335873 -2.481184 9.555355
80.606 -0.355316 -2.346056 -2.495496 9.572197
80.702 -0.365127 -2.353375 -2.502477 9.584437
80.819 -0.374567 -2.360355 -2.506142 9.596177
80.902 -0.386486 -2.369288 -2.495496 9.611072
81.002 -0.398087 -2.378117 -2.488340 9.625651
81.107 -0.413948 -2.390687 -2.451688 9.645889
81.202 -0.422376 -2.397779 -2.430744 9.656904
81.304 -0.430786 -2.405252 -2.407880 9.668155
81.402 -0.440383 -2.414245 -2.381700 9.681307
81.504 -0.450465 -2.424333 -2.339812 9.695569
81.602 -0.456970 -2.431224 -2.318694 9.705044
81.702 -0.468948 -2.444597 -2.290594 9.722998
81.802 -0.476524 -2.453429 -2.274886 9.734634
81.902 -0.483839 -2.462050 -2.274886 9.745941
82.002 -0.497254 -2.477847 -2.276632 9.766665
82.102 -0.503017 -2.484625 -2.274886 9.775562
82.202 -0.516218 -2.500040 -2.280297 9.795857
82.304 -0.523388 -2.508515 -2.266334 9.806958
82.402 -0.529325 -2.515689 -2.257433 9.816270
82.502 -0.540649 -2.529623 -2.252022 9.834225
82.602 -0.548376 -2.539209 -2.248357 9.846538
82.702 -0.557653 -2.550783 -2.244692 9.861371
82.802 -0.582768 -2.607213 -2.213551 9.923138
82.902 -0.598142 -2.642092 -2.204693 9.961254
83.008 -0.608815 -2.656550 -2.210103 9.979225
83.102 -0.614159 -2.663728 -2.212023 9.988174
83.202 -0.622172 -2.674319 -2.224415 10.001454
83.304 -0.627608 -2.681332 -2.229826 10.010328
83.405 -0.629396 -2.683640 -2.229826 10.013247
83.503 -0.629445 -2.683703 -2.229826 10.013327
83.602 -0.629457 -2.683719 -2.229826 10.013347
83.702 -0.629457 -2.683719 -2.229826 10.013347
83.802 -0.629457 -2.683719 -2.229826 10.013347
83.902 -0.629457 -2.683719 -2.229826 10.013347
84.002 -0.629457 -2.683719 -2.229826 10.013347
84.102 -0.629457 -2.683719 -2.229826 10.013347
84.202 -0.629457 -2.683719 -2.229826 10.013347
84.302 -0.629457 -2.683719 -2.229826 10.013347
84.405 -0.629457 -2.683719 -2.229826 10.013347
84.502 -0.629457 -2.683719 -2.229826 10.013347
84.602 -0.629457 -2.683719 -2.229826 10.013347
84.703 -0.629457 -2.683719 -2.229826 10.013347
84.805 -0.629457 -2.683719 -2.229826 10.013347
84.902 -0.629457 -2.683719 -2.229826 10.013347
85.002 -0.629457 -2.683719 -2.229826 10.013347
85.102 -0.629457 -2.683719 -2.229826 10.013347
85.216 -0.629457 -2.683719 -2.229826 10.013347
85.302 -0.629457 -2.683719 -2.229826 10.013347
85.402 -0.629457 -2.683719 -2.228080 10.013347
85.503 -0.629457 -2.683719 -2.228080 10.013347
85.610 -0.629457 -2.683719 -2.228080 10.013347
85.702 -0.629457 -2.683719 -2.229826 10.013347
85.805 -0.629457 -2.683719 -2.229826 10.013347
85.902 -0.592082 -2.685506 -2.202105 10.050765
86.002 -0.591426 -2.684579 -2.179241 10.051901
86.102 -0.590337 -2.682899 -2.125310 10.053903
86.202 -0.589253 -2.680962 -2.048341 10.056123
86.302 -0.589343 -2.681235 -1.964740 10.056410
86.402 -0.590475 -2.684828 -1.816387 10.060178
86.502 -0.590833 -2.686700 -1.727375 10.062083
86.602 -0.590969 -2.687952 -1.643600 10.063342
86.702 -0.590954 -2.689867 -1.495247 10.065257
86.806 -0.590790 -2.691142 -1.409725 10.066543
86.902 -0.589357 -2.697663 -1.325950 10.073219
87.002 -0.586175 -2.707726 -1.224720 10.083773
87.102 -0.590109 -2.713967 -1.088199 10.091151
87.202 -0.606984 -2.707843 -0.981030 10.109103
87.302 -0.597131 -2.720311 -0.858857 10.124995
87.402 -0.590306 -2.727666 -0.799516 10.135028
87.503 -0.582757 -2.734943 -0.747156 10.145514
87.602 -0.572862 -2.743364 -0.677343 10.158506
87.702 -0.572905 -2.755869 -0.593925 10.171012
87.802 -0.591096 -2.768223 -0.535973 10.193001
87.902 -0.573929 -2.777411 -0.457433 10.212473
88.006 -0.563505 -2.782206 -0.415545 10.223946
88.102 -0.553137 -2.786452 -0.371912 10.235150
88.202 -0.426452 -2.795595 -0.376794 10.362165
88.302 -0.375877 -2.799419 -0.376618 10.412884
88.406 -0.365397 -2.803437 -0.358990 10.424108
88.502 -0.345775 -2.810427 -0.329145 10.444938
88.602 -0.334793 -2.814086 -0.318498 10.456514
88.702 -0.324479 -2.817376 -0.306281 10.467340
88.802 -0.320139 -2.818756 -0.309771 10.471893
88.902 -0.321018 -2.818475 -0.309771 10.472816
89.002 -0.321286 -2.818389 -0.309771 10.473097
89.102 -0.321342 -2.818371 -0.309771 10.473157
89.216 -0.321342 -2.818371 -0.309771 10.473157
89.302 -0.321342 -2.818371 -0.309771 10.473157
89.402 -0.321342 -2.818371 -0.309771 10.473157
89.502 -0.321342 -2.818371 -0.309771 10.473157
89.602 -0.321342 -2.818371 -0.309771 10.473157
89.702 -0.321342 -2.818371 -0.309771 10.473157
89.802 -0.321342 -2.818371 -0.309771 10.473157
89.902 -0.321342 -2.818371 -0.309771 10.473157
90.003 -0.321342 -2.818371 -0.309771 10.473157
90.102 -0.321342 -2.818371 -0.309771 10.473157
90.209 -0.321342 -2.818371 -0.309771 10.473157
90.304 -0.321342 -2.818371 -0.309771 10.473157
90.404 -0.321342 -2.818371 -0.309771 10.473157
90.502 -0.321342 -2.818371 -0.309771 10.473157
90.602 -0.321342 -2.818371 -0.309771 10.473157
90.702 -0.321342 -2.818371 -0.309771 10.473157
90.802 -0.321342 -2.818371 -0.309771 10.473157
90.902 -0.321342 -2.818371 -0.309771 10.473157
91.003 -0.321342 -2.818371 -0.309771 10.473157
91.106 -0.321342 -2.818371 -0.309771 10.473157
91.204 -0.321342 -2.818371 -0.309771 10.473157
91.302 -0.321342 -2.818371 -0.309771 10.473157
91.404 -0.321342 -2.818371 -0.309771 10.473157
91.502 -0.321342 -2.818371 -0.309771 10.473157
91.604 -0.334734 -2.819923 -0.335941 10.486638
91.702 -0.353307 -2.819660 -0.374531 10.505213
91.803 -0.353307 -2.819660 -0.374531 10.505213
91.902 -0.353307 -2.819660 -0.374531 10.505213
92.008 -0.353307 -2.819660 -0.374531 10.505213
92.105 -0.353307 -2.819660 -0.374531 10.505213
92.203 -0.353307 -2.819660 -0.374531 10.505213
92.302 -0.353307 -2.819660 -0.374531 10.505213
92.402 -0.353307 -2.819660 -0.374531 10.505213
92.511 -0.353307 -2.819660 -0.374531 10.505213
92.602 -0.353307 -2.819660 -0.374531 10.505213
92.702 -0.353307 -2.819660 -0.374531 10.505213
92.802 -0.353307 -2.819660 -0.374531 10.505213
92.904 -0.353307 -2.819660 -0.374531 10.505213
93.002 -0.353307 -2.819660 -0.374531 10.505213
93.104 -0.353307 -2.819660 -0.374531 10.505213
93.202 -0.353197 -2.819703 -0.371040 10.505331
93.302 -0.348097 -2.821649 -0.362313 10.510790
93.404 -0.334544 -2.826646 -0.344860 10.525235
93.502 -0.327344 -2.829204 -0.337879 10.532876
93.602 -0.319812 -2.831768 -0.323916 10.540832
93.702 -0.302392 -2.837469 -0.313444 10.559161
93.802 -0.291773 -2.840817 -0.302972 10.570295
93.904 -0.278462 -2.844850 -0.289010 10.584204
94.002 -0.262526 -2.849402 -0.275047 10.600778
94.102 -0.250314 -2.852790 -0.269811 10.613451
94.202 -0.236650 -2.856507 -0.264575 10.627612
94.302 -0.218996 -2.861192 -0.255848 10.645876
94.402 -0.207146 -2.864270 -0.252358 10.658120
94.502 -0.190912 -2.867104 -0.245681 10.674599
94.602 -0.140778 -2.856284 -0.191594 10.725887
94.702 -0.131455 -2.858071 -0.188104 10.735380
94.802 -0.118761 -2.860462 -0.186184 10.748297
94.902 -0.102025 -2.863531 -0.179028 10.765312
95.002 -0.087581 -2.866117 -0.175363 10.779986
95.102 -0.076701 -2.868059 -0.179028 10.791038
95.202 -0.062607 -2.870614 -0.180773 10.805362
95.303 -0.048386 -2.873272 -0.186184 10.819829
95.402 -0.036981 -2.875453 -0.191594 10.831440
95.502 -0.026171 -2.877560 -0.193514 10.842454
95.602 -0.012167 -2.880360 -0.195259 10.856735
95.702 0.005312 -2.883368 -0.160178 10.874471
95.802 0.017459 -2.885077 -0.132253 10.886738
95.902 0.037397 -2.887919 -0.144470 10.906877
96.004 0.048756 -2.889572 -0.144470 10.918356
96.102 0.060664 -2.891304 -0.144470 10.930390
96.203 0.080685 -2.894192 -0.130508 10.950617
96.303 0.092067 -2.895498 -0.106073 10.962075
96.402 0.108434 -2.896798 -0.060695 10.978492
96.502 0.118859 -2.897213 -0.027533 10.988926
96.610 0.132081 -2.897185 0.023081 11.002148
96.702 0.142309 -2.896741 0.057988 11.012385
96.802 0.150391 -2.896116 0.087658 11.020492
96.902 0.161151 -2.894915 0.127801 11.031318
97.002 0.174384 -2.892992 0.140018 11.044691
97.102 0.184981 -2.891541 0.133037 11.055386
97.202 0.200934 -2.889737 0.089404 11.071441
97.302 0.212981 -2.888997 0.040535 11.083511
97.402 0.222269 -2.888849 0.000392 11.092800
97.502 0.235395 -2.889160 -0.041496 11.105930
97.602 0.227953 -2.862333 -0.109138 11.133769
97.710 0.216272 -2.837344 -0.143832 11.161354
97.802 0.228588 -2.839431 -0.183800 11.173846
97.902 0.242676 -2.842469 -0.234589 11.188257
98.002 0.250717 -2.844592 -0.272986 11.196574
98.102 0.257448 -2.846644 -0.309638 11.203611
98.202 0.268053 -2.850436 -0.365489 11.214873
98.302 0.274641 -2.853094 -0.393414 11.221977
98.402 0.280430 -2.855589 -0.412613 11.228281
98.503 0.297679 -2.862613 -0.375961 11.246906
98.616 0.309473 -2.867058 -0.353272 11.259510
98.702 0.324898 -2.872371 -0.316620 11.275823
98.802 0.335711 -2.875726 -0.288694 11.287145
98.904 0.351066 -2.879987 -0.252042 11.303081
99.003 0.458131 -2.862868 -0.140219 11.411505
99.103 0.467024 -2.863969 -0.114039 11.420466
99.206 0.479219 -2.865141 -0.084543 11.432718
99.304 0.493032 -2.865972 -0.044400 11.446555
99.402 0.503022 -2.866256 -0.019965 11.456550
99.502 0.520958 -2.866134 0.025588 11.474486
99.607 0.535344 -2.865468 0.053513 11.488887
99.702 0.546780 -2.864787 0.067476 11.500344
99.802 0.563468 -2.863466 0.086674 11.517084
99.902 0.577784 -2.862187 0.090165 11.531457
100.002 0.589388 -2.861148 0.090165 11.543107
100.102 0.606603 -2.859610 0.084929 11.560391
100.202 0.614791 -2.858951 0.079693 11.568605
100.302 0.633340 -2.857593 0.065730 11.587204
100.402 0.643053 -2.856979 0.062240 11.596936
100.502 0.652692 -2.856433 0.051419 11.606591
100.602 0.665281 -2.855823 0.046008 11.619194
100.702 0.677041 -2.855324 0.040598 11.630966
100.802 0.687212 -2.854922 0.038852 11.641144
100.902 0.694845 -2.854664 0.031871 11.648781
101.002 0.705242 -2.854404 0.014418 11.659182
101.102 0.723192 -2.854672 -0.036197 11.677134
101.202 0.734343 -2.855212 -0.050160 11.688297
101.302 0.748677 -2.855958 -0.053825 11.702651
101.402 0.766670 -2.856985 -0.057315 11.720673
101.503 0.777945 -2.857433 -0.031135 11.731957
101.603 0.788697 -2.857658 -0.013508 11.742712
101.705 0.807192 -2.857618 0.012672 11.761207
101.802 0.817084 -2.857314 0.040598 11.771103
101.902 0.829437 -2.856630 0.065032 11.783475
102.002 0.868254 -2.866214 0.029741 11.823458
102.102 0.880580 -2.865818 0.033406 11.835790
102.202 0.891548 -2.865440 0.035326 11.846765
102.302 0.905948 -2.864916 0.037072 11.861175
102.406 0.921055 -2.864356 0.037072 11.876292
102.502 0.932310 -2.863939 0.037072 11.887555
102.602 0.944815 -2.863489 0.035326 11.900068
102.702 0.953134 -2.863191 0.035326 11.908392
102.802 0.960182 -2.862952 0.033406 11.915444
102.902 0.961897 -2.862895 0.033406 11.917160
103.002 0.962652 -2.862872 0.030090 11.917915
103.102 0.969380 -2.862707 0.021015 11.924645
103.202 0.984758 -2.862625 -0.014067 11.940024
103.302 0.993913 -2.862954 -0.050719 11.949184
103.403 1.003875 -2.863619 -0.076898 11.959169
103.502 1.018187 -2.865134 -0.125593 11.973561
103.602 1.030822 -2.867086 -0.171146 11.986346
103.702 1.036517 -2.868149 -0.190345 11.992139
103.803 1.050081 -2.871041 -0.209543 12.006007
103.902 1.061370 -2.873315 -0.193836 12.017524
104.002 1.073359 -2.875537 -0.178128 12.029716
104.102 1.090327 -2.878296 -0.150202 12.046908
104.202 1.106667 -2.880457 -0.115296 12.063390
104.302 1.115428 -2.881358 -0.097668 12.072197
104.402 1.131787 -2.882598 -0.062761 12.088603
104.503 1.144488 -2.883197 -0.034836 12.101318
104.602 1.159686 -2.883488 -0.006911 12.116519
104.702 1.169957 -2.883445 0.014033 12.126790
104.802 1.188675 -2.854344 0.048631 12.161391
104.902 1.218108 -2.772429 0.083040 12.248433
105.002 1.230868 -2.771408 0.077804 12.261234
105.102 1.238243 -2.770863 0.067332 12.268629
105.204 1.248967 -2.770502 0.009736 12.279359
105.302 1.258200 -2.770694 -0.042624 12.288595
105.402 1.262836 -2.770982 -0.072295 12.293239
105.502 1.270347 -2.771783 -0.135126 12.300793
105.602 1.276823 -2.772890 -0.189232 12.307363
105.702 1.279923 -2.773545 -0.217157 12.310532
105.802 1.286311 -2.775120 -0.262535 12.317110
105.902 1.289896 -2.776159 -0.295697 12.320843
106.002 1.294755 -2.777768 -0.332349 12.325961
106.102 1.297534 -2.778782 -0.361845 12.328919
106.208 1.300567 -2.779984 -0.386454 12.332182
106.302 1.303231 -2.781112 -0.404256 12.335075
106.402 1.303273 -2.781130 -0.404256 12.335121
106.505 1.303210 -2.781103 -0.404256 12.335190
106.602 1.303162 -2.781082 -0.404256 12.335242
106.702 1.303162 -2.781082 -0.404256 12.335242
106.802 1.295679 -2.779024 -0.483585 12.343003
106.903 1.294761 -2.778066 -0.491376 12.344330
107.002 1.294761 -2.778066 -0.491376 12.344330
107.102 1.294778 -2.778075 -0.491376 12.344350
107.202 1.297625 -2.779525 -0.466941 12.347545
107.302 1.308640 -2.784810 -0.430289 12.359762
107.402 1.317891 -2.788831 -0.402364 12.369849
107.502 1.326990 -2.792469 -0.370948 12.379648
107.602 1.345552 -2.799107 -0.320334 12.399361
107.702 1.356373 -2.802547 -0.295899 12.410716
107.805 1.367135 -2.805670 -0.273210 12.421922
107.909 1.389510 -2.811319 -0.224340 12.444999
108.002 1.397211 -2.812949 -0.201651 12.452870
108.102 1.412534 -2.815738 -0.161509 12.468445
108.204 1.425712 -2.817601 -0.126602 12.481755
108.302 1.437265 -2.818927 -0.103913 12.493384
108.403 1.455046 -2.820433 -0.069006 12.511228
108.502 1.470096 -2.821204 -0.042652 12.526298
108.602 1.482466 -2.821643 -0.030434 12.538676
108.702 1.499423 -2.822005 -0.014726 12.555637
108.802 1.516104 -2.821979 0.021926 12.572317
108.902 1.524408 -2.821679 0.042870 12.580627
109.003 1.548732 -2.800095 0.122630 12.613147
109.102 1.578661 -2.750437 0.213209 12.671126
109.206 1.587272 -2.748567 0.214954 12.679938
109.303 1.603832 -2.744812 0.227172 12.696919
109.402 1.617802 -2.741544 0.227172 12.711266
109.502 1.619735 -2.741099 0.225426 12.713250
109.602 1.619599 -2.741130 0.223681 12.713389
109.702 1.619541 -2.741143 0.223681 12.713450
109.802 1.619541 -2.741143 0.223681 12.713450
109.902 1.621632 -2.740698 0.197501 12.715588
110.002 1.628784 -2.739548 0.131179 12.722832
110.102 1.632223 -2.739172 0.099763 12.726291
110.202 1.635165 -2.738948 0.059620 12.729242
110.303 1.642097 -2.738855 -0.004957 12.736174
110.402 1.650460 -2.739091 -0.039864 12.744541
110.503 1.660946 -2.739721 -0.071280 12.755046
110.602 1.678809 -2.741611 -0.128701 12.773008
110.710 1.689445 -2.743209 -0.158546 12.783764
110.802 1.700570 -2.745090 -0.174429 12.795047
110.902 1.720356 -2.748884 -0.200608 12.815193
111.002 1.731321 -2.751214 -0.214571 12.826403
111.102 1.762086 -2.740007 -0.246870 12.859146
111.202 1.794266 -2.721903 -0.280370 12.896069
111.302 1.803890 -2.724678 -0.278624 12.906084
111.402 1.814942 -2.727808 -0.275134 12.917571
111.503 1.835311 -2.733432 -0.264662 12.938703
111.605 1.844833 -2.736012 -0.264662 12.948568
111.702 1.854480 -2.738596 -0.259426 12.958555
111.802 1.874220 -2.743513 -0.236736 12.978898
111.902 1.884997 -2.746008 -0.222774 12.989960
112.006 1.895719 -2.748393 -0.217538 13.000944
112.102 1.913964 -2.752262 -0.192929 13.019594
112.202 1.925848 -2.754300 -0.156277 13.031652
112.302 1.938186 -2.755941 -0.117879 13.044099
112.402 1.957993 -2.757636 -0.058538 13.063978
112.502 1.969137 -2.758059 -0.025202 13.075131
112.602 1.987057 -2.758354 -0.014730 13.093053
112.702 2.001922 -2.758526 -0.004084 13.107919
112.802 2.013382 -2.758468 0.006388 13.119379
112.902 2.030669 -2.758129 0.030823 13.136669
113.002 2.040242 -2.757788 0.041469 13.146248
113.103 2.054246 -2.757042 0.062413 13.160272
113.202 2.065503 -2.756221 0.079866 13.171559
113.302 2.073637 -2.755530 0.088593 13.179723
113.402 2.086490 -2.754320 0.100810 13.192632
113.502 2.095576 -2.753422 0.092084 13.201762
113.602 2.111567 -2.752242 0.060668 13.217797
113.702 2.124973 -2.751646 0.030997 13.231217
113.802 2.135480 -2.751574 -0.009145 13.241723
113.902 2.145492 -2.748914 -0.024431 13.252082
114.002 2.161972 -2.698910 0.025113 13.304732
114.103 2.175305 -2.698809 0.000678 13.318065
114.205 2.186574 -2.698857 -0.008049 13.329335
114.305 2.204163 -2.699073 -0.016775 13.346925
114.404 2.218025 -2.699393 -0.025502 13.360791
114.502 2.229542 -2.699729 -0.032483 13.372312
114.602 2.240787 -2.699873 0.002423 13.383558
114.702 2.248755 -2.699635 0.049722 13.391530
114.802 2.259732 -2.698690 0.105398 13.402548
114.902 2.276196 -2.696140 0.185857 13.419209
115.004 2.287098 -2.693810 0.227571 13.430356
115.102 2.293521 -2.692210 0.253751 13.436975
115.205 2.311689 -2.686813 0.314837 13.455928
115.302 2.321897 -2.683247 0.347998 13.466741
115.403 2.331991 -2.679388 0.377494 13.477548
115.503 2.346587 -2.673225 0.409085 13.493392
115.604 2.360055 -2.667243 0.426538 13.508128
115.702 2.287455 -2.651239 0.434910 13.582471
115.802 2.302938 -2.643796 0.457599 13.599649
115.902 2.312832 -2.638810 0.474878 13.610729
116.002 2.321928 -2.634091 0.480288 13.620976
116.102 2.337430 -2.625895 0.489189 13.638511
116.202 2.348727 -2.619830 0.492680 13.651333
116.302 2.358907 -2.614306 0.498090 13.662915
116.402 2.374086 -2.605974 0.503501 13.680231
116.502 2.383289 -2.600887 0.505421 13.690746
116.602 2.391570 -2.596280 0.508912 13.700223
116.702 2.406986 -2.587640 0.512577 13.717895
116.802 2.416718 -2.582147 0.514322 13.729070
116.902 2.428603 -2.575388 0.519733 13.742742
117.002 2.443450 -2.566856 0.523223 13.759867
117.102 2.455241 -2.560039 0.524969 13.773486
117.202 2.463723 -2.555111 0.526714 13.783296
117.302 2.472865 -2.549768 0.530205 13.793885
117.402 2.490983 -2.539074 0.535441 13.814924
117.502 2.500531 -2.533410 0.535441 13.826025
117.602 2.509142 -2.528271 0.538931 13.836053
117.702 2.525846 -2.518245 0.542422 13.855535
117.802 2.536021 -2.512081 0.547658 13.867431
117.905 2.545515 -2.506291 0.547658 13.878552
118.002 2.560285 -2.497234 0.551148 13.895877
118.102 2.568714 -2.492047 0.552894 13.905774
118.202 2.578507 -2.486004 0.552894 13.917281
118.302 2.594040 -2.476356 0.558130 13.935567
118.402 2.602789 -2.470872 0.561620 13.945892
118.502 2.611064 -2.465566 0.577328 13.955722
118.602 2.626485 -2.455261 0.601763 13.974270
118.702 2.635301 -2.449019 0.622707 13.985072
118.802 2.643921 -2.442659 0.643651 13.995784
118.902 2.656190 -2.364213 0.701960 14.075184
119.002 2.662723 -2.358662 0.705626 14.083757
119.102 2.677853 -2.345626 0.718192 14.103728
119.202 2.685463 -2.338840 0.730584 14.113925
119.303 2.697489 -2.327869 0.746641 14.130202
119.402 2.706031 -2.319898 0.755542 14.141887
119.502 2.714294 -2.311980 0.768108 14.153331
119.602 2.726590 -2.300121 0.766189 14.170414
119.702 2.733411 -2.293603 0.760778 14.179848
119.802 2.741088 -2.286181 0.773344 14.190526
119.902 2.755880 -2.271224 0.804935 14.211563
120.002 2.763859 -2.262685 0.829544 14.223249
120.103 2.774373 -2.250995 0.834780 14.238972
120.203 2.785510 -2.238786 0.824133 14.255497
120.302 2.793792 -2.229900 0.818723 14.267645
120.402 2.801596 -2.221704 0.804411 14.278961
120.502 2.815572 -2.207400 0.791845 14.298960
120.602 2.823713 -2.199183 0.788180 14.310527
120.702 2.832061 -2.190938 0.774043 14.322259
120.802 2.845595 -2.178000 0.754669 14.340983
120.902 2.854142 -2.169866 0.765316 14.352781
121.002 2.862267 -2.161998 0.772472 14.364092
121.102 2.876779 -2.147763 0.774217 14.384421
121.203 2.884470 -2.140275 0.770726 14.395154
121.302 2.893034 -2.131934 0.777533 14.407110
121.402 2.906272 -2.118264 0.816279 14.426139
121.502 2.914097 -2.109779 0.824832 14.437681
121.602 2.922046 -2.101209 0.821166 14.449370
121.702 2.932646 -2.089726 0.837049 14.464997
121.802 2.943799 -2.076916 0.868465 14.481982
121.903 2.953148 -2.065601 0.887663 14.496660
122.003 2.912955 -1.948463 0.916527 14.620502
122.103 2.923124 -1.934832 0.928744 14.637507
122.202 2.928500 -1.927692 0.923508 14.646445
122.302 2.940018 -1.912665 0.909546 14.665379
122.403 2.946209 -1.904830 0.895583 14.675364
122.502 2.952696 -1.896823 0.890347 14.685669
122.602 2.963973 -1.882938 0.886857 14.703557
122.702 2.975161 -1.869254 0.885111 14.721233
122.804 2.984611 -1.857720 0.883366 14.736143
122.902 2.992191 -1.848487 0.883366 14.748089
123.004 3.003144 -1.835170 0.881621 14.765332
123.102 3.008403 -1.828809 0.878130 14.773585
123.202 3.018603 -1.816554 0.874639 14.789529
123.302 3.029444 -1.803622 0.871149 14.806405
123.402 3.035022 -1.797002 0.869403 14.815061
123.502 3.047160 -1.782652 0.867483 14.833856
123.602 3.055948 -1.772328 0.863993 14.847414
123.702 3.067296 -1.759163 0.857011 14.864795
123.802 3.074927 -1.750454 0.850030 14.876375
123.902 3.082586 -1.741819 0.844794 14.887916
124.002 3.096265 -1.726520 0.839384 14.908439
124.102 3.104351 -1.717599 0.830657 14.920479
124.202 3.112454 -1.708791 0.825246 14.932447
124.302 3.126136 -1.694148 0.814425 14.952488
124.402 3.134329 -1.685488 0.810935 14.964410
124.502 3.142270 -1.677162 0.807270 14.975916
124.602 3.152608 -1.666415 0.801859 14.990827
124.705 3.165061 -1.653637 0.794703 15.008669
124.804 3.173520 -1.645043 0.791038 15.020729
124.902 3.181680 -1.636835 0.787373 15.032302
125.002 3.196711 -1.621874 0.780217 15.053511
125.102 3.204825 -1.613837 0.781962 15.064930
125.202 3.247432 -1.560672 0.775899 15.133061
125.307 3.268096 -1.535311 0.772679 15.165776
125.402 3.276450 -1.527125 0.776170 15.177471
125.502 3.288881 -1.514854 0.779835 15.194940
125.602 3.301225 -1.502573 0.783501 15.212351
125.702 3.307884 -1.495907 0.786991 15.221774
125.802 3.320236 -1.483484 0.788911 15.239292
125.902 3.332405 -1.471180 0.792402 15.256597
126.002 3.338432 -1.465052 0.794322 15.265193
126.108 3.352484 -1.450732 0.796067 15.285256
126.202 3.360977 -1.442056 0.796067 15.297397
126.302 3.369364 -1.433474 0.797812 15.309396
126.402 3.381816 -1.420723 0.797812 15.327219
126.503 3.393773 -1.408481 0.797812 15.344332
126.602 3.399487 -1.402622 0.797812 15.352516
126.703 3.411146 -1.390670 0.797812 15.369212
126.802 3.421345 -1.380215 0.797812 15.383817
126.902 3.429797 -1.371542 0.797812 15.395928
127.002 3.441461 -1.359607 0.796067 15.412616
127.102 3.451373 -1.349496 0.794322 15.426775
127.202 3.459590 -1.341162 0.792402 15.438479
127.303 3.471630 -1.329061 0.785246 15.455549
127.402 3.483328 -1.317531 0.774425 15.471975
127.502 3.489471 -1.311535 0.772679 15.480559
127.602 3.501979 -1.299462 0.763604 15.497943
127.703 3.514729 -1.287342 0.756448 15.515534
127.802 3.521069 -1.281380 0.754703 15.524237
127.902 3.530135 -1.272916 0.749292 15.536640
128.002 3.544073 -1.260052 0.742136 15.555607
128.102 3.552338 -1.252520 0.736900 15.566789
128.202 3.565169 -1.240951 0.731664 15.584066
128.302 3.488785 -1.173136 0.688664 15.686210
128.419 3.498071 -1.156885 0.680823 15.704927
128.502 3.506485 -1.150138 0.672096 15.715712
128.613 3.515349 -1.143291 0.652898 15.726913
128.702 3.531188 -1.131680 0.614500 15.746552
128.816 3.540547 -1.125212 0.595302 15.757928
128.904 3.549912 -1.119059 0.572613 15.769134
129.002 3.560856 -1.112257 0.558650 15.782019
129.106 3.565383 -1.109391 0.569122 15.787377
129.204 3.567076 -1.108280 0.598792 15.789402
129.302 3.566471 -1.108758 0.665115 15.790174
129.402 3.563526 -1.111406 0.787288 15.794133
129.508 3.562580 -1.112473 0.881536 15.795560
129.602 3.561309 -1.114200 0.967057 15.797705
129.702 3.559628 -1.117147 1.120646 15.801097
129.802 3.558836 -1.119045 1.206167 15.803153
129.902 3.558085 -1.121465 1.310887 15.805687
130.003 3.558022 -1.121670 1.431140 15.805902
130.103 3.558006 -1.121870 1.513345 15.806103
130.202 3.613204 -1.129954 1.782655 15.861890
130.302 3.612405 -1.126660 1.889291 15.865279
130.402 3.607923 -1.115799 2.007973 15.877029
130.502 3.601810 -1.104548 2.103966 15.889833
130.602 3.606473 -1.084777 2.196611 15.910147
130.702 3.619145 -1.064036 2.266470 15.934452
130.802 3.605678 -1.049468 2.351992 15.954291
130.902 3.593964 -1.038597 2.423550 15.970272
131.002 3.585335 -1.031643 2.486382 15.981355
131.102 3.571551 -1.022032 2.566667 15.998158
131.202 3.559475 -1.014970 2.636480 16.012148
131.302 3.549477 -1.009868 2.688840 16.023372
131.402 3.533197 -1.002718 2.751672 16.041153
131.502 3.519554 -0.997587 2.800541 16.055729
131.602 3.508182 -0.993858 2.837193 16.067697
131.702 3.465273 -0.966697 2.863367 16.118480
131.802 3.450708 -0.963005 2.915727 16.133505
131.904 3.439460 -0.960730 2.957615 16.144981
132.002 3.422332 -0.958171 3.020446 16.162299
132.102 3.391250 -0.975655 3.031217 16.197961
132.202 3.351378 -0.998477 3.002612 16.243902
132.305 3.340375 -0.997105 3.027047 16.254991
132.402 3.320531 -0.995195 3.058812 16.274926
132.511 3.309431 -0.994422 3.076265 16.286054
132.602 3.292600 -0.993501 3.098955 16.302910
132.702 3.279057 -0.993076 3.112917 16.316459
132.802 3.267324 -0.992786 3.121644 16.328196
132.902 3.255866 -0.992597 3.128625 16.339655
133.003 3.236315 -0.992415 3.137352 16.359207
133.102 3.225634 -0.992496 -3.124890 16.369889
133.202 3.213517 -0.992751 -3.114418 16.382008
133.302 3.192201 -0.993658 -3.105691 16.403344
133.402 3.180666 -0.993882 -3.124890 16.414881
133.502 3.169283 -0.993848 3.125134 16.426264
133.604 3.149393 -0.993551 3.133861 16.446155
133.703 3.138942 -0.993545 -3.138852 16.456607
133.802 3.126574 -0.993725 -3.119654 16.468976
133.913 3.114509 -0.994194 -3.093474 16.481051
134.003 3.098570 -0.995169 -3.069039 16.497019
134.102 3.076795 -1.005839 -3.060168 16.521268
134.210 3.055662 -1.017885 -3.058256 16.545593
134.304 3.040611 -1.019169 -3.056510 16.560699
134.405 3.022821 -1.020760 -3.049529 16.578559
134.502 3.011146 -1.021838 -3.049529 16.590284
134.607 2.996661 -1.023514 -2.990188 16.604866
134.702 2.987306 -1.025308 -2.923865 16.614391
134.802 2.979171 -1.027420 -2.868015 16.622796
134.902 2.969954 -1.030384 -2.808674 16.632478
135.002 2.953068 -1.037419 -2.707444 16.650770
135.104 2.941678 -1.043187 -2.653339 16.663537
135.202 2.924738 -1.053187 -2.576545 16.683210
135.302 2.914860 -1.059881 -2.525930 16.695142
135.402 2.904968 -1.067437 -2.464844 16.707589
135.502 2.893627 -1.077432 -2.388049 16.722706
135.602 2.886654 -1.084428 -2.333944 16.732584
135.702 2.879890 -1.091979 -2.281584 16.742721
135.802 2.870504 -1.103645 -2.241616 16.757694
135.902 2.869059 -1.105466 -2.241616 16.760019
136.009 2.868883 -1.105688 -2.241616 16.760302
136.102 2.896702 -1.172353 -2.105229 16.832539
136.202 2.896702 -1.172353 -2.105229 16.832539
136.302 2.896702 -1.172353 -2.105229 16.832539
136.402 2.896702 -1.172353 -2.105229 16.832539
136.502 2.896702 -1.172353 -2.105229 16.832539
136.602 2.896702 -1.172353 -2.105229 16.832539
136.703 2.896702 -1.172353 -2.105229 16.832539
136.802 2.896702 -1.172353 -2.105229 16.832539
136.902 2.896702 -1.172353 -2.105229 16.832539
137.003 2.896702 -1.172353 -2.105229 16.832539
137.102 2.896702 -1.172353 -2.105229 16.832539
137.202 2.896702 -1.172353 -2.105229 16.832539
137.302 2.896702 -1.172353 -2.105229 16.832539
137.402 2.896702 -1.172353 -2.105229 16.832539
137.502 2.896702 -1.172353 -2.105229 16.832539
137.602 2.896702 -1.172353 -2.105229 16.832539
137.708 2.896702 -1.172353 -2.105229 16.832539
137.804 2.896702 -1.172353 -2.105229 16.832539
137.902 2.896702 -1.172353 -2.105229 16.832539
138.002 2.896702 -1.172353 -2.105229 16.832539
138.108 2.896702 -1.172353 -2.105229 16.832539
138.202 2.896702 -1.172353 -2.105229 16.832539
138.302 2.896702 -1.172353 -2.105229 16.832539
138.402 2.896702 -1.172353 -2.105229 16.832539
138.502 2.896702 -1.172353 -2.105229 16.832539
138.602 2.896702 -1.172353 -2.105229 16.832539
138.702 2.896702 -1.172353 -2.105229 16.832539
138.802 2.896702 -1.172353 -2.105229 16.832539
138.902 2.896702 -1.172353 -2.105229 16.832539
139.002 2.899135 -1.169832 -2.116517 16.836043
139.102 2.903134 -1.160052 -2.158044 16.846609
139.202 2.898803 -1.166760 -2.133435 16.854593
139.302 2.892089 -1.178092 -2.089802 16.867765
139.402 2.884322 -1.192607 -2.046168 16.884227
139.502 2.879494 -1.201996 -2.044423 16.894784
139.602 2.874779 -1.211327 -2.037442 16.905239
139.702 2.866010 -1.228766 -2.037442 16.924759
139.802 2.861057 -1.238641 -2.035696 16.935807
139.902 2.855815 -1.249140 -2.032206 16.947541
140.002 2.846783 -1.267352 -2.030460 16.967871
140.102 2.841414 -1.278222 -2.028715 16.979994
140.202 2.836282 -1.288738 -2.023479 16.991695
140.302 2.827736 -1.306321 -2.021734 17.011246
140.402 2.822912 -1.316283 -2.021734 17.022313
140.502 2.818157 -1.326092 -2.023479 17.033214
140.602 2.809688 -1.343472 -2.025225 17.052548
140.702 2.804871 -1.353332 -2.025225 17.063522
140.802 2.800303 -1.362673 -2.026970 17.073919
140.902 2.791090 -1.381330 -2.030460 17.094727
141.002 2.785987 -1.391594 -2.033951 17.106190
141.102 2.781127 -1.401347 -2.033951 17.117087
141.203 2.772720 -1.418182 -2.033951 17.135904
141.302 2.767850 -1.427933 -2.033951 17.146804
141.402 2.762814 -1.437996 -2.033951 17.158057
141.502 2.753721 -1.456070 -2.037442 17.178289
141.602 2.748382 -1.466668 -2.037442 17.190156
141.702 2.742058 -1.479167 -2.039187 17.204163
141.805 2.734247 -1.494539 -2.040932 17.221406
141.902 2.728996 -1.504806 -2.049659 17.232939
142.010 2.729861 -1.530598 -2.065957 17.258745
142.102 2.749199 -1.591094 -2.094065 17.322257
142.202 2.743542 -1.600647 -2.111867 17.333359
142.302 2.733811 -1.616300 -2.139792 17.351790
142.402 2.725921 -1.628305 -2.159340 17.366156
142.503 2.720381 -1.636445 -2.178364 17.376002
142.602 2.713072 -1.646665 -2.196167 17.388566
142.702 2.704547 -1.658187 -2.213794 17.402900
142.802 2.693783 -1.672150 -2.236658 17.420530
142.902 2.690629 -1.676121 -2.243640 17.425602
143.005 2.680172 -1.689063 -2.256380 17.442240
143.102 2.673215 -1.697441 -2.268772 17.453130
143.203 2.660363 -1.712492 -2.286575 17.472921
143.302 2.654167 -1.719579 -2.291985 17.482335
143.402 2.647718 -1.726846 -2.299141 17.492050
143.502 2.634713 -1.741215 -2.309962 17.511431
143.602 2.627689 -1.748856 -2.315547 17.521811
143.704 2.620947 -1.756124 -2.320958 17.531724
143.802 2.609917 -1.767870 -2.326543 17.547837
143.902 2.598250 -1.780146 -2.335618 17.564772
144.002 2.593041 -1.785548 -2.339284 17.572277
144.102 2.580500 -1.798432 -2.346614 17.590257
144.202 2.573131 -1.805923 -2.350279 17.600765
144.303 2.565395 -1.813716 -2.353944 17.611746
144.402 2.558257 -1.821105 -2.327764 17.622019
144.502 2.544109 -1.836335 -2.315373 17.642807
144.602 2.536264 -1.844848 -2.315373 17.654383
144.702 2.528393 -1.853389 -2.315373 17.665997
144.802 2.515109 -1.867656 -2.324099 17.685491
144.903 2.507146 -1.876190 -2.310311 17.697163
145.002 2.497607 -1.886847 -2.296349 17.711466
145.102 2.486315 -1.899922 -2.275056 17.728742
145.202 2.479233 -1.908510 -2.250621 17.739874
145.302 2.457372 -1.945664 -2.380228 17.782982
145.411 2.439749 -1.958152 -2.408055 17.804580
145.502 2.429409 -1.967500 -2.406135 17.818520
145.602 2.416604 -1.979169 -2.391998 17.835844
145.702 2.408008 -1.987376 -2.371054 17.847729
145.802 2.399617 -1.995767 -2.348190 17.859596
145.904 2.389508 -2.006070 -2.346271 17.874030
146.003 2.378489 -2.017330 -2.344525 17.889785
146.104 2.370495 -2.025513 -2.344525 17.901224
146.203 2.356211 -2.040151 -2.344525 17.921676
146.305 2.349063 -2.047469 -2.344525 17.931906
146.402 2.342353 -2.054319 -2.346271 17.941496
146.502 2.329069 -2.068368 -2.309619 17.960830
146.603 2.320965 -2.077603 -2.278028 17.973117
146.702 2.313901 -2.086190 -2.248532 17.984236
146.803 2.305942 -2.096533 -2.209960 17.997287
146.902 2.296122 -2.110169 -2.197918 18.014091
147.002 2.289174 -2.119775 -2.197918 18.025946
147.102 2.280708 -2.131367 -2.203503 18.040300
147.202 2.271155 -2.144220 -2.216069 18.056315
147.302 2.265189 -2.152191 -2.205772 18.066271
147.402 2.255202 -2.166103 -2.182733 18.083397
147.502 2.247184 -2.177876 -2.167025 18.097640
147.612 2.241144 -2.186575 -2.179417 18.108231
147.702 2.235261 -2.194915 -2.191983 18.118437
147.802 2.223664 -2.210590 -2.223574 18.137936
147.902 2.216160 -2.220100 -2.249754 18.150050
148.016 2.206650 -2.231448 -2.283090 18.164856
148.102 2.195430 -2.244954 -2.251674 18.182414
148.202 2.188028 -2.254408 -2.223748 18.194421
148.302 2.179482 -2.265666 -2.218163 18.208556
148.429 2.166572 -2.282849 -2.212753 18.230047
148.502 2.195926 -2.352344 -2.241130 18.305487
148.602 2.190601 -2.364902 -2.239043 18.319129
148.702 2.178548 -2.380280 -2.233457 18.338667
148.802 2.173240 -2.387066 -2.242184 18.347282
148.902 2.166863 -2.394472 -2.310252 18.357055
149.002 2.159770 -2.401582 -2.385301 18.367098
149.108 2.154400 -2.406293 -2.441152 18.374242
149.202 2.145405 -2.413154 -2.519691 18.385555
149.302 2.127401 -2.424060 -2.652337 18.406605
149.402 2.116285 -2.429366 -2.720404 18.418922
149.502 2.097548 -2.436645 -2.809416 18.439023
149.602 2.080933 -2.441628 -2.877484 18.456369
149.702 2.067491 -2.444736 -2.935080 18.470166
149.802 2.051076 -2.447539 -3.004893 18.486819
149.902 2.057479 -2.454781 -3.057637 18.496486
150.003 2.078595 -2.464999 -3.089676 18.519944
150.102 2.063072 -2.465147 3.125442 18.535468
150.202 2.048209 -2.464517 3.080063 18.550344
150.302 2.036712 -2.463561 3.045156 18.561881
150.402 2.019453 -2.461395 2.996287 18.579274
150.502 2.005742 -2.459042 2.954225 18.593186
150.603 1.997482 -2.457372 2.938517 18.601614
150.702 1.977725 -2.453139 2.918969 18.621819
150.802 1.966712 -2.450504 2.899596 18.633143
150.902 1.937551 -2.470921 2.895477 18.668740
151.002 1.926474 -2.468059 2.886576 18.680181
151.102 1.915112 -2.464989 2.875929 18.691951
151.202 1.895798 -2.459602 2.858127 18.712003
151.302 1.885877 -2.456566 2.838754 18.722378
151.403 1.870846 -2.451561 2.803847 18.738220
151.502 1.858981 -2.447257 2.784648 18.750841
151.602 1.845382 -2.441990 2.768591 18.765424
151.702 1.831079 -2.436362 2.764926 18.780795
151.802 1.821448 -2.432542 2.763006 18.791156
151.902 1.811465 -2.428551 2.761261 18.801907
152.002 1.792625 -2.420786 2.736652 18.822285
152.102 1.782849 -2.416496 2.722515 18.832961
152.202 1.772924 -2.411978 2.713614 18.843865
152.302 1.754134 -2.403334 2.708029 18.864548
152.402 1.743533 -2.398404 2.706283 18.876240
152.502 1.729352 -2.391786 2.704363 18.891889
152.602 1.716492 -2.385767 2.706283 18.906088
152.702 1.705867 -2.380806 2.706283 18.917814
152.805 1.689223 -2.373059 2.706283 18.936172
152.902 1.675971 -2.366865 2.704363 18.950801
153.002 1.665778 -2.362101 2.704363 18.962052
153.102 1.652355 -2.355858 2.706283 18.976855
153.202 1.639179 -2.349730 2.706283 18.991387
153.302 1.628540 -2.344783 2.706283 19.003120
153.402 1.612814 -2.337469 2.706283 19.020463
153.502 1.600024 -2.331521 2.706283 19.034569
153.602 1.589591 -2.326669 2.706283 19.046075
153.702 1.574393 -2.319595 2.704363 19.062838
153.802 1.564099 -2.314716 2.697207 19.074231
153.902 1.548977 -2.307354 2.677660 19.091049
154.002 1.467979 -2.347182 2.615834 19.181310
154.102 1.457232 -2.340947 2.615834 19.193734
154.202 1.442393 -2.332336 2.615834 19.210891
154.302 1.429890 -2.325076 2.615834 19.225349
154.402 1.419973 -2.319231 2.600126 19.236860
154.502 1.410975 -2.313742 2.589654 19.247400
154.602 1.394721 -2.303468 2.580928 19.266629
154.702 1.385087 -2.297425 2.582673 19.278001
154.802 1.375851 -2.291554 2.565220 19.288946
154.902 1.359869 -2.280958 2.544101 19.308121
155.002 1.350882 -2.274791 2.540611 19.319020
155.102 1.341359 -2.268262 2.540611 19.330566
155.202 1.326200 -2.257755 2.529790 19.349011
155.302 1.318496 -2.252323 2.526124 19.358438
155.402 1.310434 -2.246589 2.522459 19.368331
155.502 1.295645 -2.235880 2.509718 19.386590
155.602 1.286490 -2.229257 2.518619 19.397889
155.703 1.277062 -2.222485 2.518619 19.409497
155.802 1.264613 -2.213603 2.522285 19.424790
155.902 1.250707 -2.203637 2.520365 19.441899
156.002 1.241504 -2.197001 2.514954 19.453245
156.102 1.224087 -2.184670 2.534327 19.474585
156.205 1.214433 -2.178077 2.546894 19.486275
156.302 1.204401 -2.171444 2.566267 19.498301
156.417 1.187918 -2.160885 2.573423 19.517877
156.502 1.179206 -2.155347 2.575343 19.528200
156.602 1.170429 -2.149789 2.577088 19.538589
156.702 1.156813 -2.141203 2.579008 19.554686
156.802 1.148079 -2.135724 2.584418 19.564996
156.906 1.138552 -2.129795 2.586164 19.576217
157.002 1.072733 -2.150449 2.560179 19.645201
157.102 1.063958 -2.144717 2.567160 19.655683
157.202 1.050231 -2.135975 2.577632 19.671957
157.304 1.040903 -2.130125 2.582693 19.682968
157.402 1.027050 -2.121480 2.584613 19.699297
157.502 1.015709 -2.114457 2.588278 19.712637
157.602 1.006464 -2.108746 2.588278 19.723503
157.706 0.991198 -2.099323 2.588278 19.741443
157.802 0.979646 -2.092243 2.593514 19.754992
157.902 0.967903 -2.085092 2.595260 19.768741
158.002 0.959086 -2.079754 2.597180 19.779048
158.106 0.947263 -2.072624 2.600845 19.792855
158.203 0.936818 -2.066353 2.600845 19.805038
158.302 0.926574 -2.060202 2.600845 19.816986
158.403 0.916009 -2.053858 2.600845 19.829310
158.502 0.906478 -2.048152 2.602590 19.840418
158.602 0.892779 -2.040024 2.608175 19.856347
158.702 0.883799 -2.034721 2.608175 19.866776
158.802 0.867807 -2.025254 2.608175 19.885361
158.902 0.858681 -2.019893 2.611840 19.895944
159.002 0.849968 -2.014796 2.613586 19.906038
159.106 0.833362 -2.005110 2.613586 19.925263
159.209 0.823571 -1.999400 2.613586 19.936598
159.302 0.813559 -1.993586 2.615506 19.948175
159.402 0.798911 -1.985126 2.619171 19.965091
159.502 0.786421 -1.977968 2.622836 19.979486
159.602 0.779789 -1.974193 2.624581 19.987117
159.703 0.761806 -1.964162 2.635228 20.007708
159.802 0.751148 -1.958306 2.644304 20.019870
159.902 0.740556 -1.952825 2.672054 20.031795
160.004 0.722596 -1.944137 2.696838 20.051747
160.102 0.712483 -1.939317 2.696838 20.062950
160.202 0.702103 -1.934392 2.698583 20.074439
160.303 0.673932 -1.940107 2.734753 20.103184
160.402 0.599763 -1.987190 2.828088 20.191035
160.502 0.591568 -1.984660 2.849032 20.199612
160.602 0.574966 -1.979898 2.866660 20.216883
160.702 0.559204 -1.975649 2.886033 20.233208
160.802 0.545883 -1.972228 2.887953 20.246961
160.902 0.535229 -1.969276 2.863519 20.258017
161.003 0.521557 -1.965159 2.835419 20.272296
161.104 0.506166 -1.959800 2.784630 20.288593
161.202 0.495179 -1.955417 2.751643 20.300422
161.302 0.484507 -1.950760 2.718482 20.312065
161.402 0.467359 -1.942365 2.660886 20.331158
161.502 0.457482 -1.936938 2.625979 20.342428
161.602 0.442619 -1.927955 2.580601 20.359795
161.702 0.432176 -1.921142 2.549185 20.372263
161.802 0.420364 -1.912777 2.510788 20.386737
161.902 0.410056 -1.905168 2.500141 20.399549
162.002 0.397828 -1.895858 2.484084 20.414918
162.102 0.387540 -1.887852 2.478499 20.427955
162.202 0.378644 -1.880864 2.474834 20.439267
162.311 0.374503 -1.877640 2.485480 20.444515
162.402 0.315130 -1.925230 2.547084 20.520607
162.503 0.306700 -1.919929 2.602935 20.530565
162.602 0.295650 -1.913892 2.667512 20.543157
162.704 0.282105 -1.907642 2.742561 20.558074
162.802 0.272987 -1.904153 2.793001 20.567837
162.902 0.258810 -1.899566 2.852517 20.582737
163.002 0.241588 -1.895221 2.925821 20.600499
163.107 0.231122 -1.893199 2.965964 20.611158
163.202 0.220789 -1.891616 3.004361 20.621612
163.302 0.202463 -1.889759 3.067193 20.640032
163.402 0.192862 -1.889268 3.103845 20.649645
163.502 0.183672 -1.889116 3.138751 20.658837
163.602 0.163977 -1.890061 -3.058913 20.678554
163.708 0.153207 -1.897377 -2.990466 20.691574
163.802 0.130951 -1.906365 -2.863790 20.715577
163.902 0.117583 -1.910713 -2.809685 20.729634
164.002 0.101974 -1.916112 -2.806194 20.746150
164.102 0.091813 -1.919654 -2.806194 20.756911
164.203 0.078958 -1.924155 -2.804449 20.770532
164.302 0.063856 -1.929490 -2.793977 20.786548
164.403 0.052709 -1.933649 -2.780014 20.798446
164.502 0.038658 -1.939177 -2.753834 20.813545
164.602 0.023764 -1.945634 -2.722418 20.829779
164.702 0.013709 -1.950325 -2.692748 20.840874
164.803 0.003880 -1.955290 -2.664823 20.851886
164.902 -0.013207 -1.964727 -2.619444 20.871406
165.003 -0.022769 -1.970494 -2.588028 20.882572
165.102 -0.037348 -1.993276 -2.564267 20.909620
165.202 -0.052102 -2.002911 -2.558856 20.927241
165.302 -0.057138 -2.006230 -2.558856 20.933272
165.402 -0.074374 -2.017715 -2.551526 20.953984
165.502 -0.083853 -2.023999 -2.565488 20.965357
165.602 -0.097489 -2.032445 -2.603886 20.981397
165.703 -0.112930 -2.041107 -2.651009 20.999102
165.802 -0.120640 -2.045072 -2.675444 21.007770
165.902 -0.135358 -2.051915 -2.727804 21.024002
166.002 -0.148658 -2.057568 -2.753984 21.038453
166.102 -0.159184 -2.061665 -2.780164 21.049749
166.202 -0.175600 -2.067441 -2.825542 21.067152
166.303 -0.192488 -2.072464 -2.872666 21.084770
166.402 -0.201064 -2.074752 -2.886629 21.093646
166.502 -0.221185 -2.079821 -2.886629 21.114396
166.602 -0.232267 -2.082738 -2.879648 21.125855
166.703 -0.243584 -2.085874 -2.867430 21.137599
166.802 -0.260199 -2.090843 -2.834269 21.154941
166.901 -0.271199 -2.094469 -2.818561 21.166523
167.002 -0.285305 -2.099367 -2.806344 21.181456
167.102 -0.299786 -2.116468 -2.814826 21.203864
167.204 -0.308096 -2.144727 -2.829238 21.233320
167.302 -0.318996 -2.148226 -2.830984 21.244768
167.402 -0.337617 -2.154160 -2.837965 21.264311
167.502 -0.349038 -2.157598 -2.857164 21.276238
167.605 -0.360073 -2.160701 -2.871126 21.287701
167.702 -0.379668 -2.165872 -2.881598 21.307968
167.802 -0.391540 -2.169039 -2.878108 21.320255
167.902 -0.402572 -2.172098 -2.871126 21.331703
168.005 -0.424274 -2.178125 -2.885089 21.354226
168.114 -0.432024 -2.180129 -2.892070 21.362231
168.202 -0.443479 -2.183238 -2.872872 21.374100
168.302 -0.462946 -2.188708 -2.864145 21.394321
168.402 -0.473931 -2.191934 -2.851928 21.405770
168.502 -0.490647 -2.196825 -2.860654 21.423187
168.602 -0.507083 -2.201374 -2.876362 21.440241
168.731 -0.520985 -2.205103 -2.885089 21.454634
168.802 -0.532316 -2.207991 -2.899052 21.466328
168.902 -0.545064 -2.211294 -2.883344 21.479497
169.004 -0.555960 -2.214253 -2.869381 21.490787
169.102 -0.571210 -2.218510 -2.869381 21.506620
169.202 -0.583325 -2.221989 -2.857164 21.519225
169.303 -0.602602 -2.227797 -2.839710 21.539358
169.402 -0.612375 -2.230903 -2.825748 21.549613
169.509 -0.617058 -2.232461 -2.820512 21.554548
169.602 -0.634475 -2.238509 -2.794332 21.572985
169.702 -0.650430 -2.244511 -2.771643 21.590031
169.802 -0.664051 -2.249993 -2.741972 21.604714
169.907 -0.674997 -2.254803 -2.717537 21.616671
170.002 -0.690098 -2.261923 -2.685772 21.633366
170.102 -0.700259 -2.266998 -2.677046 21.644724
170.202 -0.723738 -2.306269 -2.677967 21.690479
170.305 -0.748333 -2.362261 -2.657935 21.751634
170.402 -0.758884 -2.367678 -2.668407 21.763494
170.502 -0.774096 -2.375471 -2.666662 21.780586
170.602 -0.787792 -2.382539 -2.662997 21.795999
170.703 -0.794176 -2.385871 -2.659332 21.803200
170.802 -0.804528 -2.391302 -2.657586 21.814890
170.902 -0.822993 -2.401072 -2.653921 21.835780
171.002 -0.833281 -2.406553 -2.650256 21.847437
171.102 -0.848511 -2.414703 -2.650256 21.864711
171.202 -0.860657 -2.421202 -2.650256 21.878486
171.302 -0.870943 -2.426695 -2.650256 21.890147
171.402 -0.886069 -2.434783 -2.648336 21.907299
171.502 -0.897351 -2.440848 -2.648336 21.920109
171.602 -0.907934 -2.446574 -2.644671 21.932142
171.702 -0.923690 -2.455167 -2.641006 21.950088
171.802 -0.936826 -2.462390 -2.637340 21.965080
171.902 -0.947147 -2.468109 -2.633675 21.976879
172.002 -0.962119 -2.476376 -2.644322 21.993981
172.102 -0.971139 -2.481245 -2.647987 22.004231
172.202 -0.985100 -2.488641 -2.662299 22.020031
172.302 -0.996467 -2.494387 -2.681672 22.032767
172.402 -1.007869 -2.499969 -2.690573 22.045463
172.503 -1.016789 -2.504275 -2.692318 22.055368
172.604 -1.020478 -2.506061 -2.690573 22.059466
172.702 -1.036561 -2.513703 -2.708026 22.077272
172.807 -1.047219 -2.518448 -2.728970 22.088939
172.902 -1.058790 -2.523420 -2.741188 22.101533
173.006 -1.077375 -2.530916 -2.770858 22.121573
173.102 -1.086671 -2.534486 -2.779585 22.131531
173.202 -1.095959 -2.537905 -2.795293 22.141428
173.302 -1.090131 -2.573376 -2.813387 22.177375
173.405 -1.069937 -2.612544 -2.802821 22.221442
173.505 -1.082989 -2.616786 -2.842964 22.235167
173.602 -1.099982 -2.621409 -2.898814 22.252777
173.708 -1.111278 -2.623977 -2.931975 22.264361
173.804 -1.123229 -2.626259 -2.965137 22.276528
173.902 -1.141200 -2.628873 -3.022732 22.294688
174.002 -1.150979 -2.629892 -3.047167 22.304520
174.102 -1.162131 -2.630771 -3.071602 22.315707
174.202 -1.182561 -2.631888 -3.104763 22.336168
174.302 -1.193866 -2.632098 -3.130943 22.347474
174.402 -1.206164 -2.632016 3.124317 22.359773
174.502 -1.225360 -2.631189 3.078939 22.378986
174.602 -1.236538 -2.630284 3.051013 22.390200
174.702 -1.247570 -2.629250 3.057995 22.401281
174.802 -1.267021 -2.627801 3.077368 22.420787
174.902 -1.281129 -2.630974 3.091125 22.435247
175.002 -1.333898 -2.668780 3.063252 22.500160
175.104 -1.344552 -2.667968 3.061681 22.510845
175.202 -1.358173 -2.666868 3.059761 22.524511
175.302 -1.374747 -2.665438 3.052431 22.541147
175.402 -1.385885 -2.664413 3.048765 22.552332
175.502 -1.395595 -2.663470 3.043355 22.562087
175.602 -1.411978 -2.661687 3.029218 22.578567
175.702 -1.421603 -2.660532 3.016826 22.588261
175.802 -1.431030 -2.659289 3.006005 22.597769
175.905 -1.444656 -2.657285 2.988202 22.611542
176.002 -1.452822 -2.655990 2.981221 22.619810
176.102 -1.458998 -2.654976 2.979476 22.626069
176.203 -1.461036 -2.654642 2.979476 22.628133
176.302 -1.460736 -2.654690 3.007401 22.628437
176.402 -1.460555 -2.654710 3.040562 22.628618
176.502 -1.461537 -2.654628 3.094667 22.629604
176.602 -1.460855 -2.654644 3.133065 22.630286
176.702 -1.461821 -2.654655 -3.125686 22.631251
176.802 -1.463188 -2.654677 -3.125686 22.632618
176.902 -1.463264 -2.654678 -3.125686 22.632695
177.002 -1.463264 -2.654678 -3.125686 22.632695
177.102 -1.463264 -2.654678 -3.125686 22.632695
177.206 -1.463264 -2.654678 -3.125686 22.632695
177.302 -1.463304 -2.654679 -3.125686 22.632735
177.403 -1.463389 -2.654680 -3.125686 22.632820
177.502 -1.463504 -2.654682 -3.125686 22.632935
177.602 -1.463504 -2.654682 -3.125686 22.632935
177.702 -1.463544 -2.654683 -3.123941 22.632975
177.807 -1.463643 -2.654684 -3.123941 22.633074
177.902 -1.463746 -2.654686 -3.123941 22.633177
178.002 -1.463770 -2.654687 -3.120450 22.633200
178.102 -1.466481 -2.657042 -3.134019 22.636792
178.202 -1.472615 -2.662113 3.092578 22.644751
178.311 -1.472476 -2.662120 3.094324 22.644890
178.402 -1.472397 -2.662124 3.094324 22.644969
178.502 -1.472376 -2.662125 3.096069 22.644990
178.605 -1.472557 -2.662117 3.096069 22.645170
178.702 -1.472716 -2.662110 3.097814 22.645330
178.802 -1.472916 -2.662101 3.099560 22.645530
178.902 -1.473100 -2.662093 3.101305 22.645714
179.002 -1.473060 -2.662095 3.101305 22.645754
179.102 -1.472961 -2.662099 3.104796 22.645853
179.202 -1.473161 -2.662092 3.104796 22.646054
179.302 -1.473421 -2.662082 3.106541 22.646314
179.402 -1.473480 -2.662080 3.110032 22.646373
179.503 -1.473524 -2.662079 3.110032 22.646417
179.603 -1.473428 -2.662082 3.110032 22.646513
179.702 -1.473428 -2.662082 3.110032 22.646513
179.805 -1.474103 -2.662061 3.110032 22.647188
179.902 -1.486066 -2.661683 3.110032 22.659158
180.002 -1.494344 -2.661422 3.110032 22.667440
180.102 -1.505421 -2.661072 3.110032 22.678523
180.202 -1.513666 -2.660812 3.110032 22.686771
180.302 -1.521524 -2.660564 3.110032 22.694633
180.402 -1.534911 -2.660141 3.110032 22.708027
180.502 -1.542837 -2.659891 3.110032 22.715957
180.603 -1.550844 -2.659638 3.110032 22.723968
180.702 -1.564825 -2.659197 3.110032 22.737956
180.803 -1.572750 -2.658946 3.110032 22.745885
180.902 -1.580851 -2.658691 3.110032 22.753990
181.002 -1.590606 -2.658383 3.110032 22.763750
181.102 -1.602593 -2.658004 3.110032 22.775743
181.202 -1.610515 -2.657754 3.110032 22.783669
181.302 -1.661099 -2.727056 -3.110924 22.869468
181.402 -1.669013 -2.727306 -3.110924 22.877386
181.503 -1.676923 -2.727549 -3.110924 22.885300
181.602 -1.690680 -2.727980 -3.110924 22.899064
181.703 -1.696564 -2.728168 -3.109179 22.904951
181.802 -1.710639 -2.728624 -3.109179 22.919033
181.902 -1.718372 -2.728875 -3.109179 22.926770
182.002 -1.726706 -2.729145 -3.109179 22.935108
182.102 -1.730974 -2.729284 -3.109179 22.939379
182.215 -1.730752 -2.729276 -3.109179 22.939601
182.308 -1.730087 -2.729255 -3.109179 22.940266
182.423 -1.730006 -2.729252 -3.109179 22.940347
182.505 -1.729987 -2.729252 -3.109179 22.940366
182.603 -1.729987 -2.729252 -3.109179 22.940366
182.702 -1.729987 -2.729252 -3.109179 22.940366
182.802 -1.729987 -2.729252 -3.109179 22.940366
182.902 -1.729787 -2.729245 -3.109179 22.940566
183.002 -1.729626 -2.729240 -3.109179 22.940727
183.102 -1.729686 -2.729242 -3.109179 22.940787
183.202 -1.729606 -2.729239 -3.109179 22.940868
183.302 -1.729586 -2.729239 -3.109179 22.940888
183.402 -1.729606 -2.729239 -3.109179 22.940908
183.502 -1.729606 -2.729239 -3.109179 22.940908
183.602 -1.729606 -2.729239 -3.109179 22.940908
183.702 -1.729606 -2.729239 -3.109179 22.940908
183.802 -1.729587 -2.729239 -3.109179 22.940927
183.902 -1.729606 -2.729239 -3.109179 22.940947
184.002 -1.729606 -2.729239 -3.109179 22.940947
184.102 -1.729606 -2.729239 -3.109179 22.940947
184.202 -1.729606 -2.729239 -3.109179 22.940947
184.302 -1.729606 -2.729239 -3.109179 22.940947
184.403 -1.723172 -2.742026 -3.103546 22.955261
184.502 -1.705097 -2.777012 -3.087996 22.994641
184.602 -1.705097 -2.777012 -3.087996 22.994641
184.702 -1.705097 -2.777012 -3.087996 22.994641
184.802 -1.705097 -2.777012 -3.087996 22.994641
184.902 -1.705097 -2.777012 -3.087996 22.994641
185.002 -1.705097 -2.777012 -3.087996 22.994641
185.102 -1.705097 -2.777012 -3.087996 22.994641
185.202 -1.705097 -2.777012 -3.087996 22.994641
185.302 -1.705097 -2.777012 -3.087996 22.994641
185.402 -1.705097 -2.777012 -3.087996 22.994641
185.502 -1.705097 -2.777012 -3.087996 22.994641
185.602 -1.705097 -2.777012 -3.087996 22.994641
185.702 -1.705097 -2.777012 -3.087996 22.994641
185.803 -1.705097 -2.777012 -3.087996 22.994641
185.902 -1.705041 -2.777009 -3.087996 22.994698
186.002 -1.704960 -2.777005 -3.087996 22.994778
186.102 -1.704940 -2.777004 -3.087996 22.994798
186.202 -1.704921 -2.777003 -3.087996 22.994818
186.302 -1.704881 -2.777001 -3.087996 22.994857
186.402 -1.704901 -2.777002 -3.087996 22.994877
186.502 -1.704901 -2.777002 -3.087996 22.994877
186.602 -1.704901 -2.777002 -3.087996 22.994877
186.702 -1.704901 -2.777002 -3.087996 22.994877
186.802 -1.704901 -2.777002 -3.087996 22.994877
186.902 -1.704901 -2.777002 -3.087996 22.994877
187.004 -1.704901 -2.777002 -3.087996 22.994877
187.102 -1.704901 -2.777002 -3.087996 22.994877
187.202 -1.704901 -2.777002 -3.087996 22.994877
187.302 -1.704901 -2.777002 -3.087996 22.994877
187.402 -1.708030 -2.778566 -3.087967 22.998376
187.502 -1.708030 -2.778566 -3.087967 22.998376
187.602 -1.708030 -2.778566 -3.087967 22.998376
187.702 -1.708030 -2.778566 -3.087967 22.998376
187.802 -1.708030 -2.778566 -3.087967 22.998376
187.902 -1.708030 -2.778566 -3.087967 22.998376
188.002 -1.708030 -2.778566 -3.087967 22.998376
188.102 -1.708030 -2.778566 -3.087967 22.998376
188.202 -1.708030 -2.778566 -3.087967 22.998376
188.302 -1.708030 -2.778566 -3.087967 22.998376
188.402 -1.708030 -2.778566 -3.087967 22.998376
188.502 -1.708030 -2.778566 -3.087967 22.998376
188.602 -1.708030 -2.778566 -3.087967 22.998376
188.702 -1.708030 -2.778566 -3.087967 22.998376
188.802 -1.708030 -2.778566 -3.087967 22.998376
188.902 -1.708030 -2.778566 -3.087967 22.998376
189.002 -1.708030 -2.778566 -3.087967 22.998376
189.102 -1.708030 -2.778566 -3.087967 22.998376
189.202 -1.708030 -2.778566 -3.087967 22.998376
189.302 -1.708030 -2.778566 -3.087967 22.998376
189.402 -1.708030 -2.778566 -3.087967 22.998376
189.502 -1.708030 -2.778566 -3.087967 22.998376
189.602 -1.708030 -2.778566 -3.087967 22.998376
189.702 -1.708030 -2.778566 -3.087967 22.998376
189.802 -1.708030 -2.778566 -3.087967 22.998376
189.902 -1.708030 -2.778566 -3.087967 22.998376
190.002 -1.708030 -2.778566 -3.087967 22.998376
190.102 -1.708030 -2.778566 -3.087967 22.998376
190.202 -1.708030 -2.778566 -3.087967 22.998376
190.302 -1.708030 -2.778566 -3.087967 22.998376
190.402 -1.708030 -2.778566 -3.087967 22.998376
190.502 -1.703343 -2.778566 -3.087967 23.003063
190.602 -1.703343 -2.778566 -3.087967 23.003063
190.702 -1.703343 -2.778566 -3.087967 23.003063
190.802 -1.703343 -2.778566 -3.087967 23.003063
190.902 -1.703343 -2.778566 -3.087967 23.003063
191.002 -1.703343 -2.778566 -3.087967 23.003063
191.102 -1.703343 -2.778566 -3.087967 23.003063
191.202 -1.703343 -2.778566 -3.087967 23.003063
191.302 -1.703343 -2.778566 -3.087967 23.003063
191.402 -1.703343 -2.778566 -3.087967 23.003063
191.502 -1.703343 -2.778566 -3.087967 23.003063
191.602 -1.703343 -2.778566 -3.087967 23.003063
191.702 -1.703343 -2.778566 -3.087967 23.003063
191.802 -1.703343 -2.778566 -3.087967 23.003063
191.902 -1.703661 -2.778583 -3.087967 23.003382
192.002 -1.703482 -2.778573 -3.087967 23.003561
192.102 -1.703360 -2.778567 -3.087967 23.003683
192.202 -1.703360 -2.778567 -3.087967 23.003683
192.302 -1.703360 -2.778567 -3.087967 23.003683
192.402 -1.703360 -2.778567 -3.087967 23.003683
192.504 -1.703360 -2.778567 -3.087967 23.003683
192.602 -1.703360 -2.778567 -3.087967 23.003683
192.702 -1.703360 -2.778567 -3.087967 23.003683
192.802 -1.703360 -2.778567 -3.087967 23.003683
192.902 -1.703360 -2.778567 -3.087967 23.003683
193.002 -1.703360 -2.778567 -3.087967 23.003683
193.103 -1.703360 -2.778567 -3.087967 23.003683
193.202 -1.703360 -2.778567 -3.087967 23.003683
193.302 -1.703360 -2.778567 -3.087967 23.003683
193.402 -1.703360 -2.778567 -3.087967 23.003683
193.502 -1.703360 -2.778567 -3.087967 23.003683
193.602 -1.703361 -2.778391 -3.087889 23.003859
193.702 -1.703369 -2.775288 -3.086517 23.006962
193.807 -1.703369 -2.775288 -3.086517 23.006962
193.902 -1.703369 -2.775288 -3.086517 23.006962
194.002 -1.703369 -2.775288 -3.086517 23.006962
194.102 -1.703369 -2.775288 -3.086517 23.006962
194.202 -1.703369 -2.775288 -3.086517 23.006962
194.302 -1.703369 -2.775288 -3.086517 23.006962
194.402 -1.703369 -2.775288 -3.086517 23.006962
194.502 -1.703369 -2.775288 -3.086517 23.006962
194.602 -1.703369 -2.775288 -3.086517 23.006962
194.702 -1.703369 -2.775288 -3.086517 23.006962
194.802 -1.703369 -2.775288 -3.086517 23.006962
194.902 -1.703369 -2.775288 -3.086517 23.006962
195.002 -1.703369 -2.775288 -3.086517 23.006962
195.102 -1.703369 -2.775288 -3.086517 23.006962
195.202 -1.703369 -2.775288 -3.086517 23.006962
