# t_sec x y yaw_rad cum_dist_m
0.102 -0.000034 -0.005836 0.010938 0.000000
0.202 0.000046 -0.005835 0.010938 0.000080
0.301 0.000027 -0.005836 0.010938 0.000100
0.407 0.000027 -0.005836 0.010938 0.000100
0.502 0.000027 -0.005836 0.010938 0.000100
0.602 0.000027 -0.005836 0.010938 0.000100
0.702 0.000027 -0.005836 0.010938 0.000100
0.802 0.000027 -0.005836 0.010938 0.000100
0.902 0.000027 -0.005836 0.010938 0.000100
1.014 0.000027 -0.005836 0.010938 0.000100
1.101 0.000027 -0.005836 0.010938 0.000100
1.208 0.000027 -0.005836 0.010938 0.000100
1.304 0.000027 -0.005836 0.010938 0.000100
1.405 0.000027 -0.005836 0.010938 0.000100
1.501 0.000027 -0.005836 0.010938 0.000100
1.601 -0.000033 -0.005836 0.012683 0.000160
1.702 0.000060 -0.005834 0.026645 0.000253
1.802 0.000234 -0.005828 0.047589 0.000428
1.902 -0.000044 -0.005846 0.084241 0.000706
2.008 0.000191 -0.005821 0.119148 0.000942
2.108 0.000231 -0.005818 0.154054 0.000982
2.202 0.000229 -0.005815 0.183725 0.000986
2.302 0.000388 -0.005787 0.222122 0.001148
2.402 -0.017422 -0.010461 0.306317 0.019561
2.502 -0.016854 -0.010266 0.348380 0.020162
2.601 -0.016834 -0.010259 0.378050 0.020183
2.702 -0.016853 -0.010267 0.407721 0.020203
2.803 -0.016834 -0.010263 0.449609 0.020222
2.902 -0.016720 -0.010202 0.481025 0.020351
3.002 -0.016513 -0.010090 0.508950 0.020587
3.102 -0.016512 -0.010090 0.540366 0.020588
3.201 -0.016516 -0.010095 0.584174 0.020595
3.302 -0.016648 -0.010186 0.613844 0.020755
3.402 -0.016618 -0.010157 0.653987 0.020797
3.502 -0.016407 -0.009993 0.687148 0.021065
3.616 -0.016362 -0.009954 0.715073 0.021124
3.702 -0.016115 -0.009727 0.751725 0.021460
3.802 -0.019969 -0.004260 0.775816 0.028149
3.902 -0.034397 0.015998 0.798698 0.053020
4.002 -0.034480 0.015905 0.832034 0.053146
4.102 -0.034493 0.015891 0.851407 0.053164
4.210 -0.034182 0.016261 0.888059 0.053647
4.302 -0.034334 0.016059 0.931692 0.053900
4.402 -0.034318 0.016086 0.961363 0.053931
4.504 -0.033994 0.016562 0.998015 0.054507
4.602 -0.034388 0.015930 1.032921 0.055252
4.702 -0.034181 0.016292 1.057356 0.055669
4.801 -0.034145 0.016342 1.099244 0.055731
4.901 -0.034128 0.016382 1.135896 0.055774
5.029 -0.034007 0.016656 1.162076 0.056073
5.102 -0.034173 0.016255 1.195237 0.056506
5.201 -0.033976 0.016787 1.238870 0.057073
5.302 -0.031410 0.011149 1.269627 0.063268
5.419 -0.022881 -0.006029 1.313626 0.082446
5.501 -0.022741 -0.005459 1.351849 0.083033
5.602 -0.022793 -0.005713 1.379948 0.083293
5.704 -0.022779 -0.005634 1.406303 0.083373
5.801 -0.022767 -0.005572 1.453427 0.083436
5.901 -0.022747 -0.005384 1.477861 0.083626
6.002 -0.022741 -0.005297 1.498805 0.083713
6.102 -0.022735 -0.005176 1.544184 0.083834
6.202 -0.022734 -0.005077 1.573854 0.083933
6.301 -0.022730 -0.004976 1.619233 0.084034
6.407 -0.022696 -0.005551 1.648904 0.084610
6.507 -0.022740 -0.005085 1.673338 0.085078
6.602 -0.022762 -0.004896 1.704754 0.085268
6.701 -0.022751 -0.004955 1.741406 0.085328
6.802 -0.022759 -0.004923 1.772822 0.085360
6.903 -0.022840 -0.004561 1.799002 0.085732
7.001 -0.013916 -0.015686 1.867759 0.099993
7.101 -0.009379 -0.021083 1.906071 0.107045
7.201 -0.009344 -0.021178 1.930506 0.107145
7.303 -0.009495 -0.020808 1.981121 0.107545
7.401 -0.009438 -0.020933 2.005555 0.107683
7.501 -0.009240 -0.021348 2.019518 0.108143
7.602 -0.009611 -0.020640 2.064896 0.108942
7.702 -0.009591 -0.020673 2.098058 0.108981
7.801 -0.009510 -0.020810 2.113766 0.109140
7.904 -0.009496 -0.020823 2.152163 0.109159
8.001 -0.009585 -0.020692 2.183579 0.109318
8.101 -0.009677 -0.020564 2.228957 0.109475
8.202 -0.009798 -0.020409 2.234193 0.109672
8.302 -0.009697 -0.020530 2.279572 0.109829
8.401 -0.009699 -0.020525 2.314479 0.109834
8.502 -0.009979 -0.020230 2.340658 0.110241
8.602 -0.009910 -0.020299 2.370329 0.110338
8.702 -0.010792 -0.024288 2.425593 0.114424
8.802 -0.010747 -0.024327 2.453518 0.114484
8.904 -0.010875 -0.024223 2.490170 0.114649
9.001 -0.010939 -0.024176 2.525077 0.114729
9.102 -0.011209 -0.023995 2.556667 0.115054
9.201 -0.011156 -0.024028 2.589828 0.115116
9.301 -0.011000 -0.024117 2.628226 0.115296
9.402 -0.011087 -0.024070 2.659642 0.115395
9.501 -0.011551 -0.023833 2.670114 0.115917
9.601 -0.011252 -0.023983 2.682331 0.116252
9.702 -0.011197 -0.024010 2.713747 0.116313
9.801 -0.011267 -0.023980 2.736262 0.116390
9.902 -0.010970 -0.024097 2.779895 0.116709
10.004 -0.010837 -0.024145 2.818467 0.116849
10.113 -0.011141 -0.024048 2.840981 0.117168
10.204 -0.010798 -0.024134 2.893341 0.117522
10.302 -0.010968 -0.024097 2.923186 0.117695
10.402 -0.012502 -0.048841 2.955251 0.142486
10.502 -0.011581 -0.050606 3.004389 0.144477
10.601 -0.011957 -0.050563 3.030569 0.144855
10.701 -0.012206 -0.050541 3.060240 0.145105
10.801 -0.011785 -0.050561 3.107364 0.145526
10.902 -0.011745 -0.050563 3.133544 0.145566
11.002 -0.011864 -0.050563 -3.121716 0.145685
11.102 -0.012004 -0.050571 -3.086810 0.145825
11.201 -0.012182 -0.050582 -3.046667 0.146004
11.302 -0.011744 -0.050534 -3.022232 0.146445
11.402 -0.012273 -0.050614 -2.971618 0.146980
11.502 -0.012123 -0.050583 -2.943693 0.147134
11.602 -0.011711 -0.050494 -2.919258 0.147555
11.705 -0.011615 -0.050474 -2.872134 0.147653
11.802 -0.006450 -0.048690 -2.844330 0.153117
11.902 0.002856 -0.045500 -2.821846 0.162955
12.002 0.002715 -0.045546 -2.774722 0.163104
12.107 0.002574 -0.045604 -2.750287 0.163256
12.202 0.002353 -0.045699 -2.720617 0.163496
12.303 0.002691 -0.045536 -2.676983 0.163872
12.401 0.002512 -0.045631 -2.635095 0.164074
12.507 0.002269 -0.045769 -2.612406 0.164354
12.601 0.002590 -0.045565 -2.563362 0.164735
12.702 0.002823 -0.045409 -2.539102 0.165016
12.802 0.002727 -0.045479 -2.509432 0.165135
12.902 0.002386 -0.045735 -2.462308 0.165561
13.003 0.002686 -0.045481 -2.434208 0.165954
13.102 0.002702 -0.045468 -2.408028 0.165974
13.202 0.002312 -0.045849 -2.366140 0.166519
13.303 0.002522 -0.045641 -2.348687 0.166814
13.401 0.002547 -0.045613 -2.325998 0.166852
13.502 0.011207 -0.024054 -2.258904 0.190085
13.603 0.024377 0.008030 -2.202892 0.224767
13.706 0.024257 0.007855 -2.173222 0.224979
13.814 0.024335 0.007982 -2.134650 0.225128
13.902 0.024286 0.007900 -2.106725 0.225224
14.002 0.024185 0.007723 -2.073564 0.225428
14.101 0.024460 0.008254 -2.031676 0.226027
14.202 0.024346 0.008009 -2.002005 0.226297
14.302 0.024432 0.008232 -1.956626 0.226536
14.402 0.024411 0.008176 -1.930447 0.226595
14.502 0.024353 0.008010 -1.900776 0.226771
14.602 0.024386 0.008105 -1.857143 0.226872
14.702 0.024384 0.008094 -1.827472 0.226883
14.801 0.024452 0.008417 -1.782094 0.227213
14.902 0.024411 0.008204 -1.752423 0.227431
15.002 0.024348 0.007821 -1.724498 0.227819
15.104 0.024395 0.008169 -1.693082 0.228170
15.203 0.024375 0.007970 -1.658175 0.228369
15.302 0.024406 0.008466 -1.612797 0.228866
15.402 0.024398 0.008106 -1.583126 0.229225
15.502 0.028486 0.036426 -1.509610 0.257839
15.601 0.028475 0.036624 -1.479939 0.258037
15.701 0.028527 0.036190 -1.436306 0.258474
15.802 0.028474 0.036526 -1.408381 0.258814
15.902 0.028503 0.036388 -1.359512 0.258954
16.001 0.028491 0.036426 -1.331586 0.258993
16.103 0.028467 0.036525 -1.298425 0.259095
16.219 0.028502 0.036407 -1.270500 0.259218
16.302 0.028444 0.036578 -1.230357 0.259398
16.402 0.028577 0.036226 -1.202258 0.259774
16.502 0.028591 0.036192 -1.158799 0.259811
16.607 0.028574 0.036229 -1.129128 0.259851
16.703 0.027648 0.036996 -1.103365 0.261055
16.801 0.017559 0.042460 -1.035337 0.272528
16.902 0.017507 0.042544 -1.010728 0.272626
17.002 0.017592 0.042413 -0.986294 0.272782
17.102 0.017387 0.042709 -0.944406 0.273142
17.202 0.017363 0.042742 -0.919971 0.273182
17.302 0.017437 0.042647 -0.888555 0.273303
17.402 0.017154 0.042982 -0.853649 0.273741
17.502 0.017346 0.042780 -0.815251 0.274019
17.602 0.017585 0.042535 -0.783835 0.274361
17.701 0.017534 0.042577 -0.738457 0.274427
17.802 0.017041 0.043013 -0.714022 0.275085
17.902 0.016902 0.043132 -0.680861 0.275268
18.002 0.017807 0.042441 -0.635482 0.276407
18.102 0.017516 0.042647 -0.611048 0.276764
18.202 0.016083 0.041887 -0.579640 0.278385
18.302 0.005512 0.034189 -0.519303 0.291463
18.402 0.005615 0.034135 -0.491378 0.291579
18.502 0.005522 0.034172 -0.444254 0.291678
18.602 0.005503 0.034181 -0.414583 0.291699
18.702 0.005908 0.034014 -0.384913 0.292137
18.802 0.005701 0.034087 -0.346515 0.292356
18.902 0.005721 0.034085 -0.301137 0.292376
19.002 0.005932 0.034023 -0.274957 0.292596
19.102 0.005544 0.034125 -0.247032 0.292998
19.201 0.005565 0.034122 -0.205144 0.293019
19.301 0.005803 0.034076 -0.175473 0.293261
19.402 0.006103 0.034029 -0.137076 0.293565
19.502 0.005767 0.034066 -0.095188 0.293903
19.601 0.005527 0.034085 -0.068833 0.294143
19.702 -0.013339 0.000425 -0.017038 0.332730
19.801 -0.013599 0.000420 0.021359 0.332990
19.901 -0.013744 0.000417 0.051029 0.333135
20.001 -0.013204 0.000454 0.078955 0.333676
20.101 -0.012825 0.000490 0.096408 0.334057
20.201 -0.012745 0.000498 0.096408 0.334138
20.301 -0.012745 0.000498 0.096408 0.334138
20.413 -0.012745 0.000498 0.096408 0.334138
20.502 -0.012745 0.000498 0.096408 0.334138
20.602 -0.012745 0.000498 0.096408 0.334138
20.710 -0.012745 0.000498 0.096408 0.334138
20.801 -0.012745 0.000498 0.096408 0.334138
20.901 -0.012745 0.000498 0.096408 0.334138
21.002 -0.006874 0.001058 0.094663 0.340035
21.102 0.001247 0.001829 0.094663 0.348193
21.203 0.011986 0.002848 0.094663 0.358980
21.302 0.032733 0.004795 0.092743 0.379818
21.402 0.043890 0.005832 0.092743 0.391023
21.501 0.059111 0.007226 0.090998 0.406308
21.602 0.073498 0.008511 0.089078 0.420752
21.702 0.085144 0.009530 0.087332 0.432443
21.802 0.100184 0.010869 0.090998 0.447542
21.902 0.117948 0.012500 0.092743 0.465380
22.002 0.129508 0.013586 0.094663 0.476991
22.101 0.140335 0.014629 0.096408 0.487868
22.202 0.160996 0.016633 0.098328 0.508627
22.302 0.172186 0.017715 0.096408 0.519869
22.402 0.183212 0.018781 0.096408 0.530947
22.501 0.202163 0.020595 0.094663 0.549984
22.601 0.213958 0.021720 0.094663 0.561833
22.702 0.260147 0.037449 0.075264 0.610626
22.802 0.287213 0.048215 0.060912 0.639754
22.904 0.304791 0.049287 0.060912 0.657365
23.002 0.325065 0.050480 0.057247 0.677674
23.101 0.336678 0.051129 0.055327 0.689306
23.202 0.351499 0.051939 0.053582 0.704148
23.302 0.368675 0.052844 0.051662 0.721348
23.402 0.379967 0.053428 0.051662 0.732656
23.501 0.391113 0.053994 0.049917 0.743816
23.603 0.411043 0.054990 0.049917 0.763771
23.702 0.422840 0.055579 0.049917 0.775582
23.802 0.434025 0.056143 0.051662 0.786781
23.901 0.453436 0.057152 0.051662 0.806219
24.002 0.465166 0.057759 0.051662 0.817965
24.101 0.482338 0.058647 0.051662 0.835160
24.202 0.495275 0.059335 0.053582 0.848115
24.301 0.506046 0.059913 0.053582 0.858902
24.402 0.517892 0.060564 0.053582 0.870766
24.501 0.538729 0.061703 0.055327 0.891634
24.601 0.550440 0.062352 0.055327 0.903362
24.701 0.564713 0.063170 0.057247 0.917659
24.802 0.582243 0.064190 0.057247 0.935219
24.901 0.594041 0.064866 0.057247 0.947036
25.002 0.608582 0.065715 0.057247 0.961602
25.101 0.625920 0.066734 0.058993 0.978970
25.202 0.637512 0.067441 0.060912 0.990583
25.301 0.652295 0.068386 0.064578 1.005397
25.402 0.669230 0.069515 0.068068 1.022369
25.502 0.680852 0.070333 0.071559 1.034020
25.602 0.697258 0.071528 0.075050 1.050469
25.701 0.710408 0.072525 0.075050 1.063657
25.801 0.724665 0.073597 0.075050 1.077954
25.902 0.745542 0.092633 0.073046 1.106206
26.002 0.788369 0.144206 0.054875 1.173243
26.101 0.802660 0.144825 0.034106 1.187547
26.202 0.813867 0.145134 0.021714 1.198759
26.301 0.824682 0.145253 0.006006 1.209574
26.402 0.844440 0.145363 0.006006 1.229333
26.502 0.856495 0.145430 0.004261 1.241388
26.602 0.874096 0.145535 0.006006 1.258990
26.701 0.885755 0.145610 0.006006 1.270648
26.802 0.897545 0.145722 0.009497 1.282439
26.902 0.917831 0.145936 0.011242 1.302726
27.002 0.929349 0.146097 0.014907 1.314245
27.102 0.940938 0.146275 0.016827 1.325835
27.202 0.961894 0.146757 0.029394 1.346797
27.302 0.973652 0.147118 0.031139 1.358561
27.401 0.985224 0.147323 0.013686 1.370135
27.502 1.005326 0.147436 -0.000451 1.390237
27.602 1.017160 0.147431 -0.000451 1.402071
27.701 1.031854 0.147413 -0.003942 1.416765
27.802 1.049177 0.147179 -0.017905 1.434090
27.901 1.060713 0.146912 -0.024886 1.445629
28.002 1.078335 0.146473 -0.024886 1.463256
28.101 1.093356 0.146099 -0.024886 1.478281
28.202 1.105301 0.145823 -0.023141 1.490230
28.301 1.122915 0.145435 -0.021395 1.507848
28.402 1.137091 0.145171 -0.017905 1.522027
28.502 1.151431 0.144965 -0.012669 1.536368
28.604 1.163509 0.144855 -0.005338 1.548446
28.701 1.181598 0.144862 0.001817 1.566535
28.802 1.192249 0.144907 0.003737 1.577187
28.902 1.208608 0.145030 0.008973 1.593546
29.002 1.222541 0.145185 0.012464 1.607480
29.102 1.236371 0.173121 0.030325 1.638652
29.211 1.254395 0.227391 0.066477 1.695836
29.302 1.267827 0.228332 0.071713 1.709302
29.402 1.277764 0.228974 0.057750 1.719259
29.502 1.291397 0.229718 0.049024 1.732912
29.601 1.308150 0.230501 0.045533 1.749684
29.702 1.319898 0.230990 0.040297 1.761442
29.802 1.337487 0.231685 0.038552 1.779044
29.901 1.352167 0.232218 0.036632 1.793735
30.002 1.363939 0.232639 0.034886 1.805514
30.101 1.378779 0.233145 0.034886 1.820362
30.202 1.396591 0.233694 0.029301 1.838183
30.302 1.408262 0.234004 0.025636 1.849857
30.402 1.422283 0.234364 0.025636 1.863884
30.501 1.439924 0.234786 0.023891 1.881529
30.601 1.451531 0.235053 0.022145 1.893139
30.705 1.466343 0.235381 0.022145 1.907955
30.806 1.481129 0.235708 0.022145 1.922745
30.902 1.498766 0.236073 0.020400 1.940386
31.002 1.513456 0.236373 0.020400 1.955079
31.102 1.525765 0.236624 0.020400 1.967390
31.201 1.543389 0.237247 0.043089 1.985025
31.302 1.557478 0.238027 0.071015 1.999136
31.404 1.569548 0.239149 0.105921 2.011258
31.502 1.586807 0.241520 0.154790 2.028679
31.601 1.601590 0.244172 0.193188 2.043698
31.701 1.613272 0.246603 0.215877 2.055630
31.801 1.626817 0.249742 0.235076 2.069534
31.906 1.642295 0.253711 0.261430 2.085513
32.002 1.653771 0.256851 0.271902 2.097411
32.102 1.665087 0.260045 0.277313 2.109169
32.202 1.685353 0.327504 0.341306 2.179606
32.302 1.696259 0.331458 0.353523 2.191208
32.402 1.706382 0.335224 0.355269 2.202009
32.502 1.717075 0.339183 0.353523 2.213411
32.605 1.732762 0.344930 0.350033 2.230117
32.701 1.743589 0.348850 0.346542 2.241632
32.802 1.762635 0.355707 0.344797 2.261875
32.901 1.773620 0.359646 0.343051 2.273544
33.002 1.784446 0.363487 0.339561 2.285032
33.101 1.798222 0.368322 0.336070 2.299632
33.203 1.814558 0.374018 0.336070 2.316932
33.302 1.825792 0.377920 0.334325 2.328824
33.405 1.843948 0.383922 0.309890 2.347947
33.502 1.854507 0.387202 0.299418 2.359003
33.603 1.865073 0.390505 0.302909 2.370073
33.702 1.879057 0.394910 0.308145 2.384735
33.802 1.896061 0.400339 0.311635 2.402585
33.902 1.907876 0.404157 0.315126 2.415001
34.002 1.926617 0.409438 0.247058 2.434472
34.102 1.938075 0.412063 0.213897 2.446227
34.208 1.949738 0.414693 0.222624 2.458182
34.302 1.968636 0.419086 0.231350 2.477584
34.402 1.980000 0.421841 0.241822 2.489278
34.501 1.990577 0.424550 0.255785 2.500197
34.602 2.008288 0.429466 0.282139 2.518577
34.702 2.018183 0.432480 0.301512 2.528921
34.802 2.029423 0.435999 0.305178 2.540699
34.902 2.043349 0.440450 0.312159 2.555319
35.001 2.060258 0.445934 0.315650 2.573095
35.102 2.073953 0.450433 0.319140 2.587510
35.204 2.085137 0.454150 0.322631 2.599295
35.302 2.116963 0.512125 0.397765 2.665432
35.414 2.130083 0.517650 0.394275 2.679668
35.504 2.144687 0.523706 0.390784 2.695477
35.602 2.154745 0.527845 0.389039 2.706354
35.702 2.165933 0.532409 0.387293 2.718437
35.802 2.182483 0.539066 0.378567 2.736276
35.901 2.191187 0.542484 0.369840 2.745627
36.001 2.201437 0.546436 0.366175 2.756612
36.102 2.215239 0.551686 0.360939 2.771379
36.205 2.226048 0.555714 0.352212 2.782914
36.301 2.242106 0.561510 0.341740 2.799986
36.401 2.261282 0.568203 0.332839 2.820296
36.501 2.272625 0.572086 0.329348 2.832285
36.602 2.283575 0.575812 0.327603 2.843852
36.701 2.303397 0.582554 0.327603 2.864789
36.802 2.314525 0.586315 0.325858 2.876536
36.902 2.325829 0.590107 0.322367 2.888459
37.002 2.345487 0.596602 0.317131 2.909163
37.101 2.356676 0.600258 0.311895 2.920933
37.202 2.367932 0.603774 0.296187 2.932725
37.302 2.386911 0.609337 0.278734 2.952504
37.402 2.397758 0.612370 0.271752 2.963766
37.502 2.412403 0.616292 0.257615 2.978927
37.602 2.423414 0.619069 0.238417 2.990283
37.702 2.439862 0.622802 0.215727 3.007149
37.802 2.454110 0.625854 0.206826 3.021720
37.902 2.470847 0.629230 0.189024 3.038795
38.001 2.482650 0.631444 0.182043 3.050804
38.106 2.493605 0.633382 0.169825 3.061929
38.202 2.511030 0.636261 0.159353 3.079590
38.302 2.526098 0.638637 0.154117 3.094844
38.404 2.570356 0.751265 -0.017681 3.215856
38.501 2.584850 0.750952 -0.027979 3.230353
38.602 2.602486 0.750252 -0.045956 3.248003
38.710 2.611494 0.749811 -0.051366 3.257021
38.801 2.629094 0.748707 -0.072659 3.274655
38.901 2.643388 0.747537 -0.088716 3.288998
39.002 2.655119 0.746400 -0.099188 3.300784
39.101 2.673045 0.744323 -0.127113 3.318829
39.204 2.686749 0.742469 -0.141076 3.332658
39.302 2.694757 0.741274 -0.153293 3.340755
39.401 2.714209 0.738240 -0.153293 3.360442
39.502 2.725632 0.736510 -0.149803 3.371996
39.602 2.737003 0.734830 -0.144567 3.383490
39.703 2.757207 0.731961 -0.137585 3.403896
39.802 2.769120 0.730396 -0.127113 3.415911
39.901 2.786572 0.728311 -0.113151 3.433488
40.001 2.804093 0.726459 -0.097443 3.451107
40.101 2.812419 0.725676 -0.092032 3.459469
40.201 2.830303 0.724145 -0.081211 3.477419
40.302 2.844840 0.723053 -0.070390 3.491997
40.402 2.856484 0.722270 -0.064980 3.503667
40.502 2.874130 0.721199 -0.057649 3.521346
40.603 2.885575 0.720549 -0.055904 3.532809
40.702 2.902985 0.719639 -0.050493 3.550243
40.806 2.919245 0.718840 -0.048748 3.566522
40.902 2.927278 0.718462 -0.047003 3.574564
41.002 2.944753 0.717661 -0.045258 3.592058
41.102 2.959633 0.717008 -0.043512 3.606952
41.202 2.972076 0.716544 -0.029550 3.619403
41.302 2.987912 0.716254 -0.013842 3.635242
41.401 3.001972 0.716258 0.009022 3.649303
41.502 3.019974 0.727942 0.023033 3.670763
41.601 3.069469 0.787052 0.032864 3.747859
41.701 3.074020 0.787145 0.010000 3.752411
41.801 3.077102 0.787111 -0.021416 3.755493
41.902 3.082345 0.786838 -0.075521 3.760743
42.003 3.083662 0.786746 -0.164533 3.762064
42.101 3.081453 0.787223 -0.243073 3.764323
42.203 3.078353 0.788245 -0.370482 3.767587
42.302 3.076424 0.789126 -0.456003 3.769708
42.401 3.074099 0.790440 -0.569449 3.772379
42.502 3.071778 0.792184 -0.703839 3.775282
42.603 3.070329 0.793568 -0.796342 3.777286
42.701 3.068309 0.795971 -0.930732 3.780425
42.802 3.064474 0.781355 -1.039729 3.795536
42.903 3.062137 0.770890 -1.042667 3.806258
43.001 3.062834 0.769595 -1.145642 3.807729
43.102 3.062838 0.769578 -1.278287 3.807746
43.202 3.063339 0.767520 -1.358572 3.809865
43.301 3.060841 0.774481 -1.466804 3.817260
43.401 3.049288 0.810776 -1.592648 3.855350
43.502 3.049125 0.808835 -1.683405 3.857299
43.609 3.048607 0.805872 -1.786379 3.860307
43.702 3.047850 0.803171 -1.877136 3.863112
43.802 3.047323 0.801680 -1.932987 3.864693
43.903 3.046285 0.799301 -2.013272 3.867289
44.001 3.064846 0.760014 -2.149876 3.910739
44.101 3.069571 0.731193 -2.226148 3.939945
44.205 3.060467 0.720105 -2.276763 3.954292
44.304 3.048305 0.706883 -2.337849 3.972256
44.402 3.040165 0.698799 -2.372756 3.983729
44.502 3.027356 0.687286 -2.435588 4.000952
44.611 3.016264 0.678460 -2.491438 4.015126
44.701 3.005960 0.671052 -2.535072 4.027817
44.810 2.996423 0.650362 -2.579435 4.050600
44.901 2.989691 0.605226 -2.620511 4.096235
45.008 2.984070 0.602272 -2.683343 4.102585
45.101 2.979744 0.600350 -2.751410 4.107319
45.202 2.972808 0.598142 -2.899763 4.114598
45.303 2.969963 0.597613 -2.988775 4.117491
45.401 2.966489 0.597271 -3.077787 4.120982
45.501 2.960768 0.597404 3.050064 4.126704
45.603 2.957326 0.597922 2.961052 4.130186
45.702 2.952768 0.599124 2.824916 4.134899
45.802 2.956356 0.537802 2.701154 4.196326
45.902 2.958485 0.536651 2.617379 4.198746
46.010 2.961199 0.534782 2.477752 4.202042
46.102 2.962765 0.533395 2.388740 4.204133
46.203 3.005252 0.497626 2.096232 4.259672
46.301 3.006446 0.495179 1.981040 4.262395
46.402 3.007196 0.493100 1.867594 4.264605
46.501 3.007696 0.491096 1.778582 4.266670
46.602 3.008015 0.489011 1.689570 4.268780
46.702 2.942746 0.529352 1.603608 4.345509
46.802 2.942707 0.527695 1.516341 4.347167
46.902 2.942671 0.526840 1.486670 4.348022
47.003 2.943051 0.529071 1.340063 4.350285
47.101 2.943742 0.531378 1.254542 4.352694
47.201 2.946135 0.537165 1.121897 4.358956
47.302 2.948369 0.541050 1.004960 4.363438
47.407 2.950769 0.544402 0.912457 4.367560
47.502 2.954952 0.549011 0.781557 4.373784
47.605 2.960289 0.553775 0.701272 4.380939
47.702 2.976813 0.562053 0.602643 4.399420
47.802 2.986948 0.568209 0.510140 4.411278
47.902 2.996566 0.573040 0.438582 4.422041
48.002 3.014592 0.597176 0.368192 4.452165
48.101 3.021502 0.599559 0.315832 4.459475
48.202 3.026632 0.615798 0.248334 4.476505
48.301 3.029259 0.623190 0.202541 4.484350
48.402 3.038679 0.624774 0.146691 4.493903
48.502 3.054995 0.626219 0.043716 4.510283
48.602 3.064244 0.626292 -0.013880 4.519532
48.702 3.078718 0.625370 -0.097655 4.534035
48.801 3.091306 0.623609 -0.165723 4.546746
48.901 3.101264 0.621582 -0.221574 4.556908
49.002 3.134371 0.669849 -0.307974 4.615439
49.102 3.151308 0.687046 -0.365552 4.639576
49.208 3.161478 0.682829 -0.405694 4.650585
49.302 3.178927 0.674437 -0.477253 4.669948
49.403 3.189426 0.668764 -0.508669 4.681881
49.502 3.199567 0.662757 -0.550557 4.693667
49.603 3.216173 0.651725 -0.615134 4.713604
49.722 3.233736 0.651531 -0.640869 4.731169
49.802 3.264476 0.653984 -0.683452 4.762006
49.901 3.273027 0.646715 -0.714868 4.773229
50.002 3.286032 0.634867 -0.755011 4.790822
50.101 3.296492 0.624593 -0.793408 4.805484
50.202 3.304382 0.616308 -0.821333 4.816925
50.302 3.316123 0.603255 -0.856240 4.834481
50.404 3.323824 0.594145 -0.878929 4.846410
50.501 3.335256 0.579803 -0.908600 4.864751
50.607 3.344490 0.567580 -0.931289 4.880070
50.702 3.351202 0.558387 -0.945251 4.891452
50.802 3.358029 0.548790 -0.957643 4.903230
50.905 3.367774 0.534540 -0.978936 4.920493
51.002 3.377624 0.519581 -0.993073 4.938404
51.104 3.385773 0.507000 -1.000404 4.953394
51.201 3.391933 0.497292 -1.007560 4.964891
51.301 3.399662 0.484983 -1.013145 4.979425
51.402 3.431146 0.515241 -0.911330 5.023093
51.501 3.438353 0.505902 -0.914995 5.034890
51.601 3.446194 0.495383 -0.946585 5.048010
51.702 3.458371 0.477210 -1.009417 5.069885
51.802 3.464360 0.467185 -1.044324 5.081563
51.902 3.469857 0.457518 -1.063697 5.092683
52.002 3.479069 0.440144 -1.105759 5.112348
52.102 3.484094 0.429815 -1.128449 5.123834
52.202 3.488980 0.419360 -1.135430 5.135375
52.301 3.497406 0.400730 -1.154629 5.155822
52.403 3.501969 0.389924 -1.177318 5.167552
52.501 3.506255 0.378970 -1.208734 5.179315
52.602 3.512921 0.360070 -1.243640 5.199355
52.701 3.516502 0.349050 -1.259348 5.210943
52.802 3.519916 0.338256 -1.268075 5.222263
52.902 3.525090 0.321190 -1.282038 5.240097
53.001 3.528147 0.310766 -1.287274 5.250960
53.101 3.531448 0.299286 -1.294255 5.262905
53.202 3.536846 0.280052 -1.301236 5.282883
53.302 3.539861 0.269025 -1.304727 5.294314
53.402 3.542663 0.258614 -1.308218 5.305095
53.502 3.547858 0.239015 -1.315199 5.325371
53.601 3.550776 0.227808 -1.316944 5.336951
53.704 3.553694 0.216464 -1.320435 5.348665
53.802 3.603454 0.184582 -1.527172 5.407763
53.902 3.605449 0.171779 -1.618579 5.420721
54.002 3.604471 0.160624 -1.681410 5.431919
54.101 3.601727 0.141043 -1.718062 5.451691
54.202 3.599948 0.129224 -1.721553 5.463643
54.301 3.598184 0.117849 -1.725044 5.475154
54.401 3.595542 0.101235 -1.730280 5.491977
54.501 3.593916 0.091205 -1.732025 5.502138
54.601 3.590954 0.073192 -1.735516 5.520392
54.702 3.589226 0.062798 -1.735516 5.530929
54.802 3.587678 0.053357 -1.732025 5.540496
54.902 3.585052 0.036730 -1.728534 5.557329
55.002 3.583101 0.025460 -1.745988 5.568768
55.102 3.580915 0.013873 -1.761696 5.580558
55.201 3.578503 0.002223 -1.779149 5.592456
55.302 3.574030 -0.017603 -1.801838 5.612780
55.417 3.571692 -0.028030 -1.784385 5.623466
55.501 3.567494 -0.048071 -1.772168 5.643942
55.601 3.565068 -0.059523 -1.780894 5.655648
55.702 3.562630 -0.070807 -1.784385 5.667193
55.802 3.560149 -0.082249 -1.784385 5.678900
55.902 3.555832 -0.102223 -1.782640 5.699335
56.001 3.553419 -0.113203 -1.791366 5.710578
56.101 3.548804 -0.133201 -1.801838 5.731101
56.203 3.546299 -0.144494 -1.784385 5.742669
56.302 3.543843 -0.156150 -1.772168 5.754580
56.401 3.540268 -0.174138 -1.768677 5.772920
56.501 3.537091 -0.190076 -1.765186 5.789172
56.601 3.535437 -0.198972 -1.752969 5.798220
56.713 3.532446 -0.215962 -1.739006 5.815472
56.805 3.529948 -0.229995 -1.756460 5.829725
56.901 3.526560 -0.247018 -1.777404 5.847082
57.001 3.464831 -0.286522 -1.824961 5.920369
57.102 3.461907 -0.298091 -1.814489 5.932302
57.206 3.458512 -0.311958 -1.807508 5.946578
57.301 3.454694 -0.328224 -1.795291 5.963287
57.401 3.451853 -0.340927 -1.788310 5.976304
57.502 3.448508 -0.356080 -1.786564 5.991822
57.601 3.446391 -0.366024 -1.774347 6.001988
57.701 3.444370 -0.376242 -1.758639 6.012404
57.802 3.441535 -0.392269 -1.732459 6.028680
57.903 3.440288 -0.400434 -1.715006 6.036940
58.002 3.439028 -0.409689 -1.702788 6.046280
58.109 3.437484 -0.422228 -1.683590 6.058914
58.202 3.435927 -0.438834 -1.652174 6.075593
58.302 3.434976 -0.451619 -1.639957 6.088413
58.402 3.434368 -0.462652 -1.620758 6.099463
58.501 3.433682 -0.480356 -1.601559 6.117180
58.602 3.433344 -0.491490 -1.599814 6.128320
58.702 3.432883 -0.509974 -1.592833 6.146809
58.801 3.432642 -0.524503 -1.577125 6.161340
58.902 3.432615 -0.536183 -1.571889 6.173020
59.002 3.432704 -0.547874 -1.559671 6.184711
59.102 3.433024 -0.568119 -1.547454 6.204959
59.202 3.433292 -0.579592 -1.547454 6.216435
59.302 3.433803 -0.596616 -1.538727 6.233467
59.401 3.434442 -0.614279 -1.533491 6.251142
59.502 3.434801 -0.623464 -1.531746 6.260333
59.602 3.435520 -0.641074 -1.528255 6.277958
59.701 3.436319 -0.658874 -1.524765 6.295776
59.802 3.436720 -0.667477 -1.523020 6.304388
59.901 3.437589 -0.685207 -1.521274 6.322139
60.001 3.438332 -0.699785 -1.517784 6.336736
60.101 3.438943 -0.711398 -1.517784 6.348365
60.204 3.547603 -0.778085 -1.455577 6.475857
60.301 3.585365 -0.814851 -1.433295 6.528561
60.402 3.586737 -0.825118 -1.445512 6.538919
60.502 3.588443 -0.840656 -1.473437 6.554550
60.601 3.589547 -0.855612 -1.506599 6.569547
60.702 3.590013 -0.863931 -1.517071 6.577879
60.801 3.590779 -0.880740 -1.527543 6.594705
60.901 3.591397 -0.895748 -1.531033 6.609726
61.001 3.591705 -0.907185 -1.551977 6.621167
61.101 3.591759 -0.923749 -1.581648 6.637732
61.201 3.591494 -0.934750 -1.602592 6.648736
61.301 3.590932 -0.951936 -1.604337 6.665931
61.402 3.590457 -0.966224 -1.602592 6.680227
61.502 3.590031 -0.979765 -1.600846 6.693774
61.604 3.589709 -0.991133 -1.599101 6.705147
61.702 3.589257 -1.008721 -1.595610 6.722741
61.802 3.588981 -1.020660 -1.593865 6.734682
61.902 3.588586 -1.038504 -1.592120 6.752532
62.001 3.588302 -1.053262 -1.583393 6.767292
62.110 3.588152 -1.067090 -1.579902 6.781121
62.219 3.588088 -1.078468 -1.574666 6.792499
62.301 3.588037 -1.095459 -1.574666 6.809490
62.401 3.587990 -1.106523 -1.576412 6.820554
62.501 3.587907 -1.121341 -1.576412 6.835372
62.602 3.587807 -1.139090 -1.576412 6.853121
62.702 3.587739 -1.151199 -1.576412 6.865231
62.801 3.587629 -1.168097 -1.578157 6.882130
62.901 3.587498 -1.182505 -1.579902 6.896537
63.002 3.587392 -1.194191 -1.579902 6.908224
63.101 3.587258 -1.208894 -1.579902 6.922928
63.207 3.630411 -1.242118 -1.572381 6.977390
63.303 3.659043 -1.264577 -1.567398 7.013779
63.403 3.659091 -1.275951 -1.569143 7.025153
63.502 3.658946 -1.295835 -1.583106 7.045037
63.603 3.658751 -1.307721 -1.591832 7.056925
63.702 3.658350 -1.321887 -1.602304 7.071097
63.802 3.657802 -1.338488 -1.604050 7.087707
63.902 3.657269 -1.351140 -1.621503 7.100370
64.002 3.656483 -1.363449 -1.640702 7.112704
64.101 3.655085 -1.383213 -1.642447 7.132517
64.201 3.654201 -1.395442 -1.644192 7.144778
64.302 3.653298 -1.407519 -1.645938 7.156889
64.402 3.651686 -1.428579 -1.647683 7.178010
64.502 3.650776 -1.440193 -1.647683 7.189660
64.601 3.649379 -1.457995 -1.649428 7.207517
64.701 3.648179 -1.472756 -1.652919 7.222327
64.802 3.647184 -1.484797 -1.654664 7.234408
64.906 3.646178 -1.496630 -1.656410 7.246285
65.002 3.644499 -1.516313 -1.654664 7.266039
65.105 3.643413 -1.528958 -1.656410 7.278730
65.209 3.642424 -1.540665 -1.654664 7.290479
65.301 3.640868 -1.559980 -1.649428 7.309857
65.402 3.640010 -1.571044 -1.649428 7.320954
65.501 3.639040 -1.583283 -1.651174 7.333231
65.601 3.637323 -1.604400 -1.652919 7.354418
65.702 3.636460 -1.615238 -1.651174 7.365290
65.801 3.635143 -1.631827 -1.649428 7.381931
65.905 3.634698 -1.637478 -1.649428 7.387600
66.001 3.633080 -1.658016 -1.649428 7.408202
66.101 3.631708 -1.675940 -1.644192 7.426178
66.203 3.630883 -1.687494 -1.640702 7.437762
66.304 3.630092 -1.699087 -1.638956 7.449381
66.402 3.711430 -1.742811 -1.674939 7.541727
66.502 3.710586 -1.750893 -1.674939 7.549853
66.603 3.708537 -1.769471 -1.685411 7.568543
66.702 3.707286 -1.780008 -1.690647 7.579155
66.802 3.705920 -1.790795 -1.701119 7.590027
66.902 3.703322 -1.809287 -1.715082 7.608701
67.003 3.701565 -1.820428 -1.734281 7.619980
67.101 3.699546 -1.832091 -1.749989 7.631816
67.204 3.695833 -1.851327 -1.770933 7.651407
67.302 3.693666 -1.861441 -1.786641 7.661751
67.403 3.691460 -1.871196 -1.795367 7.671752
67.501 3.687290 -1.888130 -1.825038 7.689192
67.602 3.684658 -1.898027 -1.833764 7.699433
67.708 3.682140 -1.907212 -1.842491 7.708957
67.802 3.678598 -1.919543 -1.854708 7.721786
67.901 3.676493 -1.926698 -1.858199 7.729245
68.001 3.674779 -1.932487 -1.856454 7.735282
68.102 3.674744 -1.932606 -1.856454 7.735406
68.201 3.674774 -1.932513 -1.823292 7.735504
68.304 3.674762 -1.932562 -1.798858 7.735554
68.402 3.674763 -1.932521 -1.748243 7.735595
68.502 3.674736 -1.932702 -1.709846 7.735777
68.601 3.674742 -1.932643 -1.674939 7.735837
68.701 3.674730 -1.932782 -1.660977 7.735977
68.812 3.674730 -1.932782 -1.660977 7.735977
68.901 3.674734 -1.932741 -1.660977 7.736019
69.001 3.674734 -1.932741 -1.660977 7.736019
69.102 3.674734 -1.932741 -1.660977 7.736019
69.201 3.674723 -1.932854 -1.662722 7.736131
69.321 3.673586 -1.944046 -1.674939 7.747382
69.401 3.672647 -1.952425 -1.688902 7.755813
69.502 3.671712 -1.959916 -1.697629 7.763362
69.601 3.705188 -1.992042 -1.772286 7.809760
69.703 3.713942 -2.004617 -1.803969 7.825082
69.803 3.712049 -2.012263 -1.819677 7.832958
69.902 3.708325 -2.026178 -1.845857 7.847363
70.001 3.706048 -2.034101 -1.854583 7.855607
70.102 3.703680 -2.041975 -1.868546 7.863829
70.213 3.699418 -2.055125 -1.894726 7.877652
70.302 3.696897 -2.062352 -1.912179 7.885306
70.416 3.691990 -2.075480 -1.954067 7.899322
70.501 3.687401 -2.085613 -2.018644 7.910445
70.605 3.678967 -2.100870 -2.116383 7.927879
70.705 3.674261 -2.108051 -2.166997 7.936464
70.802 3.661872 -2.124050 -2.276953 7.956699
70.902 3.654069 -2.132557 -2.334549 7.968242
71.002 3.646340 -2.140056 -2.393890 7.979011
71.102 3.634014 -2.150448 -2.474175 7.995134
71.202 3.621711 -2.159322 -2.547479 8.010302
71.302 3.610767 -2.166110 -2.613802 8.023181
71.402 3.601673 -2.171052 -2.660925 8.033531
71.502 3.589473 -2.177052 -2.701068 8.047127
71.601 3.579688 -2.219671 -2.857265 8.090855
71.702 3.569260 -2.222449 -2.893917 8.101647
71.819 3.555408 -2.225685 -2.925333 8.115872
71.902 3.538414 -2.229063 -2.961985 8.133199
72.006 3.527686 -2.230839 -2.984674 8.144072
72.102 3.517328 -2.232261 -3.016090 8.154528
72.202 3.498174 -2.234255 -3.054487 8.173785
72.301 3.486965 -2.235047 -3.078922 8.185022
72.405 3.472704 -2.235699 -3.103356 8.199297
72.507 3.456041 -2.235999 -3.138263 8.215963
72.607 3.448852 -2.244538 -3.117079 8.227126
72.702 3.437218 -2.244651 -3.139768 8.238760
72.801 3.418123 -2.244387 3.112001 8.257858
72.904 3.412943 -2.244210 3.106591 8.263041
73.006 3.396433 -2.243486 3.083552 8.279566
73.102 3.376903 -2.241970 3.052136 8.299155
73.213 3.365537 -2.240844 3.038174 8.310577
73.302 3.353971 -2.239592 3.031018 8.322210
73.402 3.333828 -2.237053 3.004314 8.342512
73.502 3.322180 -2.235350 2.991922 8.354285
73.602 3.311023 -2.233578 2.981276 8.365581
73.701 3.292052 -2.230321 2.963648 8.384830
73.802 3.284701 -2.228984 2.959983 8.392302
73.901 3.268119 -2.225813 2.947416 8.409184
74.002 3.258986 -2.223979 2.940435 8.418499
74.102 3.250208 -2.222120 2.929614 8.427471
74.202 3.235050 -2.218763 2.918793 8.442997
74.302 3.226524 -2.216770 2.909892 8.451752
74.401 3.218214 -2.214790 2.906227 8.460295
74.502 3.206960 -2.212311 2.946369 8.471819
74.601 3.197598 -2.210664 2.983021 8.481325
74.702 3.188516 -2.209438 3.019673 8.490490
74.802 3.173947 -2.208165 3.080760 8.505114
74.901 3.165040 -2.207843 3.118982 8.514027
75.001 3.157114 -2.207859 -3.125631 8.521953
75.101 3.147025 -2.208300 -3.078507 8.532051
75.201 3.177200 -2.197637 -3.049020 8.564055
75.302 3.165995 -2.199187 -2.979206 8.575366
75.402 3.147741 -2.203455 -2.858779 8.594113
75.502 3.136532 -2.207096 -2.822127 8.605898
75.602 3.126457 -2.210739 -2.780239 8.616612
75.707 3.112848 -2.216275 -2.741842 8.631303
75.804 3.097614 -2.223101 -2.703444 8.647997
75.901 3.087491 -2.228007 -2.682500 8.659246
76.002 3.074827 -2.234594 -2.647594 8.673521
76.102 3.060981 -2.245680 -2.623593 8.691258
76.202 3.027944 -2.313807 -2.639020 8.766973
76.301 3.018080 -2.319280 -2.633784 8.778254
76.401 3.008584 -2.324564 -2.633784 8.789120
76.502 2.991551 -2.333959 -2.646002 8.808573
76.602 2.981177 -2.339554 -2.649492 8.820360
76.702 2.970949 -2.344957 -2.656474 8.831927
76.802 2.953019 -2.354087 -2.680908 8.852048
76.902 2.947799 -2.356610 -2.694871 8.857845
77.002 2.932730 -2.363499 -2.724541 8.874415
77.101 2.919590 -2.369096 -2.750721 8.888697
77.202 2.903742 -2.375453 -2.768175 8.905772
77.301 2.892780 -2.379683 -2.778647 8.917522
77.401 2.879479 -2.384580 -2.797845 8.931696
77.503 2.863355 -2.390243 -2.815299 8.948786
77.601 2.852443 -2.393872 -2.822280 8.960285
77.701 2.833025 -2.399983 -2.846714 8.980643
77.801 2.821533 -2.403249 -2.874640 8.992589
77.901 2.810346 -2.406229 -2.886857 9.004166
78.002 2.795751 -2.409959 -2.892093 9.019230
78.102 2.779029 -2.414184 -2.895584 9.036478
78.201 2.767711 -2.417015 -2.897329 9.048145
78.302 2.753349 -2.420574 -2.899074 9.062941
78.401 2.736079 -2.424819 -2.900820 9.080725
78.502 2.725120 -2.427505 -2.902565 9.092008
78.602 2.711198 -2.430893 -2.904310 9.106336
78.702 2.697806 -2.434117 -2.906056 9.120112
78.802 2.677694 -2.438922 -2.907801 9.140789
78.901 2.665818 -2.441733 -2.909546 9.152993
79.002 2.654676 -2.444357 -2.911292 9.164440
79.102 2.634677 -2.449035 -2.913037 9.184979
79.202 2.622963 -2.451760 -2.913037 9.197006
79.304 2.613547 -2.460100 -2.931636 9.209584
79.401 2.601762 -2.472616 -3.050589 9.226775
79.501 2.584515 -2.474120 -3.055825 9.244087
79.601 2.572812 -2.475126 -3.055825 9.255834
79.702 2.561435 -2.476104 -3.055825 9.267253
79.801 2.540809 -2.478088 -3.038372 9.287974
79.902 2.529782 -2.479250 -3.036627 9.299062
80.001 2.515083 -2.480798 -3.036627 9.313842
80.102 2.497903 -2.482608 -3.036627 9.331117
80.201 2.486772 -2.483787 -3.034881 9.342311
80.302 2.473518 -2.485215 -3.031391 9.355641
80.402 2.457220 -2.487077 -3.024409 9.372046
80.503 2.446592 -2.488342 -3.022664 9.382749
80.601 2.433612 -2.489911 -3.020919 9.395824
80.702 2.417377 -2.491947 -3.012192 9.412185
80.802 2.405426 -2.493584 -2.996484 9.424248
80.907 2.393722 -2.495352 -2.987757 9.436085
81.001 2.373225 -2.498793 -2.966813 9.456869
81.102 2.361752 -2.500931 -2.949360 9.468539
81.201 2.345754 -2.504114 -2.940633 9.484851
81.301 2.332624 -2.506974 -2.912708 9.498288
81.401 2.320975 -2.509905 -2.883038 9.510301
81.503 2.307077 -2.513948 -2.844640 9.524774
81.602 2.296695 -2.517307 -2.823696 9.535687
81.701 2.279662 -2.523146 -2.795771 9.553693
81.802 2.268900 -2.527122 -2.776573 9.565165
81.902 2.260446 -2.530394 -2.769591 9.574231
82.004 2.250632 -2.534414 -2.739921 9.584835
82.102 2.239297 -2.539495 -2.706759 9.597258
82.206 2.231718 -2.543123 -2.685815 9.605661
82.301 2.224742 -2.546643 -2.669933 9.613474
82.402 2.211886 -2.553337 -2.650211 9.627969
82.502 2.207907 -2.574904 -2.622152 9.649899
82.601 2.212300 -2.640126 -2.541130 9.715269
82.702 2.197542 -2.650086 -2.553696 9.733074
82.802 2.187784 -2.656507 -2.564517 9.744755
82.904 2.178082 -2.662745 -2.575338 9.756290
83.002 2.160153 -2.673508 -2.624382 9.777201
83.101 2.149921 -2.679167 -2.645326 9.788894
83.213 2.135337 -2.686589 -2.688959 9.805258
83.302 2.123582 -2.692040 -2.718630 9.818215
83.401 2.113654 -2.696308 -2.743064 9.829022
83.502 2.097734 -2.703000 -2.744810 9.846291
83.610 2.092484 -2.705199 -2.744810 9.851983
83.701 2.071071 -2.714106 -2.748300 9.875174
83.802 2.062917 -2.717478 -2.750046 9.883998
83.902 2.046263 -2.724343 -2.751791 9.902012
84.002 2.030838 -2.730680 -2.751791 9.918688
84.102 2.019489 -2.735328 -2.753536 9.930952
84.205 2.009504 -2.739399 -2.755282 9.941735
84.302 2.001974 -2.742461 -2.755282 9.949864
84.402 1.990463 -2.747140 -2.757027 9.962289
84.508 1.985476 -2.749158 -2.757027 9.967669
84.602 1.984187 -2.749680 -2.757027 9.969060
84.702 1.984260 -2.749650 -2.757027 9.969139
84.801 1.984260 -2.749650 -2.757027 9.969139
84.902 1.984260 -2.749650 -2.757027 9.969139
85.002 1.984260 -2.749650 -2.757027 9.969139
85.101 1.984260 -2.749650 -2.757027 9.969139
85.202 1.984260 -2.749650 -2.757027 9.969139
85.302 1.984260 -2.749650 -2.757027 9.969139
85.402 1.981073 -2.751962 -2.770181 9.973076
85.502 1.971488 -2.754773 -2.808899 9.983065
85.604 1.971488 -2.754773 -2.808899 9.983065
85.702 1.971488 -2.754773 -2.808899 9.983065
85.802 1.971488 -2.754773 -2.808899 9.983065
85.902 1.971488 -2.754773 -2.808899 9.983065
86.001 1.971488 -2.754773 -2.808899 9.983065
86.102 1.971488 -2.754773 -2.808899 9.983065
86.202 1.971488 -2.754773 -2.808899 9.983065
86.302 1.971488 -2.754773 -2.808899 9.983065
86.402 1.971488 -2.754773 -2.808899 9.983065
86.509 1.971488 -2.754773 -2.808899 9.983065
86.601 1.971488 -2.754773 -2.808899 9.983065
86.701 1.971488 -2.754773 -2.808899 9.983065
86.802 1.971488 -2.754773 -2.808899 9.983065
86.902 1.971488 -2.754773 -2.808899 9.983065
87.002 1.971488 -2.754773 -2.808899 9.983065
87.102 1.971488 -2.754773 -2.808899 9.983065
87.204 1.966616 -2.756388 -2.831588 9.988198
87.303 1.960221 -2.758278 -2.866495 9.994866
87.402 1.952100 -2.760365 -2.899656 10.003251
87.502 1.934846 -2.763962 -2.960742 10.020876
87.601 1.923968 -2.765699 -2.995649 10.031892
87.702 1.911985 -2.767184 -3.030556 10.043967
87.802 1.892039 -2.768787 -3.075934 10.063978
87.901 1.881214 -2.769302 -3.102114 10.074814
88.003 1.864629 -2.769731 -3.123058 10.091405
88.103 1.855738 -2.769763 3.135693 10.100296
88.202 1.839654 -2.769476 3.116145 10.116383
88.301 1.825584 -2.769000 3.103753 10.130461
88.403 1.811599 -2.768315 3.087696 10.144462
88.502 1.800639 -2.770053 3.075807 10.155560
88.602 1.782069 -2.773384 3.052420 10.174425
88.702 1.770633 -2.772213 3.033221 10.185922
88.801 1.753990 -2.770342 3.025891 10.202669
88.902 1.741236 -2.768789 3.016989 10.215517
89.001 1.730048 -2.767346 3.011404 10.226798
89.102 1.712744 -2.764957 2.999187 10.244267
89.202 1.698130 -2.762823 2.995522 10.259036
89.301 1.686012 -2.761000 2.991857 10.271290
89.402 1.668536 -2.758313 2.988191 10.288971
89.501 1.653863 -2.756005 2.984526 10.303825
89.602 1.642704 -2.754221 2.982606 10.315125
89.702 1.626312 -2.751547 2.978941 10.331734
89.803 1.612124 -2.749193 2.975276 10.346116
89.902 1.600302 -2.747192 2.973531 10.358106
90.002 1.589213 -2.745289 2.969865 10.369357
90.101 1.568731 -2.741731 2.967946 10.390146
90.202 1.557290 -2.739704 2.966200 10.401765
90.304 1.545650 -2.737623 2.964280 10.413590
90.401 1.525673 -2.734028 2.964280 10.433888
90.501 1.514268 -2.731985 2.964280 10.445474
90.602 1.502838 -2.729875 2.952063 10.457097
90.701 1.482808 -2.725790 2.930770 10.477539
90.802 1.471384 -2.723188 2.907732 10.489256
90.902 1.459384 -2.720239 2.892024 10.501613
91.001 1.444746 -2.716365 2.883297 10.516755
91.107 1.442918 -2.715882 2.883297 10.518645
91.201 1.442761 -2.715841 2.883297 10.518808
91.302 1.442742 -2.715836 2.883297 10.518828
91.402 1.442742 -2.715836 2.883297 10.518828
91.502 1.442742 -2.715836 2.883297 10.518828
91.602 1.440405 -2.715224 2.886962 10.521244
91.701 1.433799 -2.713517 2.892373 10.528066
91.802 1.416528 -2.709512 2.929374 10.545796
91.901 1.363469 -2.751156 2.822146 10.613246
92.010 1.349603 -2.746843 2.846580 10.627768
92.102 1.334168 -2.742471 2.879742 10.643810
92.205 1.324246 -2.739962 2.900860 10.654044
92.302 1.315832 -2.738022 2.923724 10.662679
92.403 1.298112 -2.734433 2.946413 10.680759
92.506 1.291735 -2.733231 2.958456 10.687248
92.602 1.272726 -2.730019 2.988301 10.706526
92.701 1.257745 -2.727943 3.012736 10.721650
92.807 1.246684 -2.726555 3.018146 10.732798
92.901 1.228548 -2.724372 3.026873 10.751065
93.006 1.213580 -2.722654 3.028793 10.766131
93.102 1.201760 -2.721325 3.030538 10.778025
93.201 1.187151 -2.719780 3.041185 10.792716
93.302 1.169995 -2.718194 3.057067 10.809945
93.402 1.158687 -2.717325 3.065794 10.821286
93.501 1.149965 -2.716688 3.071030 10.830032
93.602 1.126592 -2.715057 3.072775 10.853462
93.701 1.114816 -2.714277 3.076266 10.865263
93.802 1.096544 -2.713108 3.078011 10.883573
93.902 1.087868 -2.712571 3.079756 10.892266
94.002 1.069986 -2.711480 3.081502 10.910181
94.102 1.052116 -2.710442 3.084992 10.928081
94.201 1.038136 -2.709650 3.084992 10.942083
94.302 1.027508 -2.709048 3.084992 10.952728
94.402 1.010951 -2.708115 3.086738 10.969311
94.505 1.001917 -2.707619 3.086738 10.978359
94.604 0.983826 -2.706636 3.088483 10.996476
94.702 0.966462 -2.705723 3.090228 11.013865
94.801 0.924456 -2.803109 -3.121462 11.119923
94.902 0.906401 -2.803472 -3.121462 11.137983
95.003 0.891548 -2.803766 -3.123207 11.152838
95.101 0.873684 -2.804079 -3.124952 11.170704
95.202 0.862130 -2.804256 -3.126698 11.182261
95.307 0.848242 -2.804429 -3.130188 11.196149
95.402 0.830568 -2.804571 -3.137170 11.213824
95.513 0.820001 -2.804603 -3.138915 11.224391
95.601 0.805292 -2.804463 3.124897 11.239100
95.701 0.787398 -2.803971 3.103779 11.257001
95.802 0.775725 -2.803409 3.087722 11.268688
95.903 0.760505 -2.802423 3.068349 11.283939
96.001 0.742688 -2.800887 3.042169 11.301823
96.102 0.733532 -2.799941 3.038678 11.311028
96.202 0.729718 -2.799557 3.042343 11.314861
96.301 0.729817 -2.799567 3.042343 11.314960
96.402 0.729817 -2.799567 3.042343 11.314960
96.510 0.729817 -2.799567 3.042343 11.314960
96.602 0.729817 -2.799567 3.042343 11.314960
96.701 0.729817 -2.799567 3.042343 11.314960
96.801 0.729817 -2.799567 3.042343 11.314960
96.901 0.729817 -2.799567 3.042343 11.314960
97.002 0.729817 -2.799567 3.042343 11.314960
97.102 0.729817 -2.799567 3.042343 11.314960
97.201 0.729817 -2.799567 3.042343 11.314960
97.302 0.729817 -2.799567 3.042343 11.314960
97.402 0.729817 -2.799567 3.042343 11.314960
97.504 0.729817 -2.799567 3.042343 11.314960
97.603 0.725124 -2.799110 3.046008 11.319675
97.701 0.717238 -2.798365 3.049674 11.327596
97.802 0.706605 -2.797388 3.049674 11.338273
97.902 0.690710 -2.795923 3.049674 11.354236
98.006 0.672577 -2.830424 2.989249 11.393212
98.101 0.652412 -2.827289 2.985583 11.413620
98.202 0.641247 -2.825533 2.985583 11.424921
98.304 0.630332 -2.823800 2.983664 11.435973
98.401 0.613557 -2.820888 2.953644 11.452999
98.501 0.600299 -2.818084 2.920308 11.466551
98.602 0.592209 -2.816162 2.904426 11.474866
98.702 0.572699 -2.811242 2.886798 11.494986
98.801 0.561435 -2.808264 2.885052 11.506638
98.901 0.550239 -2.805327 2.885052 11.518213
99.001 0.530546 -2.800379 2.907916 11.538518
99.102 0.519396 -2.797852 2.929035 11.549950
99.202 0.503156 -2.794430 2.934271 11.566547
99.301 0.486752 -2.790999 2.936016 11.583306
99.402 0.478386 -2.789260 2.936016 11.591851
99.502 0.461386 -2.785744 2.937936 11.609210
99.602 0.447665 -2.783030 2.952073 11.623198
99.702 0.435029 -2.780636 2.955738 11.636058
99.802 0.418928 -2.777917 2.988900 11.652387
99.901 0.405372 -2.776120 3.023806 11.666062
100.002 0.393918 -2.774947 3.048415 11.677575
100.106 0.376105 -2.773645 3.083496 11.695436
100.201 0.362265 -2.773011 3.104440 11.709290
100.301 0.352009 -2.772709 3.120148 11.719551
100.402 0.336049 -2.772659 -3.126385 11.735511
100.502 0.324774 -2.772958 -3.107186 11.746790
100.601 0.307929 -2.773895 -3.082752 11.763661
100.706 0.293316 -2.774776 -3.081007 11.778301
100.801 0.281558 -2.775500 -3.079261 11.790081
100.901 0.266985 -2.776409 -3.079261 11.804683
101.002 0.217549 -2.843535 -3.009200 11.888048
101.102 0.211625 -2.844329 -3.007455 11.894024
101.202 0.189013 -2.847381 -3.007455 11.916842
101.302 0.184354 -2.848009 -3.007455 11.921542
101.403 0.183744 -2.848092 -3.007455 11.922159
101.502 0.183724 -2.848094 -3.007455 11.922179
101.601 0.183724 -2.848094 -3.007455 11.922179
101.701 0.183724 -2.848094 -3.007455 11.922179
101.802 0.183724 -2.848094 -3.007455 11.922179
101.902 0.183724 -2.848094 -3.007455 11.922179
102.002 0.183724 -2.848094 -3.007455 11.922179
102.102 0.183724 -2.848094 -3.007455 11.922179
102.206 0.183724 -2.848094 -3.007455 11.922179
102.302 0.183724 -2.848094 -3.007455 11.922179
102.402 0.183724 -2.848094 -3.007455 11.922179
102.514 0.183724 -2.848094 -3.007455 11.922179
102.601 0.183724 -2.848094 -3.007455 11.922179
102.701 0.183724 -2.848094 -3.007455 11.922179
102.803 0.183724 -2.848094 -3.007455 11.922179
102.901 0.183724 -2.848094 -3.007455 11.922179
103.002 0.183724 -2.848094 -3.007455 11.922179
103.101 0.183724 -2.848094 -3.007455 11.922179
103.201 0.183724 -2.848094 -3.007455 11.922179
103.301 0.183724 -2.848094 -3.007455 11.922179
103.401 0.183724 -2.848094 -3.007455 11.922179
103.501 0.183724 -2.848094 -3.007455 11.922179
103.601 0.183724 -2.848094 -3.007455 11.922179
103.701 0.183724 -2.848094 -3.007455 11.922179
103.801 0.183724 -2.848094 -3.007455 11.922179
103.902 0.183724 -2.848094 -3.007455 11.922179
104.001 0.183724 -2.848094 -3.007455 11.922179
104.102 0.183724 -2.848094 -3.007455 11.922179
104.203 0.177590 -2.855573 -2.998429 11.931851
104.302 0.177590 -2.855573 -2.998429 11.931851
104.401 0.177590 -2.855573 -2.998429 11.931851
104.502 0.177590 -2.855573 -2.998429 11.931851
104.602 0.177590 -2.855573 -2.998429 11.931851
104.704 0.177590 -2.855573 -2.998429 11.931851
104.802 0.177590 -2.855573 -2.998429 11.931851
104.902 0.177590 -2.855573 -2.998429 11.931851
105.001 0.177590 -2.855573 -2.998429 11.931851
105.101 0.177590 -2.855573 -2.998429 11.931851
105.201 0.177590 -2.855573 -2.998429 11.931851
105.302 0.177590 -2.855573 -2.998429 11.931851
105.403 0.177590 -2.855573 -2.998429 11.931851
105.502 0.177590 -2.855573 -2.998429 11.931851
105.602 0.177590 -2.855573 -2.998429 11.931851
105.701 0.177590 -2.855573 -2.998429 11.931851
105.801 0.177590 -2.855573 -2.998429 11.931851
105.902 0.177590 -2.855573 -2.998429 11.931851
106.002 0.177590 -2.855573 -2.998429 11.931851
106.102 0.177590 -2.855573 -2.998429 11.931851
106.203 0.177590 -2.855573 -2.998429 11.931851
106.304 0.177590 -2.855573 -2.998429 11.931851
106.402 0.177590 -2.855573 -2.998429 11.931851
106.502 0.177590 -2.855573 -2.998429 11.931851
106.602 0.177590 -2.855573 -2.998429 11.931851
106.702 0.177590 -2.855573 -2.998429 11.931851
106.802 0.177590 -2.855573 -2.998429 11.931851
106.902 0.177590 -2.855573 -2.998429 11.931851
107.001 0.177590 -2.855573 -2.998429 11.931851
107.101 0.177590 -2.855573 -2.998429 11.931851
107.202 0.179152 -2.855573 -2.998429 11.933413
107.307 0.179152 -2.855573 -2.998429 11.933413
107.401 0.179152 -2.855573 -2.998429 11.933413
107.501 0.179152 -2.855573 -2.998429 11.933413
107.601 0.179152 -2.855573 -2.998429 11.933413
107.702 0.179119 -2.855577 -2.998429 11.933447
107.803 0.175155 -2.856142 -3.000174 11.937451
107.902 0.167114 -2.857269 -3.003665 11.945570
108.001 0.151266 -2.859394 -3.010646 11.961561
108.102 0.140232 -2.860788 -3.017628 11.972682
108.202 0.128979 -2.862191 -3.017628 11.984022
108.302 0.108536 -2.864738 -3.017628 12.004623
108.401 0.096496 -2.866183 -3.028100 12.016750
108.503 0.086355 -2.867302 -3.033336 12.026952
108.602 0.067190 -2.869312 -3.038572 12.046222
108.701 0.055575 -2.870512 -3.038572 12.057899
108.802 0.044034 -2.871685 -3.040317 12.069499
108.902 0.023592 -2.873737 -3.042062 12.090044
109.001 0.012140 -2.874866 -3.043808 12.101552
109.102 0.000624 -2.875995 -3.043808 12.113123
109.202 -0.020114 -2.877866 -3.059516 12.133945
109.308 -0.031457 -2.878740 -3.068242 12.145322
109.402 -0.042656 -2.879466 -3.080634 12.156544
109.503 -0.062650 -2.880444 -3.097913 12.176563
109.603 -0.074552 -2.880932 -3.101578 12.188474
109.708 -0.086272 -2.881391 -3.103323 12.200203
109.801 -0.106578 -2.882168 -3.103323 12.220525
109.903 -0.118705 -2.882615 -3.105243 12.232659
110.016 -0.130742 -2.883076 -3.103323 12.244705
110.104 -0.151441 -2.883851 -3.105243 12.265419
110.240 -0.163042 -2.884290 -3.105243 12.277028
110.302 -0.181051 -2.884891 -3.110654 12.295047
110.404 -0.202098 -2.894416 -3.135337 12.318149
110.502 -0.230942 -2.905462 3.100971 12.349036
110.605 -0.248692 -2.904740 3.100971 12.366801
110.701 -0.260811 -2.904242 3.100971 12.378930
110.801 -0.278324 -2.903525 3.099051 12.396457
110.902 -0.292968 -2.902930 3.100971 12.411114
111.002 -0.305057 -2.902444 3.102717 12.423212
111.102 -0.320310 -2.901845 3.102717 12.438477
111.202 -0.337625 -2.901200 3.102717 12.455804
111.301 -0.349379 -2.900742 3.102717 12.467567
111.402 -0.366470 -2.900053 3.100971 12.484672
111.502 -0.375116 -2.899696 3.099051 12.493325
111.602 -0.395050 -2.898817 3.095386 12.513279
111.702 -0.407139 -2.898231 3.091721 12.525382
111.802 -0.418760 -2.897699 3.102367 12.537015
111.901 -0.431100 -2.897270 3.113014 12.549363
112.002 -0.439949 -2.897041 3.116679 12.558214
112.102 -0.456956 -2.896832 3.137972 12.575222
112.202 -0.473929 -2.896931 -3.125665 12.592195
112.301 -0.482403 -2.897135 -3.115193 12.600673
112.402 -0.499950 -2.897870 -3.090759 12.618235
112.502 -0.515860 -2.898795 -3.078542 12.634171
112.602 -0.523460 -2.899289 -3.076796 12.641787
112.702 -0.538306 -2.900331 -3.068070 12.656670
112.801 -0.554639 -2.901564 -3.064579 12.673049
112.902 -0.569115 -2.902691 -3.062834 12.687569
113.001 -0.580691 -2.903614 -3.061088 12.699182
113.102 -0.597749 -2.905019 -3.057598 12.716298
113.201 -0.611987 -2.906228 -3.055852 12.730587
113.303 -0.623809 -2.907249 -3.054107 12.742453
113.403 -0.635401 -2.913438 -3.044217 12.755594
113.502 -0.642657 -2.961116 -2.936478 12.803821
113.601 -0.652464 -2.963144 -2.938223 12.813836
113.702 -0.662396 -2.965178 -2.939969 12.823974
113.802 -0.677324 -2.968184 -2.946950 12.839202
113.901 -0.694035 -2.971252 -2.969639 12.856192
114.002 -0.701874 -2.972571 -2.974875 12.864141
114.102 -0.719529 -2.975346 -2.992328 12.882013
114.202 -0.730688 -2.976885 -3.006291 12.893277
114.302 -0.743094 -2.978395 -3.030726 12.905775
114.402 -0.763002 -2.980511 -3.037707 12.925796
114.502 -0.774789 -2.981729 -3.039452 12.937645
114.601 -0.786431 -2.982861 -3.048179 12.949341
114.703 -0.806556 -2.984724 -3.050099 12.969553
114.802 -0.818297 -2.985781 -3.051844 12.981342
114.902 -0.829845 -2.986809 -3.053764 12.992935
115.002 -0.849896 -2.988543 -3.057429 13.013061
115.102 -0.861820 -2.989538 -3.059175 13.025027
115.203 -0.876157 -2.990669 -3.064760 13.039408
115.303 -0.892387 -2.991865 -3.070170 13.055682
115.402 -0.903190 -2.992603 -3.073835 13.066511
115.502 -0.917133 -2.993471 -3.089718 13.080480
115.601 -0.933562 -2.994157 -3.107346 13.096923
115.702 -0.944944 -2.994501 -3.114501 13.108311
115.803 -0.959236 -2.994858 -3.118167 13.122607
115.902 -0.971026 -2.995108 -3.121832 13.134400
116.002 -0.988728 -2.995432 -3.123577 13.152105
116.103 -1.003551 -2.995655 -3.127242 13.166929
116.202 -1.016072 -2.995816 -3.129162 13.179451
116.302 -1.032756 -2.995988 -3.132827 13.196136
116.406 -1.047550 -2.996092 -3.134573 13.210930
116.501 -1.058805 -2.996171 -3.134573 13.222186
116.603 -1.077593 -2.996282 -3.136493 13.240974
116.702 -1.193251 -3.027817 2.959545 13.360854
116.802 -1.203952 -3.025847 2.959545 13.371735
116.902 -1.217719 -3.023334 2.959545 13.385730
117.001 -1.223289 -3.022309 2.959545 13.391393
117.102 -1.225915 -3.021826 2.959545 13.394063
117.202 -1.229268 -3.021208 2.959545 13.397472
117.302 -1.233328 -3.020462 2.961465 13.401600
117.401 -1.235959 -3.019983 2.961465 13.404275
117.502 -1.237381 -3.019721 2.959545 13.405721
117.601 -1.237260 -3.019746 2.996371 13.405845
117.705 -1.237580 -3.019704 3.022551 13.406169
117.802 -1.237600 -3.019707 3.085208 13.406189
117.904 -1.238500 -3.019669 3.099346 13.407089
118.002 -1.238722 -3.019660 3.099346 13.407312
118.102 -1.238545 -3.019667 3.099346 13.407489
118.202 -1.238545 -3.019667 3.099346 13.407489
118.305 -1.238545 -3.019667 3.099346 13.407489
118.402 -1.238545 -3.019667 3.099346 13.407489
118.503 -1.238545 -3.019667 3.099346 13.407489
118.606 -1.238545 -3.019667 3.099346 13.407489
118.703 -1.238485 -3.019670 3.097426 13.407549
118.802 -1.238425 -3.019673 3.095680 13.407609
118.902 -1.238305 -3.019678 3.095680 13.407729
119.001 -1.238285 -3.019679 3.095680 13.407749
119.104 -1.238285 -3.019679 3.095680 13.407749
119.203 -1.238305 -3.019678 3.093761 13.407769
119.301 -1.238425 -3.019672 3.092015 13.407889
119.402 -1.238445 -3.019671 3.090095 13.407909
119.503 -1.238427 -3.019672 3.088350 13.407928
119.602 -1.238486 -3.019669 3.088350 13.407987
119.702 -1.242302 -3.019490 3.097251 13.411807
119.801 -1.220805 -3.056367 3.130677 13.454493
119.902 -1.213088 -3.069545 3.139663 13.469763
120.002 -1.218319 -3.069514 3.134078 13.474994
120.101 -1.230288 -3.069347 3.127271 13.486964
120.201 -1.230951 -3.069338 3.125526 13.487628
120.302 -1.234363 -3.069276 3.121861 13.491040
120.402 -1.239178 -3.069157 3.116450 13.495857
120.506 -1.239140 -3.069158 3.114530 13.495895
120.603 -1.240689 -3.069112 3.110865 13.497444
120.704 -1.245067 -3.068962 3.105455 13.501825
120.807 -1.244988 -3.068965 3.103535 13.501904
120.903 -1.244858 -3.068969 3.101789 13.502034
121.001 -1.245278 -3.068952 3.098124 13.502455
121.103 -1.245198 -3.068955 3.098124 13.502536
121.204 -1.248387 -3.068767 3.077006 13.505731
121.302 -1.257951 -3.067958 3.050826 13.515329
121.401 -1.258511 -3.067907 3.048906 13.515892
121.503 -1.259352 -3.067828 3.047161 13.516736
121.607 -1.259930 -3.067773 3.045241 13.517317
121.702 -1.262786 -3.067476 3.034769 13.520188
121.802 -1.265043 -3.067227 3.031104 13.522459
121.902 -1.265525 -3.067174 3.029184 13.522944
122.002 -1.267140 -3.066989 3.027438 13.524569
122.102 -1.274693 -3.066073 3.016617 13.532177
122.203 -1.288362 -3.064356 3.016617 13.545954
122.302 -1.296249 -3.063358 3.014698 13.553904
122.404 -1.305828 -3.062135 3.014698 13.563561
122.502 -1.318005 -3.060504 3.005971 13.575847
122.602 -1.326077 -3.059402 3.005971 13.583993
122.701 -1.335553 -3.058109 3.005971 13.593557
122.801 -1.347280 -3.056509 3.005971 13.605392
122.903 -1.351818 -3.052102 2.934658 13.611718
123.002 -1.361272 -3.050098 2.932738 13.621382
123.102 -1.372868 -3.047656 2.934658 13.633233
123.202 -1.380588 -3.046032 2.932738 13.641122
123.302 -1.387791 -3.044516 2.934658 13.648483
123.401 -1.401347 -3.041666 2.932738 13.662335
123.502 -1.409497 -3.039955 2.934658 13.670663
123.602 -1.419072 -3.037945 2.934658 13.680446
123.701 -1.430315 -3.035584 2.934658 13.691935
123.801 -1.436722 -3.034239 2.934658 13.698481
123.902 -1.438092 -3.033952 2.934658 13.699881
124.033 -1.437796 -3.034014 2.934658 13.700183
124.103 -1.437796 -3.034014 2.934658 13.700183
124.205 -1.437796 -3.034014 2.934658 13.700183
124.308 -1.437796 -3.034014 2.934658 13.700183
124.402 -1.437796 -3.034014 2.934658 13.700183
124.502 -1.437796 -3.034014 2.934658 13.700183
124.601 -1.437756 -3.034022 2.934658 13.700223
124.702 -1.437540 -3.034068 2.934658 13.700445
124.801 -1.437637 -3.034047 2.934658 13.700544
124.901 -1.437676 -3.034039 2.934658 13.700584
125.001 -1.437676 -3.034039 2.934658 13.700584
125.102 -1.437695 -3.034035 2.934658 13.700604
125.201 -1.437715 -3.034031 2.934658 13.700624
125.301 -1.437715 -3.034031 2.934658 13.700624
125.401 -1.437715 -3.034031 2.934658 13.700624
125.504 -1.437715 -3.034031 2.934658 13.700624
125.604 -1.437715 -3.034031 2.934658 13.700624
125.701 -1.437715 -3.034031 2.934658 13.700624
125.801 -1.437715 -3.034031 2.934658 13.700624
125.901 -1.437715 -3.034031 2.934658 13.700624
126.002 -1.448906 -3.032994 2.925189 13.711862
126.101 -1.478953 -3.028426 2.898054 13.742255
126.201 -1.478953 -3.028426 2.898054 13.742255
126.302 -1.478953 -3.028426 2.898054 13.742255
126.402 -1.478953 -3.028426 2.898054 13.742255
126.501 -1.478953 -3.028426 2.898054 13.742255
126.601 -1.478953 -3.028426 2.898054 13.742255
126.702 -1.478953 -3.028426 2.898054 13.742255
126.804 -1.478953 -3.028426 2.898054 13.742255
126.901 -1.478953 -3.028426 2.898054 13.742255
127.002 -1.478953 -3.028426 2.898054 13.742255
127.102 -1.478953 -3.028426 2.898054 13.742255
127.202 -1.478953 -3.028426 2.898054 13.742255
127.302 -1.478953 -3.028426 2.898054 13.742255
127.401 -1.478953 -3.028426 2.898054 13.742255
127.501 -1.478953 -3.028426 2.898054 13.742255
127.601 -1.478953 -3.028426 2.898054 13.742255
127.703 -1.478953 -3.028426 2.898054 13.742255
127.802 -1.478953 -3.028426 2.898054 13.742255
127.903 -1.478953 -3.028426 2.898054 13.742255
128.002 -1.478953 -3.028426 2.898054 13.742255
128.101 -1.478953 -3.028426 2.898054 13.742255
128.201 -1.478953 -3.028426 2.898054 13.742255
128.301 -1.478953 -3.028426 2.898054 13.742255
128.402 -1.478953 -3.028426 2.898054 13.742255
128.501 -1.478953 -3.028426 2.898054 13.742255
128.602 -1.478953 -3.028426 2.898054 13.742255
128.701 -1.478953 -3.028426 2.898054 13.742255
128.802 -1.478953 -3.028426 2.898054 13.742255
128.902 -1.478953 -3.028426 2.898054 13.742255
129.002 -1.478875 -3.021857 2.901179 13.748824
129.102 -1.478875 -3.021857 2.901179 13.748824
129.202 -1.478875 -3.021857 2.901179 13.748824
129.301 -1.478875 -3.021857 2.901179 13.748824
129.402 -1.478875 -3.021857 2.901179 13.748824
129.501 -1.478875 -3.021857 2.901179 13.748824
129.601 -1.478875 -3.021857 2.901179 13.748824
129.701 -1.478875 -3.021857 2.901179 13.748824
129.801 -1.478875 -3.021857 2.901179 13.748824
129.901 -1.478875 -3.021857 2.901179 13.748824
130.002 -1.478875 -3.021857 2.901179 13.748824
130.101 -1.478875 -3.021857 2.901179 13.748824
130.202 -1.478875 -3.021857 2.901179 13.748824
130.303 -1.478875 -3.021857 2.901179 13.748824
130.401 -1.478875 -3.021857 2.901179 13.748824
130.501 -1.478875 -3.021857 2.901179 13.748824
130.601 -1.478875 -3.021857 2.901179 13.748824
130.702 -1.478875 -3.021857 2.901179 13.748824
130.802 -1.478875 -3.021857 2.901179 13.748824
130.901 -1.478875 -3.021857 2.901179 13.748824
131.002 -1.478875 -3.021857 2.901179 13.748824
131.101 -1.478875 -3.021857 2.901179 13.748824
131.202 -1.478875 -3.021857 2.901179 13.748824
131.301 -1.478875 -3.021857 2.901179 13.748824
131.401 -1.478875 -3.021857 2.901179 13.748824
131.501 -1.478875 -3.021857 2.901179 13.748824
131.601 -1.478875 -3.021857 2.901179 13.748824
131.701 -1.478875 -3.021857 2.901179 13.748824
131.802 -1.478875 -3.021857 2.901179 13.748824
131.902 -1.478875 -3.021857 2.901179 13.748824
132.002 -1.478875 -3.020634 2.901179 13.750048
132.101 -1.478875 -3.020295 2.901179 13.750387
132.202 -1.478875 -3.020295 2.901179 13.750387
132.301 -1.478875 -3.020295 2.901179 13.750387
132.401 -1.478875 -3.020295 2.901179 13.750387
132.501 -1.478875 -3.020295 2.901179 13.750387
132.602 -1.478875 -3.020295 2.901179 13.750387
132.701 -1.478875 -3.020295 2.901179 13.750387
132.802 -1.478875 -3.020295 2.901179 13.750387
132.901 -1.478875 -3.020295 2.901179 13.750387
133.002 -1.478875 -3.020295 2.901179 13.750387
133.102 -1.478875 -3.020295 2.901179 13.750387
133.202 -1.478875 -3.020295 2.901179 13.750387
133.304 -1.478875 -3.020295 2.901179 13.750387
133.402 -1.478875 -3.020295 2.901179 13.750387
133.503 -1.478875 -3.020295 2.901179 13.750387
133.602 -1.478875 -3.020295 2.901179 13.750387
133.701 -1.478875 -3.020295 2.901179 13.750387
133.802 -1.478875 -3.020295 2.901179 13.750387
133.901 -1.478875 -3.020295 2.901179 13.750387
134.002 -1.478875 -3.020295 2.901179 13.750387
134.101 -1.478875 -3.020295 2.901179 13.750387
134.201 -1.478875 -3.020295 2.901179 13.750387
134.301 -1.478875 -3.020295 2.901179 13.750387
134.401 -1.478875 -3.020295 2.901179 13.750387
134.502 -1.478875 -3.020295 2.901179 13.750387
134.603 -1.478875 -3.020295 2.901179 13.750387
134.702 -1.478875 -3.020295 2.901179 13.750387
134.801 -1.478875 -3.020295 2.901179 13.750387
134.902 -1.478875 -3.020295 2.901179 13.750387
135.001 -1.478875 -3.020295 2.901179 13.750387
135.102 -1.478875 -3.020295 2.901179 13.750387
135.202 -1.478836 -3.020304 2.901179 13.750427
135.302 -1.478836 -3.020304 2.901179 13.750427
135.401 -1.478836 -3.020304 2.901179 13.750427
135.502 -1.478836 -3.020304 2.901179 13.750427
135.601 -1.478836 -3.020304 2.901179 13.750427
135.702 -1.478836 -3.020304 2.901179 13.750427
135.802 -1.478836 -3.020304 2.901179 13.750427
135.901 -1.478836 -3.020304 2.901179 13.750427
136.002 -1.478836 -3.020304 2.901179 13.750427
136.102 -1.478836 -3.020304 2.901179 13.750427
136.201 -1.478836 -3.020304 2.901179 13.750427
136.302 -1.478836 -3.020304 2.901179 13.750427
136.401 -1.478836 -3.020304 2.901179 13.750427
136.501 -1.478836 -3.020304 2.901179 13.750427
136.601 -1.478836 -3.020304 2.901179 13.750427
136.702 -1.478836 -3.020304 2.901179 13.750427
136.801 -1.478836 -3.020304 2.901179 13.750427
136.905 -1.478836 -3.020304 2.901179 13.750427
137.001 -1.478836 -3.020304 2.901179 13.750427
