# t_sec x y yaw_rad cum_dist_m
0.102 -0.006284 -0.007399 0.010938 0.000000
0.201 -0.006183 -0.007398 0.010938 0.000101
0.303 -0.006164 -0.007398 0.010938 0.000120
0.402 -0.006164 -0.007398 0.010938 0.000120
0.501 -0.006164 -0.007398 0.010938 0.000120
0.601 -0.006001 -0.007395 0.021409 0.000282
0.701 -0.005740 -0.007386 0.040608 0.000543
0.801 -0.006145 -0.007409 0.065043 0.000949
0.901 -0.006046 -0.007401 0.103440 0.001048
1.001 -0.006202 -0.007429 0.150564 0.001207
1.101 -0.006222 -0.007432 0.168192 0.001227
1.202 -0.006064 -0.007403 0.189136 0.001387
1.302 -0.006005 -0.007393 0.243241 0.001447
1.401 -0.006006 -0.007394 0.272911 0.001448
1.501 -0.006042 -0.007404 0.300837 0.001485
1.602 -0.005949 -0.007367 0.349706 0.001586
1.701 -0.005797 -0.007311 0.370650 0.001747
1.801 -0.006130 -0.007447 0.405556 0.002106
1.902 -0.006166 -0.007463 0.447444 0.002146
2.001 -0.006041 -0.007401 0.475370 0.002285
2.113 -0.019784 0.016228 0.539558 0.029619
2.204 -0.020392 0.015842 0.577956 0.030340
2.301 -0.020227 0.015955 0.602390 0.030540
2.401 -0.019429 0.016525 0.628570 0.031521
2.502 -0.019967 0.016106 0.682675 0.032203
2.608 -0.019867 0.016193 0.705365 0.032335
2.701 -0.019880 0.016177 0.738526 0.032356
2.801 -0.019668 0.016376 0.782159 0.032648
2.902 -0.019570 0.016476 0.792631 0.032787
3.001 -0.019994 0.016039 0.808688 0.033396
3.101 -0.019707 0.016356 0.836613 0.033823
3.201 -0.019506 0.016581 0.866109 0.034125
3.301 -0.019824 0.016193 0.892289 0.034626
3.401 -0.019825 0.016211 0.939588 0.034644
3.504 -0.019825 0.016209 0.969258 0.034646
3.601 -0.019794 0.016260 1.009401 0.034705
3.701 -0.019971 0.015957 1.044308 0.035056
3.803 -0.019852 0.004603 1.084104 0.046411
3.902 -0.019620 -0.003828 1.118056 0.054845
4.001 -0.019569 -0.003740 1.163434 0.054947
4.101 -0.019711 -0.004079 1.193105 0.055314
4.201 -0.019531 -0.003609 1.240229 0.055817
4.301 -0.019764 -0.004330 1.275135 0.056574
4.401 -0.019670 -0.004005 1.297825 0.056913
4.501 -0.019688 -0.004077 1.343203 0.056986
4.605 -0.019607 -0.003685 1.372874 0.057387
4.716 -0.019686 -0.004219 1.419998 0.057927
4.801 -0.019729 -0.004495 1.447748 0.058206
4.901 -0.019652 -0.003789 1.476023 0.058917
5.003 -0.019699 -0.004509 1.516165 0.059639
5.101 -0.019692 -0.004308 1.547581 0.059840
5.202 -0.019734 -0.004063 1.587733 0.060088
5.311 -0.032837 -0.023299 1.615406 0.083363
5.401 -0.032848 -0.023138 1.655549 0.083524
5.501 -0.032826 -0.023338 1.683474 0.083726
5.601 -0.032862 -0.023084 1.725362 0.083984
5.705 -0.032876 -0.022990 1.760268 0.084078
5.801 -0.032759 -0.023555 1.786448 0.084655
5.906 -0.032823 -0.023316 1.826591 0.084904
6.001 -0.032910 -0.022993 1.861498 0.085238
6.101 -0.032753 -0.023484 1.889423 0.085754
6.201 -0.032876 -0.023146 1.926075 0.086114
6.301 -0.032917 -0.023032 1.962727 0.086235
6.402 -0.032749 -0.023418 1.995888 0.086657
6.502 -0.032975 -0.022948 2.023813 0.087178
6.606 -0.032771 -0.023348 2.049993 0.087627
6.708 -0.018552 -0.028886 2.098937 0.102886
6.802 -0.018579 -0.028841 2.119881 0.102938
6.901 -0.018396 -0.029128 2.146061 0.103278
7.001 -0.018476 -0.029026 2.191440 0.103407
7.101 -0.018549 -0.028926 2.217619 0.103531
7.202 -0.018711 -0.028722 2.256017 0.103791
7.302 -0.018417 -0.029058 2.292669 0.104237
7.401 -0.018188 -0.029315 2.315358 0.104582
7.501 -0.018673 -0.028811 2.355501 0.105282
7.602 -0.017967 -0.029495 2.383426 0.106265
7.701 -0.018041 -0.029427 2.406115 0.106366
7.810 -0.018389 -0.029126 2.435786 0.106826
7.902 -0.018160 -0.029315 2.482910 0.107123
8.003 -0.018222 -0.029269 2.509089 0.107200
8.101 -0.017960 -0.029452 2.533524 0.107520
8.201 -0.018391 -0.029173 2.580648 0.108034
8.301 -0.018485 -0.029117 2.608573 0.108143
8.402 -0.017281 -0.026808 2.642528 0.110747
8.501 -0.014079 -0.020109 2.710300 0.118172
8.601 -0.013875 -0.020198 2.739796 0.118395
8.701 -0.014133 -0.020092 2.766150 0.118674
8.801 -0.013737 -0.020237 2.811529 0.119095
8.901 -0.014290 -0.020060 2.841025 0.119676
9.006 -0.014465 -0.020008 2.869125 0.119858
9.107 -0.014175 -0.020077 2.916249 0.120157
9.201 -0.014272 -0.020056 2.945745 0.120256
9.301 -0.014173 -0.020073 2.975590 0.120356
9.402 -0.014218 -0.020072 3.020969 0.120401
9.501 -0.014017 -0.020092 3.048719 0.120603
9.601 -0.013862 -0.020107 3.078564 0.120759
9.702 -0.017197 -0.024207 3.122251 0.126045
9.802 -0.034387 -0.049535 3.123843 0.156655
9.901 -0.034294 -0.049538 -3.129672 0.156748
10.001 -0.034644 -0.049546 -3.073822 0.157099
10.101 -0.034465 -0.049531 -3.047642 0.157278
10.202 -0.034424 -0.049527 -3.021462 0.157319
10.301 -0.034662 -0.049564 -2.970847 0.157560
10.401 -0.034583 -0.049548 -2.942922 0.157640
10.503 -0.034661 -0.049565 -2.921978 0.157720
10.602 -0.034276 -0.049469 -2.873109 0.158117
10.703 -0.034735 -0.049605 -2.843438 0.158596
10.802 -0.034590 -0.049553 -2.799805 0.158751
10.902 -0.034049 -0.049351 -2.775370 0.159328
11.002 -0.034339 -0.049471 -2.747445 0.159643
11.101 -0.034717 -0.049633 -2.694911 0.160054
11.202 -0.034412 -0.049484 -2.674141 0.160392
11.301 -0.003754 0.001282 -2.580529 0.219698
11.401 -0.003717 0.001309 -2.552604 0.219743
11.501 -0.003604 0.001387 -2.524504 0.219881
11.601 -0.003570 0.001408 -2.480871 0.219921
11.702 -0.003804 0.001220 -2.451375 0.220221
11.807 -0.003788 0.001235 -2.405996 0.220242
11.901 -0.003577 0.001433 -2.376326 0.220532
12.004 -0.003446 0.001564 -2.351891 0.220717
12.103 -0.003907 0.001073 -2.311749 0.221390
12.201 -0.004454 0.000467 -2.301102 0.222206
12.302 -0.004258 0.000707 -2.240016 0.222516
12.401 -0.004185 0.000800 -2.225878 0.222634
12.501 -0.004397 0.000515 -2.171948 0.222989
12.601 -0.004254 0.000727 -2.149259 0.223244
12.702 -0.004168 0.000865 -2.117494 0.223407
12.803 -0.004375 0.000513 -2.065308 0.223816
12.901 -0.004191 0.000865 -2.037383 0.224214
13.003 -0.004182 0.000879 -2.009458 0.224231
13.101 0.012758 0.022147 -1.940072 0.251420
13.201 0.018111 0.028624 -1.889240 0.259824
13.302 0.018110 0.028625 -1.866550 0.259825
13.401 0.018258 0.029126 -1.828153 0.260348
13.501 0.018079 0.028357 -1.789756 0.261137
13.603 0.018179 0.028890 -1.747868 0.261679
13.701 0.018251 0.029323 -1.721688 0.262119
13.801 0.018175 0.028763 -1.692018 0.262685
13.906 0.018215 0.029267 -1.641403 0.263191
14.001 0.018191 0.028749 -1.613478 0.263710
14.102 0.018189 0.028840 -1.582062 0.263802
14.201 0.018202 0.028464 -1.540174 0.264178
14.302 0.018195 0.028545 -1.508758 0.264260
14.401 0.018138 0.029257 -1.468615 0.264974
14.502 0.019552 0.036518 -1.435863 0.272372
14.601 0.021367 0.046621 -1.372495 0.282637
14.701 0.021372 0.046599 -1.348061 0.282659
14.804 0.021394 0.046503 -1.330607 0.282758
14.901 0.021453 0.046325 -1.276502 0.282946
15.001 0.021440 0.046364 -1.245086 0.282987
15.103 0.021357 0.046589 -1.217161 0.283227
15.202 0.021470 0.046311 -1.182080 0.283528
15.301 0.021554 0.046117 -1.143683 0.283739
15.401 0.021384 0.046476 -1.120993 0.284136
15.502 0.021512 0.046228 -1.079105 0.284416
15.601 0.021598 0.046071 -1.047515 0.284594
15.703 0.021506 0.046226 -1.026571 0.284774
15.802 0.021597 0.046093 -0.984683 0.284935
15.901 0.017502 0.038127 -0.945449 0.293892
16.001 0.017372 0.038301 -0.922934 0.294110
16.101 0.017673 0.037926 -0.882792 0.294591
16.202 0.017351 0.038307 -0.847885 0.295090
16.301 0.017257 0.038411 -0.823450 0.295230
16.401 0.017341 0.038325 -0.792035 0.295349
16.501 0.017426 0.038242 -0.748401 0.295468
16.601 0.017669 0.038023 -0.720476 0.295796
16.701 0.017346 0.038294 -0.685569 0.296218
16.801 0.017268 0.038356 -0.664626 0.296318
16.901 0.017363 0.038285 -0.622738 0.296437
17.003 0.017382 0.038274 -0.580850 0.296458
17.111 0.017502 0.038197 -0.565142 0.296601
17.202 0.017298 0.038315 -0.523254 0.296837
17.301 0.017454 0.038230 -0.481366 0.297014
17.403 0.017054 0.038426 -0.447856 0.297460
17.501 0.017403 0.038270 -0.420105 0.297843
17.602 0.001938 0.002510 -0.353589 0.336804
17.701 0.001201 0.002766 -0.313272 0.337583
17.801 0.001427 0.002696 -0.285346 0.337819
17.901 0.001716 0.002616 -0.257421 0.338119
18.001 0.002004 0.002557 -0.208552 0.338413
18.101 0.001886 0.002580 -0.182372 0.338532
18.201 0.001328 0.002673 -0.154447 0.339098
18.301 0.001910 0.002597 -0.103832 0.339685
18.404 0.001512 0.002628 -0.073987 0.340085
18.503 0.001401 0.002637 -0.051298 0.340196
18.601 0.001996 0.002618 0.002807 0.340791
18.701 0.001398 0.002608 0.030733 0.341389
18.803 0.001364 0.002605 0.058833 0.341423
18.904 0.001388 0.002607 0.088329 0.341447
19.001 -0.023727 -0.009039 0.140517 0.369130
19.101 -0.025984 -0.010307 0.159407 0.371719
19.201 -0.025146 -0.010173 0.157661 0.372567
19.301 -0.025030 -0.010155 0.157661 0.372685
19.401 -0.025030 -0.010155 0.157661 0.372685
19.501 -0.025030 -0.010155 0.157661 0.372685
19.601 -0.025030 -0.010155 0.157661 0.372685
19.701 -0.025030 -0.010155 0.157661 0.372685
19.801 -0.025030 -0.010155 0.157661 0.372685
19.906 -0.025030 -0.010155 0.157661 0.372685
20.001 -0.024753 -0.010110 0.159407 0.372965
20.101 -0.015004 -0.008526 0.161327 0.382843
20.201 -0.001041 -0.006234 0.164992 0.396992
20.301 0.004734 -0.005272 0.164992 0.402847
20.401 0.025855 -0.001717 0.168482 0.424265
20.502 0.037409 0.000238 0.166737 0.435984
20.602 0.051684 0.002686 0.175464 0.450467
20.701 0.066701 0.005457 0.191172 0.465737
20.801 0.076944 0.007473 0.198328 0.476177
20.901 0.090787 0.010330 0.205309 0.490311
21.001 0.107956 0.014021 0.217526 0.507873
21.101 0.118024 0.016300 0.226253 0.518196
21.201 0.130700 0.019275 0.233234 0.531216
21.301 0.148375 0.023580 0.243881 0.549408
21.401 0.159490 0.026411 0.250862 0.560878
21.501 0.169194 0.029007 0.264999 0.570923
21.601 0.185958 0.033675 0.268490 0.588324
21.701 0.197103 0.036718 0.264825 0.599877
21.802 0.213497 0.041163 0.266570 0.616863
21.901 0.227359 0.044976 0.270235 0.631240
22.001 0.239534 0.048353 0.270235 0.643874
22.101 0.250504 0.051381 0.268490 0.655255
22.204 0.300022 0.111334 0.271682 0.733014
22.301 0.311030 0.114417 0.273602 0.744445
22.401 0.327871 0.119170 0.275347 0.761944
22.501 0.344602 0.123839 0.262955 0.779314
22.602 0.353068 0.126095 0.259290 0.788076
22.701 0.363923 0.128959 0.257545 0.799302
22.801 0.384256 0.134197 0.247073 0.820299
22.901 0.395581 0.136862 0.224383 0.831933
23.001 0.408734 0.139713 0.210421 0.845392
23.101 0.426465 0.143478 0.208676 0.863518
23.201 0.437691 0.145836 0.208676 0.874989
23.301 0.451893 0.148848 0.210421 0.889507
23.401 0.469512 0.152622 0.212166 0.907526
23.501 0.480898 0.155080 0.213912 0.919174
23.601 0.498128 0.158844 0.215657 0.936810
23.703 0.513448 0.162200 0.215657 0.952493
23.802 0.527138 0.165210 0.215657 0.966511
23.901 0.538584 0.167722 0.217402 0.978229
24.001 0.554357 0.171182 0.215657 0.994377
24.101 0.568157 0.174205 0.215657 1.008504
24.202 0.579473 0.176665 0.210421 1.020085
24.302 0.590890 0.178995 0.198204 1.031737
24.401 0.611449 0.182862 0.179005 1.052656
24.501 0.623128 0.184976 0.179005 1.064525
24.601 0.634711 0.187072 0.179005 1.076297
24.701 0.655048 0.190731 0.179005 1.096960
24.801 0.666577 0.192832 0.180750 1.108679
24.901 0.683477 0.195946 0.182496 1.125863
25.001 0.697197 0.198497 0.184241 1.139818
25.101 0.708592 0.200621 0.184241 1.151410
25.201 0.726273 0.203943 0.184241 1.169400
25.302 0.772776 0.289233 0.188089 1.266544
25.401 0.784546 0.291497 0.186345 1.278529
25.502 0.802136 0.294793 0.182855 1.296426
25.601 0.813516 0.296892 0.181109 1.307997
25.701 0.829596 0.299783 0.177619 1.324335
25.801 0.843196 0.302189 0.173954 1.338146
25.906 0.854519 0.304159 0.170463 1.349640
26.001 0.868832 0.306598 0.166972 1.364159
26.101 0.886232 0.309473 0.159991 1.381795
26.202 0.897570 0.311303 0.159991 1.393279
26.302 0.908599 0.313073 0.158246 1.404449
26.401 0.928223 0.316179 0.158246 1.424318
26.501 0.939665 0.318020 0.159991 1.435907
26.601 0.951440 0.319947 0.163482 1.447838
26.701 0.972311 0.323439 0.166972 1.469000
26.805 0.983313 0.325323 0.168718 1.480162
26.901 0.998987 0.327731 0.142538 1.496020
27.001 1.011611 0.329425 0.130146 1.508757
27.101 1.022950 0.330884 0.126655 1.520190
27.201 1.039129 0.332841 0.110947 1.536487
27.303 1.051460 0.334071 0.095239 1.548879
27.401 1.062056 0.335020 0.084418 1.559518
27.501 1.079239 0.336353 0.073597 1.576752
27.601 1.090189 0.337073 0.063125 1.587725
27.701 1.101517 0.337770 0.059635 1.599075
27.801 1.121111 0.338740 0.042181 1.618693
27.901 1.132156 0.339164 0.036945 1.629746
28.001 1.143281 0.339508 0.026473 1.640877
28.102 1.163200 0.340015 0.024728 1.660802
28.201 1.175732 0.340325 0.024728 1.673337
28.301 1.187213 0.340589 0.022983 1.684822
28.403 1.211148 0.403756 -0.050405 1.752371
28.504 1.222986 0.403180 -0.043423 1.764224
28.602 1.240454 0.402589 -0.029461 1.781702
28.701 1.251642 0.402318 -0.020734 1.792893
28.801 1.267849 0.402089 -0.010262 1.809102
28.901 1.281713 0.401962 -0.008517 1.822966
29.001 1.292733 0.401926 -0.001535 1.833986
29.101 1.307702 0.401962 0.005621 1.848956
29.203 1.325444 0.402148 0.012951 1.866699
29.301 1.337594 0.402339 0.016616 1.878850
29.407 1.355332 0.402751 0.034069 1.896593
29.501 1.368375 0.403264 0.044541 1.909645
29.601 1.379328 0.403796 0.051523 1.920611
29.703 1.394459 0.404604 0.055188 1.935764
29.801 1.412479 0.405660 0.060598 1.953815
29.901 1.423982 0.406378 0.062344 1.965340
30.005 1.435295 0.407130 0.067580 1.976678
30.102 1.456035 0.408622 0.074561 1.997472
30.204 1.467512 0.409529 0.079797 2.008985
30.302 1.478735 0.410486 0.086953 2.020248
30.401 1.498111 0.412275 0.095680 2.039707
30.501 1.510016 0.413433 0.097425 2.051668
30.602 1.527998 0.415238 0.100916 2.069740
30.701 1.539707 0.416444 0.104406 2.081511
30.801 1.551696 0.417711 0.106152 2.093567
30.901 1.571469 0.419932 0.113133 2.113465
31.002 1.582836 0.421224 0.113133 2.124904
31.101 1.594571 0.422578 0.114878 2.136718
31.201 1.614998 0.424950 0.118369 2.157282
31.302 1.625714 0.426229 0.120114 2.168074
31.402 1.641636 0.428211 0.128841 2.184119
31.501 1.652952 0.429736 0.137567 2.195537
31.601 1.671095 0.448791 0.169271 2.221848
31.701 1.668898 0.541000 0.300879 2.314083
31.802 1.684303 0.545727 0.285171 2.330197
31.901 1.700047 0.549974 0.248520 2.346503
32.001 1.707549 0.551758 0.227576 2.354214
32.101 1.727566 0.555874 0.178706 2.374650
32.201 1.738671 0.557712 0.157762 2.385906
32.302 1.749352 0.559217 0.129663 2.396692
32.401 1.768189 0.561158 0.086029 2.415629
32.501 1.776833 0.561817 0.070321 2.424298
32.601 1.796801 0.562973 0.051123 2.444299
32.704 1.806553 0.563380 0.038905 2.454061
32.801 1.817049 0.563746 0.030179 2.464563
32.901 1.837651 0.563998 -0.004553 2.485167
33.001 1.848961 0.563824 -0.022530 2.496477
33.101 1.860457 0.563468 -0.038413 2.507979
33.201 1.881488 0.562382 -0.071748 2.529038
33.301 1.893286 0.561326 -0.099674 2.540884
33.402 1.904887 0.559986 -0.125854 2.552561
33.502 1.925700 0.557368 -0.125854 2.573539
33.601 1.937814 0.555857 -0.124108 2.585746
33.701 1.949867 0.554315 -0.127599 2.597898
33.801 1.964334 0.552418 -0.131090 2.612488
33.901 1.981128 0.550356 -0.115382 2.629408
34.001 1.991000 0.549243 -0.110146 2.639343
34.101 2.011178 0.547011 -0.110146 2.659644
34.202 2.022503 0.545754 -0.108400 2.671038
34.301 2.034584 0.544464 -0.104910 2.683189
34.402 2.052345 0.542692 -0.094438 2.701037
34.501 2.068376 0.541343 -0.075239 2.717125
34.607 2.076581 0.540787 -0.062847 2.725349
34.701 2.142565 0.594804 -0.054926 2.810623
34.801 2.153688 0.594285 -0.037298 2.821758
34.901 2.165656 0.593952 -0.021590 2.833731
35.004 2.181605 0.593921 0.001099 2.849680
35.101 2.199330 0.594059 0.009826 2.867405
35.202 2.214017 0.594208 0.011571 2.882093
35.301 2.226041 0.594347 0.011571 2.894118
35.402 2.242663 0.594685 0.032690 2.910743
35.501 2.256220 0.595236 0.043511 2.924311
35.601 2.267402 0.595763 0.048921 2.935507
35.701 2.280862 0.596483 0.055903 2.948985
35.801 2.295846 0.597444 0.066375 2.964000
35.901 2.307504 0.598255 0.071611 2.975687
36.001 2.319337 0.599130 0.075276 2.987552
36.101 2.338710 0.600816 0.094649 3.006998
36.202 2.350036 0.601960 0.103376 3.018382
36.301 2.361124 0.603188 0.113848 3.029538
36.401 2.381162 0.605598 0.113848 3.049720
36.501 2.392799 0.606815 0.101630 3.061420
36.601 2.404621 0.607907 0.087493 3.073293
36.701 2.424926 0.609820 0.096394 3.093688
36.804 2.437133 0.610934 0.080512 3.105946
36.905 2.449530 0.611755 0.057823 3.118370
37.001 2.469778 0.612284 0.001972 3.138624
37.102 2.481699 0.612183 -0.006755 3.150546
37.201 2.493688 0.612102 -0.006755 3.162535
37.302 2.513325 0.612053 0.000227 3.182172
37.401 2.525113 0.612028 -0.011991 3.193961
37.503 2.536257 0.611752 -0.029618 3.205108
37.602 2.553392 0.610980 -0.057718 3.222260
37.707 2.570495 0.609842 -0.066445 3.239401
37.801 2.579525 0.609241 -0.066445 3.248450
37.901 2.599303 0.726259 0.053419 3.367128
38.001 2.617700 0.727243 0.053419 3.385551
38.101 2.626687 0.727713 0.051673 3.394551
38.201 2.643736 0.728589 0.049928 3.411622
38.305 2.658430 0.729324 0.049928 3.426335
38.403 2.675556 0.730139 0.046437 3.443480
38.501 2.687155 0.730673 0.044692 3.455091
38.605 2.698467 0.731184 0.044692 3.466415
38.705 2.718825 0.732090 0.042947 3.486794
38.803 2.730369 0.732581 0.041201 3.498347
38.901 2.741774 0.733046 0.039456 3.509762
39.001 2.755031 0.733528 0.034220 3.523028
39.101 2.772877 0.734150 0.034220 3.540885
39.201 2.784483 0.734547 0.034220 3.552498
39.301 2.799125 0.735048 0.034220 3.567148
39.401 2.817216 0.735668 0.034220 3.585250
39.505 2.828568 0.736056 0.034220 3.596608
39.601 2.843311 0.736561 0.034220 3.611360
39.702 2.860800 0.737180 0.035965 3.628860
39.803 2.872129 0.737563 0.032475 3.640196
39.901 2.889802 0.738031 0.018337 3.657874
40.001 2.901638 0.738171 0.004200 3.669711
40.101 2.915709 0.738077 -0.013428 3.683782
40.201 2.932408 0.737640 -0.032975 3.700488
40.304 2.943001 0.737241 -0.041702 3.711088
40.401 2.953134 0.736752 -0.050428 3.721232
40.501 2.966040 0.735788 -0.108024 3.734175
40.602 2.980156 0.733621 -0.188309 3.748456
40.701 2.989591 0.731496 -0.242415 3.758128
40.807 3.002020 0.727846 -0.313973 3.771081
40.901 3.016900 0.722168 -0.401240 3.787007
41.001 3.073892 0.753678 -0.587737 3.852131
41.104 3.084529 0.745922 -0.659296 3.865296
41.202 3.097655 0.734993 -0.722127 3.882376
41.302 3.106784 0.726525 -0.764015 3.894828
41.401 3.117213 0.715877 -0.816375 3.909732
41.501 3.126581 0.705290 -0.866990 3.923868
41.601 3.132605 0.697859 -0.903642 3.933435
41.701 3.140083 0.687881 -0.943784 3.945904
41.801 3.149199 0.674638 -0.982356 3.961981
41.908 3.163619 0.667750 -1.005557 3.977962
42.004 3.181646 0.653184 -1.036390 4.001138
42.101 3.187314 0.643263 -1.060825 4.012564
42.201 3.192460 0.633831 -1.078627 4.023309
42.302 3.200054 0.619184 -1.102887 4.039807
42.401 3.205092 0.608930 -1.120515 4.051232
42.501 3.213847 0.590290 -1.143379 4.071826
42.601 3.218608 0.579534 -1.159436 4.083588
42.701 3.222756 0.569763 -1.171653 4.094203
42.804 3.229027 0.554824 -1.173399 4.110405
42.901 3.234938 0.540837 -1.169908 4.125589
43.001 3.238789 0.531808 -1.168163 4.135405
43.101 3.240835 0.527005 -1.168163 4.140627
43.201 3.240877 0.526903 -1.166243 4.140737
43.301 3.240869 0.526923 -1.166243 4.140758
43.401 3.240869 0.526923 -1.166243 4.140758
43.501 3.240869 0.526923 -1.166243 4.140758
43.601 3.241852 0.524581 -1.176889 4.143298
43.701 3.246934 0.511869 -1.199579 4.156988
43.801 3.249552 0.504829 -1.224013 4.164499
43.901 3.251892 0.498109 -1.239721 4.171615
44.001 3.254454 0.490313 -1.257174 4.179821
44.103 3.258316 0.477597 -1.290336 4.193111
44.201 3.260841 0.468335 -1.313025 4.202711
44.302 3.265190 0.450567 -1.344441 4.221003
44.401 3.267552 0.439717 -1.360149 4.232107
44.502 3.309133 0.436592 -1.432810 4.273805
44.601 3.310830 0.422721 -1.464226 4.287780
44.702 3.312077 0.409794 -1.483424 4.300767
44.801 3.313065 0.398159 -1.485169 4.312443
44.901 3.314136 0.386248 -1.478188 4.324403
45.001 3.315106 0.376223 -1.472952 4.334474
45.101 3.315940 0.368173 -1.460735 4.342568
45.201 3.317318 0.355739 -1.460735 4.355077
45.301 3.318437 0.345613 -1.460735 4.365265
45.401 3.320200 0.329431 -1.464226 4.381543
45.501 3.321682 0.315437 -1.467716 4.395616
45.601 3.322845 0.304193 -1.467716 4.406919
45.701 3.324070 0.292032 -1.471207 4.419142
45.801 3.325636 0.276124 -1.472952 4.435127
45.901 3.326698 0.265005 -1.476443 4.446297
46.001 3.327928 0.251819 -1.478188 4.459539
46.101 3.329236 0.237320 -1.481679 4.474097
46.202 3.330116 0.227330 -1.483424 4.484126
46.301 3.331170 0.214998 -1.486915 4.496503
46.401 3.332156 0.203273 -1.486915 4.508269
46.501 3.332304 0.201511 -1.486915 4.510037
46.601 3.332289 0.201692 -1.486915 4.510219
46.701 3.332289 0.201692 -1.486915 4.510219
46.801 3.332289 0.201692 -1.486915 4.510219
46.901 3.332289 0.201692 -1.486915 4.510219
47.002 3.332289 0.201692 -1.486915 4.510219
47.101 3.332289 0.201692 -1.486915 4.510219
47.201 3.332289 0.201692 -1.486915 4.510219
47.301 3.332289 0.201692 -1.486915 4.510219
47.402 3.332289 0.201692 -1.486915 4.510219
47.501 3.387142 0.183200 -1.529065 4.568105
47.603 3.387279 0.180252 -1.523829 4.571056
47.702 3.387638 0.172898 -1.522084 4.578419
47.805 3.388406 0.158501 -1.515103 4.592836
47.904 3.389261 0.143612 -1.511612 4.607750
48.001 3.389961 0.132217 -1.508121 4.619167
48.102 3.390929 0.117213 -1.504631 4.634202
48.202 3.391881 0.103152 -1.502885 4.648295
48.302 3.392728 0.091237 -1.499395 4.660240
48.401 3.393522 0.080330 -1.497649 4.671175
48.501 3.394010 0.073674 -1.497649 4.677849
48.601 3.394016 0.073594 -1.497649 4.677930
48.701 3.394016 0.073594 -1.497649 4.677930
48.801 3.394016 0.073594 -1.497649 4.677930
48.901 3.394016 0.073594 -1.497649 4.677930
49.002 3.394016 0.073594 -1.497649 4.677930
49.101 3.394016 0.073594 -1.497649 4.677930
49.201 3.394016 0.073594 -1.497649 4.677930
49.301 3.394016 0.073594 -1.497649 4.677930
49.401 3.394016 0.073594 -1.497649 4.677930
49.520 3.394016 0.073594 -1.497649 4.677930
49.601 3.394016 0.073594 -1.497649 4.677930
49.703 3.394016 0.073594 -1.497649 4.677930
49.801 3.394016 0.073594 -1.497649 4.677930
49.904 3.394016 0.073594 -1.497649 4.677930
50.001 3.394016 0.073594 -1.497649 4.677930
50.101 3.394016 0.073594 -1.497649 4.677930
50.201 3.394016 0.073594 -1.497649 4.677930
50.301 3.394016 0.073594 -1.497649 4.677930
50.401 3.394016 0.073594 -1.497649 4.677930
50.501 3.394016 0.073594 -1.497649 4.677930
50.604 3.419345 0.088854 -1.442342 4.707501
50.701 3.419345 0.088854 -1.442342 4.707501
50.801 3.419353 0.088795 -1.442342 4.707560
50.901 3.420496 0.079836 -1.444087 4.716592
51.001 3.421396 0.072719 -1.445832 4.723765
51.101 3.422761 0.061971 -1.445832 4.734600
51.201 3.425023 0.043854 -1.447578 4.752858
51.301 3.426429 0.032541 -1.447578 4.764258
51.403 3.427788 0.021569 -1.447578 4.775313
51.501 3.429436 0.008151 -1.447578 4.788832
51.601 3.431407 -0.007995 -1.449323 4.805098
51.701 3.432555 -0.017434 -1.449323 4.814606
51.801 3.434719 -0.035315 -1.451068 4.832618
51.902 3.436109 -0.046996 -1.452814 4.844381
52.002 3.437891 -0.062288 -1.456304 4.859777
52.105 3.439295 -0.074687 -1.458050 4.872255
52.201 3.440442 -0.084977 -1.459795 4.882609
52.301 3.441623 -0.095879 -1.465031 4.893575
52.401 3.443546 -0.114116 -1.466776 4.911913
52.501 3.444471 -0.123160 -1.470267 4.921004
52.602 3.445421 -0.132576 -1.470267 4.930468
52.701 3.447299 -0.151570 -1.473758 4.949554
52.801 3.448356 -0.162474 -1.475503 4.960510
52.902 3.449415 -0.173554 -1.475503 4.971639
53.001 3.450736 -0.187694 -1.478994 4.985841
53.101 3.452196 -0.203553 -1.478994 5.001767
53.205 3.453118 -0.213561 -1.478994 5.011817
53.301 3.454340 -0.226989 -1.478994 5.025301
53.403 3.455834 -0.243378 -1.478994 5.041758
53.502 3.456867 -0.254766 -1.480739 5.053193
53.601 3.458605 -0.273846 -1.478994 5.072352
53.701 3.459593 -0.284740 -1.480739 5.083290
53.801 3.471385 -0.311168 -1.506423 5.112230
53.902 3.485497 -0.354438 -1.541224 5.157743
54.003 3.485866 -0.364460 -1.529007 5.167772
54.102 3.486468 -0.375377 -1.509808 5.178705
54.201 3.487480 -0.388394 -1.481883 5.191761
54.302 3.488268 -0.396514 -1.471411 5.199920
54.401 3.489593 -0.408185 -1.446976 5.211666
54.501 3.490814 -0.417555 -1.433014 5.221115
54.601 3.491935 -0.425083 -1.420796 5.228726
54.701 3.493524 -0.434680 -1.399853 5.238454
54.801 3.495046 -0.442598 -1.370182 5.246517
54.902 3.496312 -0.448561 -1.356219 5.252613
55.001 3.498675 -0.459023 -1.344002 5.263338
55.103 3.502127 -0.473101 -1.326549 5.277833
55.204 3.504062 -0.480864 -1.326549 5.285834
55.301 3.504500 -0.482620 -1.326549 5.287643
55.401 3.504455 -0.482443 -1.326549 5.287825
55.501 3.504455 -0.482443 -1.326549 5.287825
55.605 3.504455 -0.482443 -1.326549 5.287825
55.701 3.504455 -0.482443 -1.326549 5.287825
55.801 3.504455 -0.482443 -1.326549 5.287825
55.901 3.504455 -0.482443 -1.326549 5.287825
56.001 3.504455 -0.482443 -1.326549 5.287825
56.104 3.504455 -0.482443 -1.326549 5.287825
56.202 3.504455 -0.482443 -1.326549 5.287825
56.301 3.504455 -0.482443 -1.326549 5.287825
56.401 3.504455 -0.482443 -1.326549 5.287825
56.501 3.504455 -0.482443 -1.326549 5.287825
56.601 3.504455 -0.482443 -1.326549 5.287825
56.701 3.504455 -0.482443 -1.326549 5.287825
56.801 3.504455 -0.482443 -1.326549 5.287825
56.901 3.536636 -0.465376 -1.252506 5.324251
57.001 3.536636 -0.465376 -1.252506 5.324251
57.101 3.537704 -0.468774 -1.273450 5.327813
57.204 3.539767 -0.476003 -1.303121 5.335331
57.301 3.542835 -0.488080 -1.332791 5.347791
57.401 3.546194 -0.503341 -1.360716 5.363417
57.502 3.548391 -0.514532 -1.385151 5.374822
57.601 3.551701 -0.534017 -1.418312 5.394586
57.701 3.553242 -0.544641 -1.435766 5.405321
57.801 3.554757 -0.556333 -1.444492 5.417111
57.901 3.556986 -0.573724 -1.442747 5.434645
58.001 3.559226 -0.591658 -1.453219 5.452718
58.101 3.560223 -0.600234 -1.456710 5.461351
58.201 3.562293 -0.618292 -1.451474 5.479528
58.302 3.564449 -0.635832 -1.446238 5.497199
58.406 3.565235 -0.641857 -1.441002 5.503276
58.507 3.567896 -0.662318 -1.441002 5.523909
58.601 3.569429 -0.674068 -1.441002 5.535759
58.712 3.571876 -0.691671 -1.416567 5.553531
58.811 3.574983 -0.709195 -1.374679 5.571329
58.903 3.576185 -0.715083 -1.371188 5.577338
59.008 3.579987 -0.735344 -1.390387 5.597952
59.101 3.581960 -0.746779 -1.404350 5.609556
59.203 3.584177 -0.761268 -1.432275 5.624214
59.301 3.585936 -0.774992 -1.453219 5.638050
59.401 3.587693 -0.791687 -1.475908 5.654838
59.511 3.588646 -0.802554 -1.488125 5.665746
59.613 3.589392 -0.813035 -1.505579 5.676254
59.702 3.590354 -0.831810 -1.526523 5.695053
59.802 3.590802 -0.842806 -1.533504 5.706059
59.902 3.591171 -0.853995 -1.540485 5.717254
60.001 3.591584 -0.873218 -1.554448 5.736481
60.102 3.591732 -0.883117 -1.557939 5.746382
60.201 3.662582 -0.974214 -1.644721 5.861787
60.305 3.661372 -0.990067 -1.648212 5.877686
60.401 3.660560 -1.000246 -1.651702 5.887897
60.503 3.659586 -1.012122 -1.653448 5.899813
60.601 3.657793 -1.033076 -1.658684 5.920843
60.701 3.656755 -1.044852 -1.658684 5.932665
60.801 3.655698 -1.056675 -1.658684 5.944535
60.904 3.654363 -1.071524 -1.660429 5.959444
61.002 3.652872 -1.088895 -1.642976 5.976879
61.101 3.652187 -1.100868 -1.618541 5.988871
61.202 3.651831 -1.115379 -1.580144 6.003387
61.302 3.652172 -1.132458 -1.531274 6.020470
61.402 3.652865 -1.143562 -1.494623 6.031595
61.501 3.653878 -1.154380 -1.466697 6.042460
61.601 3.656273 -1.172276 -1.414337 6.060516
61.701 3.658102 -1.182481 -1.382921 6.070883
61.801 3.660663 -1.194447 -1.344524 6.083121
61.901 3.664791 -1.210425 -1.299146 6.099623
62.001 3.667946 -1.221100 -1.271220 6.110755
62.102 3.673465 -1.236914 -1.211879 6.127504
62.202 3.678500 -1.249382 -1.173482 6.140950
62.303 3.683761 -1.261024 -1.128103 6.153726
62.401 3.688522 -1.270514 -1.093197 6.164342
62.502 3.695846 -1.283677 -1.040837 6.179406
62.602 3.702948 -1.295177 -1.002440 6.192922
62.701 3.709135 -1.304589 -0.979576 6.204186
62.801 3.774937 -1.271369 -0.963603 6.277898
62.901 3.782323 -1.281725 -0.942310 6.290618
63.001 3.789486 -1.291321 -0.919446 6.302593
63.101 3.798949 -1.303492 -0.914210 6.318010
63.201 3.803833 -1.309868 -0.919446 6.326042
63.301 3.813416 -1.322575 -0.932013 6.341957
63.401 3.821938 -1.334183 -0.946150 6.356357
63.510 3.828791 -1.343979 -0.968839 6.368313
63.601 3.839024 -1.359651 -1.019628 6.387029
63.701 3.846294 -1.372383 -1.073733 6.401691
63.802 3.851863 -1.382901 -1.087871 6.413593
63.901 3.859639 -1.398249 -1.108989 6.430797
64.001 3.866009 -1.411069 -1.110734 6.445113
64.102 3.871092 -1.421328 -1.110734 6.456562
64.207 3.878771 -1.436825 -1.110734 6.473857
64.301 3.894026 -1.462648 -1.170339 6.503850
64.401 3.898842 -1.473889 -1.159143 6.516079
64.501 3.906096 -1.489589 -1.122491 6.533373
64.602 3.911617 -1.500668 -1.099802 6.545752
64.701 3.919164 -1.514834 -1.075193 6.561803
64.801 3.925473 -1.525967 -1.043777 6.574599
64.904 3.930532 -1.534419 -1.025975 6.584450
65.001 3.936481 -1.544299 -1.031560 6.595983
65.101 3.940889 -1.551836 -1.043952 6.604714
65.201 3.944308 -1.557844 -1.058089 6.611627
65.305 3.948734 -1.566048 -1.114114 6.620949
65.401 3.950145 -1.569254 -1.187418 6.624451
65.501 3.950904 -1.571375 -1.251995 6.626704
65.602 3.951749 -1.574421 -1.330535 6.629865
65.701 3.952815 -1.581076 -1.452708 6.636605
65.801 3.953411 -1.590369 -1.539974 6.645917
65.907 3.953203 -1.599563 -1.627241 6.655113
66.001 3.950805 -1.615772 -1.775594 6.671499
66.101 3.947902 -1.626720 -1.862860 6.682825
66.205 3.944114 -1.637445 -1.939655 6.694200
66.301 3.935331 -1.655709 -2.081026 6.714466
66.403 3.959742 -1.669764 -2.169685 6.742634
66.502 3.968181 -1.680870 -2.245581 6.756583
66.602 3.952625 -1.698229 -2.341574 6.779893
66.701 3.943594 -1.707039 -2.387127 6.792509
66.816 3.930425 -1.718534 -2.453450 6.809989
66.905 3.918874 -1.727416 -2.507380 6.824560
67.001 3.908901 -1.734313 -2.554679 6.836686
67.103 3.895640 -1.742642 -2.600057 6.852346
67.203 3.896285 -1.760878 -2.607708 6.870593
67.301 3.893728 -1.771171 -2.596712 6.881199
67.403 3.893178 -1.771504 -2.596712 6.881841
67.502 3.891721 -1.772376 -2.605439 6.883539
67.601 3.881865 -1.778125 -2.621496 6.894949
67.701 3.872454 -1.783445 -2.635808 6.905760
67.803 3.862312 -1.792133 -2.651891 6.919115
67.901 3.821062 -1.874163 -2.667872 7.010933
68.002 3.806378 -1.881557 -2.683580 7.027373
68.102 3.795863 -1.886587 -2.702779 7.039029
68.201 3.785148 -1.891515 -2.714996 7.050823
68.301 3.767314 -1.899230 -2.746412 7.070254
68.401 3.758046 -1.902967 -2.763865 7.080248
68.503 3.745086 -1.907733 -2.812734 7.094056
68.602 3.728376 -1.912796 -2.873821 7.111516
68.701 3.717133 -1.915594 -2.906982 7.123102
68.802 3.705932 -1.918097 -2.933162 7.134580
68.901 3.685930 -1.921651 -2.990758 7.154895
69.001 3.674741 -1.923138 -3.020429 7.166182
69.101 3.664251 -1.924321 -3.023919 7.176738
69.201 3.644163 -1.926767 -3.020429 7.196975
69.301 3.632400 -1.928215 -3.018683 7.208827
69.413 3.620365 -1.929702 -3.018683 7.220953
69.502 3.600665 -1.932531 -2.989013 7.240856
69.601 3.589769 -1.934361 -2.968069 7.251904
69.703 3.578302 -1.936428 -2.962833 7.263556
69.801 3.559070 -1.940186 -2.940144 7.283151
69.911 3.547525 -1.942670 -2.926181 7.294961
70.001 3.531100 -1.949622 -2.900869 7.312797
70.101 3.529200 -1.980144 -2.880283 7.343378
70.201 3.512509 -1.984613 -2.878537 7.360657
70.303 3.504115 -1.986874 -2.878537 7.369350
70.401 3.484383 -1.992215 -2.876792 7.389792
70.501 3.472303 -1.995519 -2.871556 7.402316
70.601 3.461867 -1.998226 -2.890755 7.413097
70.702 3.442409 -2.002870 -2.922171 7.433102
70.801 3.431120 -2.005254 -2.939624 7.444640
70.901 3.414004 -2.008341 -2.976276 7.462032
71.001 3.402270 -2.010151 -2.997220 7.473905
71.101 3.385681 -2.012695 -2.981512 7.490688
71.201 3.370762 -2.015233 -2.971040 7.505821
71.301 3.358638 -2.017169 -2.985002 7.518099
71.401 3.344521 -2.019227 -2.998965 7.532365
71.501 3.333044 -2.020762 -3.012928 7.543944
71.602 3.314473 -2.022993 -3.009437 7.562649
71.701 3.302726 -2.024664 -2.993729 7.574514
71.801 3.290712 -2.026670 -2.964058 7.586694
71.901 3.270430 -2.030914 -2.909953 7.607415
72.001 3.259017 -2.033851 -2.875047 7.619200
72.101 3.241448 -2.039200 -2.824432 7.637565
72.201 3.230370 -2.043103 -2.791271 7.649311
72.302 3.215873 -2.048775 -2.763346 7.664878
72.402 3.212878 -2.049965 -2.763346 7.668101
72.502 3.212763 -2.050011 -2.763346 7.668225
72.601 3.212763 -2.050011 -2.763346 7.668225
72.701 3.212763 -2.050011 -2.763346 7.668225
72.801 3.212763 -2.050011 -2.763346 7.668225
72.902 3.213077 -2.061663 -2.761351 7.679881
73.001 3.214641 -2.125737 -2.750348 7.743975
73.101 3.214641 -2.125737 -2.750348 7.743975
73.201 3.214641 -2.125737 -2.750348 7.743975
73.301 3.214641 -2.125737 -2.750348 7.743975
73.401 3.214641 -2.125737 -2.750348 7.743975
73.503 3.214641 -2.125737 -2.750348 7.743975
73.601 3.214641 -2.125737 -2.750348 7.743975
73.702 3.214641 -2.125737 -2.750348 7.743975
73.802 3.214641 -2.125737 -2.750348 7.743975
73.901 3.214641 -2.125737 -2.750348 7.743975
74.007 3.214641 -2.125737 -2.750348 7.743975
74.101 3.214641 -2.125737 -2.750348 7.743975
74.204 3.214641 -2.125737 -2.750348 7.743975
74.302 3.214641 -2.125737 -2.750348 7.743975
74.401 3.214641 -2.125737 -2.750348 7.743975
74.501 3.214641 -2.125737 -2.750348 7.743975
74.601 3.214641 -2.125737 -2.750348 7.743975
74.701 3.214641 -2.125737 -2.750348 7.743975
74.801 3.214641 -2.125737 -2.750348 7.743975
74.901 3.214641 -2.125737 -2.750348 7.743975
75.001 3.214641 -2.125737 -2.750348 7.743975
75.101 3.214641 -2.125737 -2.750348 7.743975
75.202 3.214641 -2.125737 -2.750348 7.743975
75.305 3.214641 -2.125737 -2.750348 7.743975
75.401 3.214641 -2.125737 -2.750348 7.743975
75.501 3.214641 -2.125737 -2.750348 7.743975
75.602 3.214641 -2.125737 -2.750348 7.743975
75.701 3.214641 -2.125737 -2.750348 7.743975
75.802 3.214641 -2.125737 -2.750348 7.743975
75.902 3.214641 -2.125737 -2.750348 7.743975
76.002 3.214641 -2.128862 -2.750348 7.747100
76.101 3.214641 -2.128862 -2.750348 7.747100
76.201 3.214641 -2.128862 -2.750348 7.747100
76.302 3.214641 -2.128862 -2.750348 7.747100
76.401 3.214641 -2.128862 -2.750348 7.747100
76.501 3.214641 -2.128862 -2.750348 7.747100
76.602 3.214641 -2.128862 -2.750348 7.747100
76.701 3.214641 -2.128862 -2.750348 7.747100
76.801 3.214641 -2.128862 -2.750348 7.747100
76.901 3.214641 -2.128862 -2.750348 7.747100
77.001 3.214641 -2.128862 -2.750348 7.747100
77.101 3.214641 -2.128862 -2.750348 7.747100
77.201 3.212613 -2.129676 -2.764310 7.749286
77.301 3.204438 -2.132703 -2.800962 7.758003
77.404 3.193413 -2.136276 -2.848086 7.769593
77.501 3.185964 -2.138353 -2.882993 7.777326
77.601 3.176791 -2.140536 -2.926626 7.786755
77.702 3.161425 -2.143834 -2.930117 7.802471
77.808 3.149730 -2.146345 -2.930117 7.814432
77.902 3.138020 -2.148838 -2.931862 7.826405
78.002 3.117774 -2.153132 -2.931862 7.847102
78.102 3.106115 -2.155699 -2.921390 7.859039
78.201 3.091311 -2.159100 -2.910918 7.874229
78.302 3.079680 -2.161870 -2.902191 7.886185
78.401 3.063225 -2.166252 -2.865540 7.903214
78.501 3.050262 -2.170228 -2.827142 7.916773
78.602 3.037684 -2.174649 -2.792236 7.930105
78.701 3.021859 -2.180868 -2.748602 7.947108
78.801 3.013795 -2.184337 -2.729404 7.955887
78.901 2.998781 -2.191294 -2.692752 7.972434
79.002 2.986113 -2.197642 -2.675299 7.986604
79.101 2.976129 -2.202667 -2.675299 7.997781
79.201 2.961470 -2.210077 -2.673553 8.014206
79.301 2.928288 -2.275157 -2.638610 8.087257
79.403 2.921448 -2.278949 -2.633199 8.095078
79.501 2.909601 -2.285661 -2.622553 8.108694
79.601 2.894931 -2.293955 -2.627963 8.125547
79.709 2.884469 -2.299832 -2.631628 8.137546
79.801 2.871524 -2.306956 -2.647336 8.152322
79.901 2.855944 -2.314980 -2.678752 8.169847
80.001 2.845446 -2.320071 -2.696206 8.181514
80.102 2.828674 -2.327669 -2.732858 8.199927
80.201 2.819691 -2.331483 -2.746820 8.209686
80.301 2.810735 -2.335079 -2.769509 8.219337
80.402 2.802545 -2.338165 -2.788708 8.228090
80.502 2.789182 -2.342756 -2.825360 8.242219
80.601 2.781513 -2.345192 -2.837577 8.250266
80.704 2.775232 -2.347111 -2.846304 8.256833
80.802 2.775551 -2.347014 -2.846304 8.257166
80.908 2.775667 -2.346978 -2.846304 8.257288
81.006 2.775723 -2.346961 -2.846304 8.257346
81.101 2.775723 -2.346961 -2.846304 8.257346
81.202 2.775723 -2.346961 -2.846304 8.257346
81.303 2.775723 -2.346961 -2.846304 8.257346
81.401 2.775723 -2.346961 -2.846304 8.257346
81.508 2.775723 -2.346961 -2.846304 8.257346
81.601 2.775723 -2.346961 -2.846304 8.257346
81.702 2.775723 -2.346961 -2.846304 8.257346
81.801 2.775723 -2.346961 -2.846304 8.257346
81.901 2.775723 -2.346961 -2.846304 8.257346
82.004 2.775723 -2.346961 -2.846304 8.257346
82.101 2.775723 -2.346961 -2.846304 8.257346
82.201 2.775723 -2.346961 -2.846304 8.257346
82.301 2.775723 -2.346961 -2.846304 8.257346
82.401 2.775723 -2.346961 -2.846304 8.257346
82.501 2.782910 -2.365257 -2.851801 8.277002
82.602 2.796333 -2.399598 -2.862195 8.313874
82.701 2.796333 -2.399598 -2.862195 8.313874
82.801 2.796333 -2.399598 -2.862195 8.313874
82.904 2.790604 -2.401253 -2.860450 8.319837
83.001 2.780624 -2.404135 -2.860450 8.330225
83.101 2.769219 -2.407446 -2.858705 8.342101
83.202 2.752251 -2.412389 -2.856959 8.359775
83.301 2.738079 -2.416541 -2.855214 8.374543
83.401 2.726815 -2.419858 -2.855214 8.386285
83.501 2.709806 -2.424893 -2.853469 8.404024
83.602 2.698559 -2.428237 -2.851723 8.415757
83.703 2.682171 -2.433125 -2.851723 8.432858
83.811 2.668774 -2.437136 -2.849978 8.446843
83.902 2.657508 -2.440518 -2.849978 8.458605
84.002 2.645978 -2.443979 -2.849978 8.470643
84.102 2.627267 -2.449595 -2.849978 8.490179
84.201 2.616747 -2.452758 -2.848233 8.501165
84.301 2.600550 -2.457656 -2.846487 8.518085
84.402 2.586897 -2.461807 -2.846487 8.532356
84.501 2.575903 -2.465148 -2.846487 8.543846
84.601 2.558891 -2.470331 -2.846487 8.561630
84.701 2.545056 -2.474563 -2.844742 8.576098
84.803 2.533585 -2.478055 -2.846487 8.588089
84.901 2.522132 -2.481603 -2.837761 8.600079
85.001 2.502147 -2.487886 -2.836016 8.621028
85.103 2.490687 -2.491560 -2.823798 8.633063
85.201 2.474975 -2.496934 -2.804600 8.649668
85.301 2.464167 -2.500785 -2.797618 8.661142
85.402 2.453366 -2.504707 -2.790637 8.672633
85.505 2.442383 -2.560414 -2.709236 8.729412
85.602 2.432517 -2.564967 -2.709236 8.740279
85.702 2.419662 -2.570899 -2.709236 8.754436
85.801 2.404034 -2.578083 -2.710981 8.771636
85.901 2.393350 -2.582991 -2.710981 8.783394
86.001 2.379657 -2.589252 -2.712726 8.798451
86.101 2.363990 -2.596404 -2.714472 8.815672
86.204 2.353839 -2.601020 -2.716217 8.826824
86.301 2.338575 -2.607919 -2.717962 8.843574
86.401 2.327564 -2.612875 -2.719708 8.855649
86.501 2.321203 -2.615731 -2.719708 8.862622
86.601 2.319384 -2.616549 -2.717962 8.864617
86.702 2.319547 -2.616475 -2.717962 8.864796
86.801 2.319547 -2.616475 -2.717962 8.864796
86.901 2.319547 -2.616475 -2.717962 8.864796
87.001 2.319547 -2.616475 -2.717962 8.864796
87.101 2.319547 -2.616475 -2.717962 8.864796
87.201 2.319547 -2.616475 -2.717962 8.864796
87.301 2.319547 -2.616475 -2.717962 8.864796
87.402 2.319547 -2.616475 -2.717962 8.864796
87.505 2.318665 -2.616871 -2.719708 8.865763
87.602 2.308898 -2.621248 -2.721453 8.876466
87.701 2.300284 -2.625092 -2.723198 8.885898
87.802 2.291886 -2.628822 -2.724944 8.895088
87.917 2.269841 -2.638561 -2.726689 8.919188
88.002 2.267002 -2.639811 -2.726689 8.922290
88.101 2.247827 -2.648139 -2.738906 8.943195
88.207 2.236844 -2.652781 -2.744142 8.955119
88.301 2.227085 -2.656791 -2.756360 8.965669
88.401 2.208655 -2.664087 -2.768577 8.985491
88.505 2.197607 -2.668365 -2.773813 8.997339
88.601 2.186598 -2.672499 -2.789521 9.009099
88.702 2.167287 -2.679415 -2.806974 9.029610
88.803 2.155693 -2.683247 -2.834899 9.041821
88.901 2.149956 -2.714483 -2.909521 9.073579
89.001 2.130498 -2.718426 -2.970607 9.093433
89.101 2.118877 -2.720108 -3.012495 9.105175
89.203 2.104096 -2.721512 -3.068346 9.120022
89.301 2.086704 -2.722180 -3.127687 9.137427
89.403 2.075448 -2.722056 3.116926 9.148685
89.504 2.061788 -2.721447 3.085685 9.162358
89.602 2.044058 -2.720031 3.045542 9.180144
89.701 2.032927 -2.718794 3.024424 9.191344
89.801 2.016606 -2.716542 2.998244 9.207820
89.901 2.003391 -2.714525 2.982187 9.221188
90.001 1.992106 -2.712667 2.974857 9.232625
90.101 1.974838 -2.709751 2.973111 9.250138
90.201 1.960035 -2.707227 2.971191 9.265154
90.302 1.948811 -2.705302 2.971191 9.276541
90.401 1.915080 -2.735256 2.894261 9.321653
90.519 1.901308 -2.731764 2.892516 9.335861
90.601 1.889883 -2.728858 2.892516 9.347650
90.702 1.873008 -2.724532 2.888851 9.365071
90.809 1.858913 -2.720865 2.885186 9.379634
90.901 1.848340 -2.718061 2.881520 9.390573
91.001 1.834782 -2.714459 2.883266 9.404601
91.101 1.823182 -2.711423 2.886931 9.416592
91.202 1.803202 -2.706262 2.888851 9.437228
91.302 1.792155 -2.703409 2.888851 9.448638
91.401 1.780487 -2.700424 2.892516 9.460681
91.501 1.760580 -2.695437 2.899846 9.481204
91.601 1.749021 -2.692603 2.905082 9.493104
91.702 1.737814 -2.689923 2.908748 9.504628
91.801 1.719037 -2.685634 2.928470 9.523888
91.901 1.708184 -2.683420 2.944352 9.534965
92.001 1.697507 -2.681449 2.965645 9.545822
92.102 1.681422 -2.678905 2.995490 9.562107
92.201 1.665869 -2.676804 3.020100 9.577801
92.301 1.653062 -2.675390 3.037727 9.590687
92.401 1.641666 -2.674281 3.046629 9.602136
92.513 1.621457 -2.672582 3.067573 9.622417
92.601 1.610693 -2.671821 3.072809 9.633207
92.701 1.600152 -2.671151 3.081535 9.643770
92.802 1.585736 -2.670350 3.086771 9.658208
92.901 1.568107 -2.669538 3.098989 9.675856
93.001 1.557373 -2.669123 3.104225 9.686598
93.101 1.547043 -2.668769 3.109460 9.696933
93.209 1.527525 -2.668186 3.114696 9.716460
93.301 1.515956 -2.667926 3.121678 9.728032
93.401 1.504346 -2.667725 3.125168 9.739644
93.501 1.481456 -2.686456 -3.129043 9.769220
93.601 1.446313 -2.761865 -3.027029 9.852417
93.701 1.435807 -2.763088 -3.025283 9.862994
93.801 1.416259 -2.765103 -3.040991 9.882645
93.901 1.405538 -2.766110 -3.051463 9.893413
94.001 1.392533 -2.767135 -3.074153 9.906458
94.101 1.375615 -2.768100 -3.089861 9.923404
94.201 1.363635 -2.768576 -3.107314 9.935394
94.301 1.346426 -2.768914 -3.128258 9.952606
94.401 1.332319 -2.768946 3.140965 9.966713
94.504 1.320586 -2.768918 3.137474 9.978446
94.602 1.305799 -2.768857 3.137474 9.993233
94.702 1.294283 -2.768790 3.135729 10.004749
94.802 1.273174 -2.768650 3.133984 10.025859
94.901 1.261438 -2.768487 3.121766 10.037597
95.001 1.250314 -2.768246 3.118276 10.048722
95.101 1.229532 -2.767746 3.116530 10.069511
95.203 1.217276 -2.767380 3.100822 10.081772
95.302 1.205587 -2.766618 3.064170 10.093486
95.401 1.187637 -2.764628 3.009891 10.111546
95.501 1.170028 -2.761860 2.966257 10.129371
95.601 1.162223 -2.760356 2.945488 10.137320
95.701 1.144465 -2.756459 2.915468 10.155500
95.801 1.127902 -2.752199 2.871835 10.172602
95.902 1.119357 -2.749694 2.849146 10.181507
96.001 1.102400 -2.744205 2.812319 10.199330
96.102 1.086117 -2.738109 2.765370 10.216717
96.201 1.078172 -2.734905 2.758389 10.225284
96.301 1.062125 -2.728391 2.754723 10.242602
96.401 1.045351 -2.721534 2.752978 10.260724
96.501 1.036946 -2.718093 2.752978 10.269806
96.602 1.019525 -2.710960 2.752978 10.288631
96.701 0.940778 -2.778529 2.702692 10.392393
96.801 0.932849 -2.774825 2.706358 10.401144
96.901 0.913499 -2.765826 2.708103 10.422485
97.001 0.902815 -2.760881 2.708103 10.434257
97.101 0.892176 -2.755932 2.706183 10.445992
97.201 0.878575 -2.749542 2.700947 10.461018
97.301 0.862201 -2.741908 2.706183 10.479084
97.402 0.852034 -2.737190 2.708103 10.490293
97.505 0.834842 -2.729243 2.709848 10.509233
97.601 0.826072 -2.725212 2.711768 10.518885
97.701 0.817251 -2.721177 2.713514 10.528585
97.802 0.803034 -2.714717 2.717179 10.544201
97.901 0.786825 -2.707392 2.717179 10.561988
98.003 0.778351 -2.703597 2.720495 10.571273
98.101 0.762655 -2.696597 2.722415 10.588459
98.201 0.752536 -2.692083 2.722415 10.599539
98.302 0.752013 -2.691849 2.720495 10.600112
98.401 0.752690 -2.692151 2.722415 10.600853
98.506 0.752762 -2.692184 2.722415 10.600933
98.601 0.752762 -2.692184 2.722415 10.600933
98.702 0.752762 -2.692184 2.722415 10.600933
98.801 0.752762 -2.692184 2.722415 10.600933
98.901 0.752762 -2.692184 2.722415 10.600933
99.001 0.752762 -2.692184 2.722415 10.600933
99.102 0.752762 -2.692184 2.722415 10.600933
99.205 0.752762 -2.692184 2.722415 10.600933
99.301 0.752762 -2.692184 2.722415 10.600933
99.401 0.752762 -2.692184 2.722415 10.600933
99.501 0.752762 -2.692184 2.722415 10.600933
99.603 0.752762 -2.692184 2.722415 10.600933
99.701 0.752762 -2.692184 2.722415 10.600933
99.802 0.752762 -2.692184 2.722415 10.600933
99.901 0.752762 -2.692184 2.722415 10.600933
100.001 0.737869 -2.739329 2.749873 10.650374
100.103 0.737869 -2.739329 2.749873 10.650374
100.209 0.737869 -2.739329 2.749873 10.650374
100.301 0.737869 -2.739329 2.749873 10.650374
100.401 0.737869 -2.739329 2.749873 10.650374
100.501 0.737869 -2.739329 2.749873 10.650374
100.601 0.737869 -2.739329 2.749873 10.650374
100.702 0.737869 -2.739329 2.749873 10.650374
100.802 0.737869 -2.739329 2.749873 10.650374
100.901 0.737869 -2.739329 2.749873 10.650374
101.001 0.737869 -2.739329 2.749873 10.650374
101.103 0.737869 -2.739329 2.749873 10.650374
101.202 0.737869 -2.739329 2.749873 10.650374
101.301 0.737869 -2.739329 2.749873 10.650374
101.403 0.737869 -2.739329 2.749873 10.650374
101.501 0.737869 -2.739329 2.749873 10.650374
101.601 0.737869 -2.739329 2.749873 10.650374
101.701 0.737869 -2.739329 2.749873 10.650374
101.808 0.737869 -2.739329 2.749873 10.650374
101.902 0.737869 -2.739329 2.749873 10.650374
102.002 0.737869 -2.739329 2.749873 10.650374
102.101 0.737869 -2.739329 2.749873 10.650374
102.207 0.737869 -2.739329 2.749873 10.650374
102.301 0.737869 -2.739329 2.749873 10.650374
102.401 0.737869 -2.739329 2.749873 10.650374
102.501 0.736383 -2.738738 2.765581 10.651973
102.612 0.733140 -2.737461 2.767326 10.655459
102.701 0.720373 -2.732561 2.781638 10.669134
102.801 0.710719 -2.729094 2.804676 10.679391
102.901 0.695351 -2.728114 2.837655 10.694791
103.001 0.678813 -2.723261 2.864009 10.712026
103.102 0.670423 -2.721008 2.886524 10.720713
103.203 0.653477 -2.716930 2.918289 10.738143
103.301 0.639679 -2.714089 2.951625 10.752231
103.401 0.628786 -2.712116 2.972743 10.763301
103.501 0.610683 -2.709526 3.018122 10.781588
103.602 0.599150 -2.708307 3.045873 10.793186
103.701 0.582899 -2.706992 3.072227 10.809490
103.804 0.568679 -2.706252 3.098407 10.823729
103.901 0.557024 -2.705906 3.115860 10.835389
104.001 0.539598 -2.705900 -3.127182 10.852815
104.101 0.524828 -2.706331 -3.102748 10.867591
104.207 0.513598 -2.706913 -3.087040 10.878837
104.301 0.499279 -2.707778 -3.074823 10.893181
104.401 0.487648 -2.708572 -3.073077 10.904840
104.501 0.475894 -2.709373 -3.074823 10.916621
104.601 0.459390 -2.710501 -3.073077 10.933164
104.702 0.446278 -2.711400 -3.073077 10.946306
104.805 0.432888 -2.712314 -3.074823 10.959728
104.901 0.420660 -2.713143 -3.074823 10.971983
105.002 0.402700 -2.714344 -3.074823 10.989983
105.101 0.388026 -2.715299 -3.076568 11.004689
105.201 0.376933 -2.716022 -3.076568 11.015805
105.302 0.358666 -2.717200 -3.076568 11.034110
105.402 0.346827 -2.717955 -3.078313 11.045973
105.501 0.329647 -2.719044 -3.078313 11.063187
105.603 0.315321 -2.719952 -3.078313 11.077542
105.724 0.296516 -2.721143 -3.078313 11.096385
105.803 0.288746 -2.721636 -3.078313 11.104171
105.901 0.273741 -2.722586 -3.078313 11.119206
106.001 0.261796 -2.723343 -3.078313 11.131174
106.101 0.243536 -2.724532 -3.076568 11.149473
106.201 0.227055 -2.730768 -3.072811 11.167094
106.301 0.196657 -2.803951 -3.019673 11.246340
106.401 0.181886 -2.805697 -3.035380 11.261213
106.501 0.164001 -2.807317 -3.063306 11.279172
106.601 0.152753 -2.808184 -3.065051 11.290453
106.701 0.140396 -2.808980 -3.084250 11.302835
106.807 0.120019 -2.809966 -3.094722 11.323236
106.901 0.107846 -2.810510 -3.099958 11.335421
107.001 0.096477 -2.810968 -3.101703 11.346799
107.103 0.076309 -2.811739 -3.103448 11.366982
107.201 0.064869 -2.812160 -3.105194 11.378431
107.301 0.052867 -2.812597 -3.105194 11.390440
107.401 0.031864 -2.813383 -3.103448 11.411457
107.501 0.020123 -2.813816 -3.105194 11.423207
107.602 0.005439 -2.814351 -3.105194 11.437901
107.705 -0.012079 -2.814989 -3.105194 11.455430
107.802 -0.024266 -2.815433 -3.105194 11.467625
107.901 -0.035980 -2.815849 -3.106939 11.479347
108.001 -0.056768 -2.816570 -3.106939 11.500147
108.101 -0.068698 -2.816962 -3.108684 11.512084
108.201 -0.079842 -2.817329 -3.108684 11.523233
108.301 -0.100005 -2.817958 -3.110430 11.543406
108.405 -0.111226 -2.818308 -3.110430 11.554633
108.501 -0.122804 -2.818669 -3.110430 11.566216
108.601 -0.143421 -2.819311 -3.110430 11.586844
108.702 -0.149830 -2.819532 -3.108684 11.593256
108.801 -0.151061 -2.819572 -3.108684 11.594488
108.901 -0.150366 -2.819549 -3.108684 11.595184
109.001 -0.150366 -2.819549 -3.108684 11.595184
109.103 -0.150366 -2.819549 -3.108684 11.595184
109.204 -0.150366 -2.819549 -3.108684 11.595184
109.311 -0.150366 -2.819549 -3.108684 11.595184
109.402 -0.156636 -2.834293 -3.120724 11.611205
109.505 -0.172094 -2.869518 3.132087 11.649672
109.602 -0.172094 -2.869518 3.132087 11.649672
109.702 -0.172094 -2.869518 3.132087 11.649672
109.801 -0.172094 -2.869518 3.132087 11.649672
109.901 -0.172094 -2.869518 3.132087 11.649672
110.001 -0.172094 -2.869518 3.132087 11.649672
110.102 -0.172094 -2.869518 3.132087 11.649672
110.201 -0.172094 -2.869518 3.132087 11.649672
110.301 -0.172094 -2.869518 3.132087 11.649672
110.408 -0.172094 -2.869518 3.132087 11.649672
110.501 -0.172094 -2.869518 3.132087 11.649672
110.601 -0.172094 -2.869518 3.132087 11.649672
110.701 -0.172094 -2.869518 3.132087 11.649672
110.801 -0.172094 -2.869518 3.132087 11.649672
110.901 -0.172114 -2.869517 3.132087 11.649693
111.002 -0.182070 -2.869413 3.130341 11.659649
111.102 -0.189677 -2.869327 3.130341 11.667257
111.201 -0.198125 -2.869216 3.126676 11.675706
111.325 -0.225057 -2.868788 3.124931 11.702642
111.401 -0.230490 -2.868682 3.121266 11.708075
111.501 -0.241619 -2.868470 3.121266 11.719206
111.601 -0.261420 -2.868062 3.119346 11.739011
111.704 -0.270935 -2.867842 3.117600 11.748529
111.811 -0.280566 -2.867611 3.117600 11.758163
111.906 -0.301299 -2.867134 3.119346 11.778901
112.001 -0.313040 -2.866896 3.121266 11.790644
112.101 -0.325145 -2.866654 3.123011 11.802752
112.201 -0.343102 -2.866332 3.124931 11.820712
112.302 -0.385669 -2.881519 3.083662 11.865907
112.401 -0.397452 -2.880861 3.087327 11.877708
112.501 -0.414124 -2.880034 3.099545 11.894401
112.606 -0.425545 -2.879580 3.104781 11.905830
112.702 -0.435349 -2.879241 3.108271 11.915641
112.801 -0.450261 -2.878779 3.113507 11.930560
112.901 -0.467479 -2.878316 3.115253 11.947784
113.001 -0.478263 -2.878050 3.116998 11.958571
113.101 -0.495770 -2.877681 3.122234 11.976082
113.202 -0.504532 -2.877546 3.127470 11.984845
113.303 -0.519944 -2.877389 3.134451 12.000258
113.401 -0.535238 -2.877320 3.141432 12.015552
113.501 -0.548749 -2.877375 -3.136517 12.029063
113.601 -0.560096 -2.877502 -3.129536 12.040411
113.702 -0.572875 -2.877710 -3.122554 12.053192
113.803 -0.589178 -2.878098 -3.113828 12.069499
113.901 -0.600401 -2.878420 -3.112082 12.080727
114.002 -0.612546 -2.878783 -3.110337 12.092877
114.106 -0.633205 -2.879460 -3.106846 12.113548
114.204 -0.645383 -2.879904 -3.103356 12.125733
114.301 -0.656945 -2.880346 -3.103356 12.137304
114.401 -0.677425 -2.880904 -3.122554 12.157792
114.502 -0.688613 -2.881030 -3.133026 12.168980
114.601 -0.703113 -2.881129 -3.134771 12.183480
114.701 -0.720945 -2.881230 -3.136517 12.201313
114.805 -0.733002 -2.881297 -3.136517 12.213370
114.902 -0.745301 -2.881381 -3.134771 12.225669
115.017 -0.765126 -2.881516 -3.134771 12.245495
115.101 -0.776006 -2.881590 -3.134771 12.256375
115.202 -0.786202 -2.881660 -3.134771 12.266571
115.301 -0.806730 -2.881759 -3.138262 12.287099
115.401 -0.818453 -2.881793 -3.140007 12.298822
115.501 -0.820184 -2.994400 -2.963488 12.411443
115.601 -0.840455 -2.998018 -2.966979 12.432034
115.701 -0.851899 -3.000017 -2.970469 12.443651
115.802 -0.863534 -3.001896 -2.994904 12.455437
115.903 -0.878439 -3.003728 -3.036792 12.470455
116.004 -0.895745 -3.004986 -3.089152 12.487806
116.104 -0.906758 -3.005383 -3.112016 12.498827
116.202 -0.920158 -3.005458 3.131027 12.512227
116.301 -0.938058 -3.004726 3.078667 12.530142
116.403 -0.950101 -3.003727 3.047077 12.542225
116.502 -0.969131 -3.001316 2.987910 12.561408
116.602 -0.978634 -2.999648 2.956494 12.571056
116.706 -0.989954 -2.997255 2.921588 12.582626
116.804 -1.009781 -2.992127 2.863817 12.603106
116.902 -1.021744 -2.988397 2.825594 12.615636
117.001 -1.031924 -2.984841 2.794004 12.626420
117.101 -1.044655 -2.979883 2.755781 12.640082
117.204 -1.056139 -2.974886 2.713893 12.652606
117.301 -1.073200 -2.966570 2.673751 12.671586
117.404 -1.083356 -2.961268 2.651062 12.683043
117.501 -1.093333 -2.955751 2.626452 12.694444
117.601 -1.105426 -2.948627 2.601843 12.708480
117.702 -1.207229 -2.985424 2.441571 12.816729
117.802 -1.216044 -2.977886 2.427608 12.828327
117.901 -1.227081 -2.968188 2.415391 12.843020
118.008 -1.240364 -2.956078 2.394447 12.860995
118.103 -1.249055 -2.947853 2.376993 12.872961
118.201 -1.259453 -2.937493 2.349068 12.887639
118.301 -1.271909 -2.924441 2.321143 12.905680
118.401 -1.279213 -2.916502 2.312416 12.916468
118.502 -1.287980 -2.906873 2.307180 12.929490
118.602 -1.298400 -2.895135 2.281000 12.945186
118.701 -1.303591 -2.888980 2.267038 12.953238
118.801 -1.308883 -2.882458 2.251330 12.961637
118.902 -1.309884 -2.881222 2.251330 12.963227
119.005 -1.309682 -2.881472 2.251330 12.963548
119.101 -1.309606 -2.881565 2.251330 12.963667
119.201 -1.310062 -2.881066 2.298454 12.964343
119.302 -1.313657 -2.877369 2.376993 12.969500
119.402 -1.315593 -2.875629 2.429353 12.972102
119.502 -1.320579 -2.871752 2.506148 12.978419
119.602 -1.327079 -2.867489 2.600395 12.986192
119.708 -1.330197 -2.865741 2.650835 12.989766
119.801 -1.334106 -2.863808 2.703195 12.994127
119.903 -1.338440 -2.861956 2.743512 12.998840
120.002 -1.338269 -2.862028 2.743512 12.999025
120.101 -1.372402 -2.866784 2.710194 13.033488
120.201 -1.372328 -2.866817 2.726076 13.033570
120.304 -1.372311 -2.866821 2.778611 13.033587
120.401 -1.372254 -2.866842 2.813517 13.033648
120.501 -1.372466 -2.866767 2.865877 13.033872
120.603 -1.372512 -2.866762 2.921728 13.033919
120.702 -1.372526 -2.866758 2.953143 13.033933
120.801 -1.372044 -2.866838 3.002013 13.034422
120.901 -1.373024 -2.866722 3.022957 13.035409
121.001 -1.346168 -2.873977 3.037659 13.063227
121.101 -1.319648 -2.880400 3.051700 13.090514
121.201 -1.319648 -2.880400 3.051700 13.090514
121.305 -1.319648 -2.880400 3.051700 13.090514
121.402 -1.319648 -2.880400 3.051700 13.090514
121.501 -1.319648 -2.880400 3.051700 13.090514
121.602 -1.319629 -2.880401 3.051700 13.090533
121.701 -1.319629 -2.880401 3.051700 13.090533
121.802 -1.319609 -2.880403 3.051700 13.090553
121.902 -1.319609 -2.880403 3.053446 13.090553
122.001 -1.319609 -2.880403 3.055365 13.090553
122.101 -1.319530 -2.880410 3.057111 13.090633
122.202 -1.319488 -2.880413 3.059031 13.090674
122.304 -1.319424 -2.880419 3.059031 13.090739
122.402 -1.319404 -2.880420 3.062696 13.090759
122.501 -1.319205 -2.880436 3.064441 13.090958
122.601 -1.319047 -2.880448 3.066361 13.091118
122.713 -1.318750 -2.880470 3.070026 13.091415
122.801 -1.318691 -2.880474 3.071771 13.091474
122.902 -1.318711 -2.880473 3.075437 13.091494
123.002 -1.318711 -2.880473 3.077357 13.091494
123.101 -1.318649 -2.880476 3.079102 13.091556
123.204 -1.318650 -2.880476 3.080847 13.091557
123.302 -1.318690 -2.880474 3.080847 13.091597
123.402 -1.318770 -2.880469 3.082593 13.091677
123.501 -1.318771 -2.880469 3.084338 13.091677
123.601 -1.318928 -2.880460 3.084338 13.091835
123.702 -1.318867 -2.880464 3.086083 13.091895
123.801 -1.318748 -2.880470 3.087829 13.092015
123.902 -1.318823 -2.880466 3.086083 13.092090
124.007 -1.319145 -2.880448 3.086083 13.092412
124.141 -1.327903 -2.879969 3.087829 13.101183
124.209 -1.332024 -2.879748 3.087829 13.105311
124.301 -1.346514 -2.878968 3.087829 13.119821
124.404 -1.356738 -2.872391 3.131723 13.131978
124.501 -1.364930 -2.872310 3.131723 13.140170
124.613 -1.379260 -2.872169 3.131723 13.154501
124.703 -1.387132 -2.872091 3.131723 13.162373
124.804 -1.395451 -2.872009 3.131723 13.170693
124.902 -1.409547 -2.871877 3.131723 13.184789
125.001 -1.417400 -2.871800 3.131723 13.192643
125.101 -1.425304 -2.871725 3.131723 13.200547
125.201 -1.439399 -2.871589 3.131723 13.214643
125.301 -1.446957 -2.871521 3.133469 13.222201
125.401 -1.458923 -2.871411 3.131723 13.234168
125.501 -1.469048 -2.871328 3.133469 13.244293
125.601 -1.476863 -2.871254 3.133469 13.252108
125.702 -1.488493 -2.871160 3.133469 13.263739
125.802 -1.498667 -2.871077 3.133469 13.273913
125.901 -1.506411 -2.871014 3.133469 13.281657
126.001 -1.518458 -2.870916 3.133469 13.293705
126.101 -1.526215 -2.870853 3.133469 13.301462
126.201 -1.537724 -2.870760 3.133469 13.312972
126.301 -1.547677 -2.870679 3.133469 13.322924
126.401 -1.555979 -2.870612 3.133469 13.331227
126.501 -1.567582 -2.870517 3.133469 13.342830
126.601 -1.577587 -2.870436 3.133469 13.352835
126.701 -1.585416 -2.870372 3.133469 13.360665
126.801 -1.595056 -2.870294 3.133469 13.370306
126.901 -1.598386 -2.870267 3.133469 13.373635
127.001 -1.598059 -2.870270 3.133469 13.373962
127.117 -1.598038 -2.870270 3.133469 13.373983
127.204 -1.598038 -2.870270 3.133469 13.373983
127.305 -1.601694 -2.870241 3.131726 13.377640
127.401 -1.677558 -2.867585 3.094937 13.453550
127.501 -1.677558 -2.867585 3.094937 13.453550
127.601 -1.677558 -2.867585 3.094937 13.453550
127.701 -1.677378 -2.867593 3.094937 13.453730
127.801 -1.677434 -2.867591 3.094937 13.453787
127.901 -1.677536 -2.867586 3.094937 13.453888
128.001 -1.677536 -2.867586 3.094937 13.453888
128.101 -1.677536 -2.867586 3.094937 13.453888
128.201 -1.677536 -2.867586 3.094937 13.453888
128.301 -1.677536 -2.867586 3.094937 13.453888
128.402 -1.677536 -2.867586 3.094937 13.453888
128.501 -1.677536 -2.867586 3.094937 13.453888
128.602 -1.677536 -2.867586 3.094937 13.453888
128.701 -1.677536 -2.867586 3.094937 13.453888
128.807 -1.677577 -2.867584 3.094937 13.453929
128.903 -1.677577 -2.867584 3.094937 13.453929
129.001 -1.677577 -2.867584 3.094937 13.453929
129.101 -1.677577 -2.867584 3.094937 13.453929
129.201 -1.677577 -2.867584 3.094937 13.453929
129.301 -1.677577 -2.867584 3.094937 13.453929
129.401 -1.677577 -2.867584 3.094937 13.453929
129.501 -1.677577 -2.867584 3.094937 13.453929
129.602 -1.677577 -2.867584 3.094937 13.453929
129.702 -1.677577 -2.867584 3.094937 13.453929
129.801 -1.677577 -2.867584 3.094937 13.453929
129.901 -1.677577 -2.867584 3.094937 13.453929
130.001 -1.677577 -2.867584 3.094937 13.453929
130.102 -1.677577 -2.867584 3.094937 13.453929
130.202 -1.668155 -2.867270 3.100558 13.463356
130.301 -1.664109 -2.867108 3.102960 13.467405
130.403 -1.664109 -2.867108 3.102960 13.467405
130.501 -1.664109 -2.867108 3.102960 13.467405
130.601 -1.664109 -2.867108 3.102960 13.467405
130.701 -1.664109 -2.867108 3.102960 13.467405
130.801 -1.664109 -2.867108 3.102960 13.467405
130.901 -1.664109 -2.867108 3.102960 13.467405
131.001 -1.664109 -2.867108 3.102960 13.467405
131.101 -1.664109 -2.867108 3.102960 13.467405
131.201 -1.664109 -2.867108 3.102960 13.467405
131.302 -1.664109 -2.867108 3.102960 13.467405
131.401 -1.664109 -2.867108 3.102960 13.467405
131.501 -1.664109 -2.867108 3.102960 13.467405
131.603 -1.664109 -2.867108 3.102960 13.467405
131.701 -1.664109 -2.867108 3.102960 13.467405
131.801 -1.664109 -2.867108 3.102960 13.467405
131.901 -1.664109 -2.867108 3.102960 13.467405
132.002 -1.664109 -2.867108 3.102960 13.467405
132.101 -1.664109 -2.867108 3.102960 13.467405
132.202 -1.664109 -2.867108 3.102960 13.467405
132.301 -1.664109 -2.867108 3.102960 13.467405
132.401 -1.664109 -2.867108 3.102960 13.467405
132.501 -1.664109 -2.867108 3.102960 13.467405
132.601 -1.664109 -2.867108 3.102960 13.467405
132.702 -1.664109 -2.867108 3.102960 13.467405
132.802 -1.664109 -2.867108 3.102960 13.467405
132.901 -1.664109 -2.867108 3.102960 13.467405
133.001 -1.664109 -2.867108 3.102960 13.467405
133.101 -1.664109 -2.867108 3.102960 13.467405
133.201 -1.664109 -2.867108 3.102960 13.467405
133.302 -1.664109 -2.867108 3.102960 13.467405
133.401 -1.664103 -2.866944 3.104523 13.467569
133.501 -1.664103 -2.866944 3.104523 13.467569
133.601 -1.664103 -2.866944 3.104523 13.467569
133.701 -1.664083 -2.866945 3.104523 13.467589
133.802 -1.664083 -2.866945 3.104523 13.467589
133.901 -1.664103 -2.866944 3.104523 13.467609
134.001 -1.664142 -2.866943 3.104523 13.467648
134.101 -1.664142 -2.866943 3.104523 13.467648
134.201 -1.664142 -2.866943 3.104523 13.467648
134.301 -1.664142 -2.866943 3.104523 13.467648
134.401 -1.664142 -2.866943 3.104523 13.467648
134.501 -1.664142 -2.866943 3.104523 13.467648
134.601 -1.664142 -2.866943 3.104523 13.467648
134.701 -1.664142 -2.866943 3.104523 13.467648
134.801 -1.664142 -2.866943 3.104523 13.467648
134.901 -1.664142 -2.866943 3.104523 13.467648
135.001 -1.664142 -2.866943 3.104523 13.467648
135.104 -1.664142 -2.866943 3.104523 13.467648
135.201 -1.664142 -2.866943 3.104523 13.467648
135.301 -1.664142 -2.866943 3.104523 13.467648
135.401 -1.664142 -2.866943 3.104523 13.467648
135.501 -1.664142 -2.866943 3.104523 13.467648
135.601 -1.664142 -2.866943 3.104523 13.467648
135.703 -1.664142 -2.866943 3.104523 13.467648
135.804 -1.664142 -2.866943 3.104523 13.467648
135.901 -1.664142 -2.866943 3.104523 13.467648
136.001 -1.664142 -2.866943 3.104523 13.467648
136.101 -1.664142 -2.866943 3.104523 13.467648
136.201 -1.664142 -2.866943 3.104523 13.467648
136.301 -1.664142 -2.866943 3.104523 13.467648
136.402 -1.663480 -2.867606 3.104519 13.468584
136.501 -1.662583 -2.868505 3.104513 13.469854
136.601 -1.662583 -2.868505 3.104513 13.469854
136.701 -1.662583 -2.868505 3.104513 13.469854
136.801 -1.662583 -2.868505 3.104513 13.469854
136.901 -1.662583 -2.868505 3.104513 13.469854
137.001 -1.662583 -2.868505 3.104513 13.469854
137.101 -1.662583 -2.868505 3.104513 13.469854
137.201 -1.662583 -2.868505 3.104513 13.469854
137.301 -1.662583 -2.868505 3.104513 13.469854
137.401 -1.662583 -2.868505 3.104513 13.469854
137.501 -1.662583 -2.868505 3.104513 13.469854
137.602 -1.662583 -2.868505 3.104513 13.469854
137.701 -1.662583 -2.868505 3.104513 13.469854
137.801 -1.662583 -2.868505 3.104513 13.469854
137.901 -1.662583 -2.868505 3.104513 13.469854
138.001 -1.662583 -2.868505 3.104513 13.469854
138.101 -1.662583 -2.868505 3.104513 13.469854
138.201 -1.662583 -2.868505 3.104513 13.469854
138.301 -1.662583 -2.868505 3.104513 13.469854
138.401 -1.662583 -2.868505 3.104513 13.469854
138.501 -1.662583 -2.868505 3.104513 13.469854
138.601 -1.662583 -2.868505 3.104513 13.469854
138.701 -1.662583 -2.868505 3.104513 13.469854
138.802 -1.662583 -2.868505 3.104513 13.469854
138.901 -1.662583 -2.868505 3.104513 13.469854
139.001 -1.662583 -2.868505 3.104513 13.469854
139.101 -1.662583 -2.868505 3.104513 13.469854
139.201 -1.662583 -2.868505 3.104513 13.469854
139.301 -1.662583 -2.868505 3.104513 13.469854
139.402 -1.662583 -2.868505 3.104513 13.469854
139.501 -1.662583 -2.868505 3.104513 13.469854
139.601 -1.664146 -2.866943 3.104513 13.472064
139.701 -1.664146 -2.866943 3.104513 13.472064
139.801 -1.664146 -2.866943 3.104513 13.472064
139.901 -1.664146 -2.866943 3.104513 13.472064
140.001 -1.664146 -2.866943 3.104513 13.472064
