# t_sec x y yaw_rad cum_dist_m
0.102 0.000113 -0.000815 0.007769 0.000000
0.202 0.000133 -0.000815 0.007769 0.000020
0.304 0.000173 -0.000815 0.007769 0.000060
0.401 0.000173 -0.000815 0.007769 0.000060
0.501 0.000173 -0.000815 0.007769 0.000060
0.601 0.000009 -0.000816 0.007769 0.000225
0.702 -0.000072 -0.000818 0.021732 0.000305
0.801 -0.000130 -0.000814 0.054893 0.000364
0.901 0.000020 -0.000808 0.084563 0.000514
1.001 -0.001031 -0.000923 0.124706 0.001571
1.101 -0.000692 -0.000874 0.150886 0.001914
1.201 -0.000653 -0.000867 0.198010 0.001953
1.302 -0.001040 -0.000952 0.231171 0.002349
1.401 -0.001331 -0.001024 0.255606 0.002649
1.502 -0.001522 -0.001077 0.297494 0.002847
1.605 -0.001200 -0.000975 0.327164 0.003185
1.702 -0.001703 -0.001164 0.369052 0.003723
1.801 -0.001856 -0.001219 0.405704 0.003885
1.921 -0.001615 -0.001109 0.458064 0.004149
2.001 -0.001991 -0.001299 0.472027 0.004570
2.102 -0.001889 -0.001246 0.508678 0.004685
2.203 -0.002268 -0.001463 0.535033 0.005122
2.302 -0.002230 -0.001438 0.564529 0.005168
2.402 -0.002774 -0.001808 0.608337 0.005827
2.503 -0.002869 -0.001866 0.653715 0.005937
2.601 -0.002617 -0.001668 0.671169 0.006257
2.703 -0.003048 -0.002032 0.702585 0.006821
2.801 -0.017138 0.004885 0.762580 0.022516
2.902 -0.017138 0.004882 0.788760 0.022519
3.001 -0.017304 0.004706 0.825411 0.022761
3.102 -0.017330 0.004673 0.860318 0.022802
3.201 -0.017475 0.004498 0.890163 0.023030
3.302 -0.017497 0.004471 0.923324 0.023065
3.402 -0.017648 0.004267 0.954740 0.023319
3.501 -0.017603 0.004332 0.986156 0.023398
3.601 -0.017731 0.004123 1.026299 0.023643
3.701 -0.017651 0.004261 1.054224 0.023802
3.802 -0.017793 0.003998 1.082149 0.024101
3.901 -0.017901 0.003784 1.131019 0.024341
4.001 -0.017917 0.003747 1.150217 0.024382
4.101 -0.017981 0.003602 1.183379 0.024541
4.201 -0.018000 0.003539 1.230502 0.024606
4.302 -0.018078 0.003310 1.251446 0.024848
4.402 -0.018107 0.003215 1.298570 0.024947
4.501 -0.012872 -0.007928 1.338538 0.037258
4.602 -0.012954 -0.008304 1.375364 0.037643
4.701 -0.012956 -0.008321 1.412016 0.037661
4.805 -0.013015 -0.008715 1.455475 0.038059
4.901 -0.013008 -0.008655 1.476593 0.038119
5.002 -0.013044 -0.009177 1.513245 0.038642
5.102 -0.013059 -0.009519 1.541171 0.038984
5.201 -0.013055 -0.008980 1.576077 0.039524
5.332 -0.013030 -0.009714 1.619710 0.040258
5.402 -0.013034 -0.009652 1.637338 0.040321
5.503 -0.013037 -0.009612 1.667009 0.040360
5.601 -0.013044 -0.009590 1.712387 0.040383
5.703 -0.013079 -0.009374 1.740313 0.040602
5.802 -0.012968 -0.009958 1.761257 0.041196
5.903 -0.012935 -0.010147 1.806635 0.041388
6.001 -0.008958 -0.012674 1.837312 0.046100
6.106 0.011353 -0.026651 1.891262 0.070755
6.206 0.011303 -0.026517 1.926168 0.070897
6.304 0.011285 -0.026464 1.957584 0.070954
6.402 0.011338 -0.026588 1.982019 0.071089
6.501 0.011531 -0.026989 2.029143 0.071533
6.601 0.011514 -0.026969 2.062304 0.071559
6.701 0.011455 -0.026859 2.088484 0.071683
6.801 0.012017 -0.027774 2.135608 0.072757
6.901 0.011961 -0.027690 2.156552 0.072858
7.003 0.011801 -0.027459 2.198440 0.073139
7.114 0.012030 -0.027757 2.243818 0.073515
7.201 0.012196 -0.027963 2.252545 0.073780
7.302 0.012272 -0.028056 2.289197 0.073900
7.401 0.012154 -0.027927 2.315377 0.074075
7.501 0.012146 -0.027909 2.360755 0.074095
7.602 0.005388 -0.028291 2.402614 0.080864
7.702 0.005521 -0.028410 2.428794 0.081042
7.801 0.005597 -0.028475 2.461955 0.081142
7.902 0.005385 -0.028314 2.510824 0.081410
8.001 0.005875 -0.028658 2.536830 0.082009
8.103 0.005638 -0.028504 2.564929 0.082291
8.201 0.005723 -0.028543 2.612053 0.082385
8.302 0.006417 -0.028934 2.643469 0.083181
8.401 0.005990 -0.028715 2.671394 0.083661
8.502 0.006640 -0.029001 2.720264 0.084372
8.601 0.006985 -0.029152 2.746444 0.084748
8.703 0.006762 -0.029063 2.776114 0.084988
8.802 0.007273 -0.029244 2.818002 0.085530
8.902 0.007159 -0.029207 2.846102 0.085649
9.002 0.007255 -0.029235 2.874027 0.085749
9.104 -0.012313 -0.037441 2.923091 0.106968
9.203 -0.024516 -0.042593 2.953978 0.120214
9.302 -0.024005 -0.042680 2.983474 0.120732
9.401 -0.023885 -0.042699 3.030947 0.120854
9.501 -0.024084 -0.042681 3.060617 0.121053
9.602 -0.023648 -0.042708 3.088543 0.121490
9.702 -0.023586 -0.042714 3.132176 0.121553
9.801 -0.023526 -0.042713 -3.121339 0.121613
9.902 -0.023446 -0.042709 -3.091668 0.121693
10.001 -0.023147 -0.042686 -3.048035 0.121993
10.101 -0.023048 -0.042676 -3.018364 0.122092
10.202 -0.023141 -0.042689 -2.997420 0.122185
10.302 -0.022393 -0.042546 -2.946806 0.122947
10.402 -0.022692 -0.042611 -2.927607 0.123253
10.501 -0.022940 -0.042669 -2.896191 0.123508
10.602 -0.003926 -0.046514 -2.847987 0.142907
10.702 -0.003807 -0.046476 -2.821807 0.143032
10.801 -0.003762 -0.046451 -2.779919 0.143084
10.901 -0.003447 -0.046329 -2.760721 0.143421
11.010 -0.003679 -0.046426 -2.725814 0.143672
11.101 -0.003103 -0.046152 -2.682181 0.144310
11.201 -0.003274 -0.046241 -2.657746 0.144502
11.301 -0.003151 -0.046173 -2.612368 0.144642
11.401 -0.003236 -0.046224 -2.572225 0.144740
11.501 -0.003136 -0.046158 -2.553027 0.144860
11.603 -0.002595 -0.045778 -2.507648 0.145521
11.701 -0.002890 -0.046002 -2.477978 0.145891
11.802 -0.002632 -0.045792 -2.450052 0.146224
11.901 -0.002391 -0.045584 -2.411655 0.146542
12.002 -0.002376 -0.045571 -2.383555 0.146562
12.102 -0.002432 -0.045627 -2.350219 0.146640
12.202 -0.002596 -0.045802 -2.310077 0.146880
12.303 0.031227 0.007994 -2.228968 0.210425
12.404 0.030665 0.007221 -2.189000 0.211380
12.502 0.030879 0.007537 -2.159155 0.211762
12.601 0.031171 0.007994 -2.129659 0.212303
12.701 0.031062 0.007810 -2.096498 0.212517
12.802 0.031136 0.007953 -2.058100 0.212678
12.901 0.031257 0.008195 -2.019703 0.212949
13.002 0.031371 0.008442 -1.998759 0.213220
13.102 0.031410 0.008531 -1.963853 0.213318
13.202 0.031420 0.008552 -1.925455 0.213341
13.301 0.031406 0.008514 -1.902766 0.213382
13.401 0.031536 0.008915 -1.859133 0.213803
13.502 0.031566 0.009032 -1.818990 0.213924
13.602 0.031581 0.009092 -1.784084 0.213986
13.702 0.031616 0.009268 -1.759649 0.214165
13.801 0.031600 0.009170 -1.722997 0.214264
13.902 0.031634 0.009449 -1.679364 0.214545
14.001 0.043469 0.046215 -1.599809 0.253170
14.102 0.043468 0.046134 -1.564903 0.253250
14.204 0.043466 0.046137 -1.524760 0.253253
14.301 0.043448 0.046437 -1.498580 0.253554
14.404 0.043413 0.046850 -1.446220 0.253968
14.501 0.043449 0.046591 -1.423531 0.254229
14.601 0.043387 0.046966 -1.400842 0.254609
14.701 0.043292 0.047456 -1.358954 0.255109
14.802 0.043367 0.047129 -1.318811 0.255446
14.902 0.043270 0.047475 -1.287395 0.255805
15.002 0.043276 0.047455 -1.248998 0.255826
15.101 0.043230 0.047590 -1.229800 0.255969
15.202 0.043192 0.047700 -1.187912 0.256085
15.310 0.043228 0.047592 -1.139043 0.256199
15.411 0.042961 0.048155 -1.125080 0.256822
15.505 0.023950 0.052334 -1.060502 0.276287
15.603 0.017032 0.053934 -1.023725 0.283387
15.702 0.016790 0.054321 -1.000861 0.283844
15.808 0.017037 0.053959 -0.964209 0.284282
15.903 0.016763 0.054332 -0.925637 0.284745
16.002 0.016757 0.054341 -0.904693 0.284756
16.101 0.016553 0.054579 -0.862806 0.285069
16.201 0.016109 0.055086 -0.827899 0.285743
16.301 0.016146 0.055046 -0.803464 0.285798
16.402 0.016387 0.054804 -0.773794 0.286140
16.502 0.016184 0.055000 -0.719689 0.286421
16.602 0.015988 0.055166 -0.698745 0.286679
16.701 0.015999 0.055166 -0.663838 0.286690
16.806 0.015999 0.055163 -0.627186 0.286692
16.905 0.015719 0.055359 -0.597515 0.287034
17.001 0.012051 0.047318 -0.549101 0.295871
17.102 0.005720 0.032684 -0.490597 0.311816
17.202 0.005790 0.032648 -0.467908 0.311895
17.301 0.005644 0.032710 -0.426020 0.312054
17.403 0.005298 0.032861 -0.394604 0.312432
17.501 0.005464 0.032800 -0.363188 0.312609
17.601 0.005237 0.032867 -0.317635 0.312845
17.701 0.004865 0.032985 -0.284649 0.313236
17.802 0.005173 0.032900 -0.254978 0.313556
17.902 0.004277 0.033112 -0.216581 0.314477
18.002 0.004629 0.033044 -0.179929 0.314835
18.112 0.004189 0.033111 -0.141532 0.315281
18.201 0.004234 0.033110 -0.110116 0.315325
18.301 0.004317 0.033098 -0.069973 0.315409
18.401 0.003916 0.033116 -0.040303 0.315812
18.506 -0.021570 0.002857 0.009201 0.355373
18.602 -0.021333 0.002863 0.026654 0.355611
18.702 -0.021410 0.002861 0.026654 0.355689
18.801 -0.021410 0.002861 0.026654 0.355689
18.901 -0.021410 0.002861 0.026654 0.355689
19.002 -0.021410 0.002861 0.026654 0.355689
19.102 -0.021410 0.002861 0.026654 0.355689
19.201 -0.021410 0.002861 0.026654 0.355689
19.302 -0.021410 0.002861 0.026654 0.355689
19.401 -0.021410 0.002861 0.026654 0.355689
19.501 -0.021410 0.002861 0.026654 0.355689
19.602 -0.021410 0.002861 0.026654 0.355689
19.703 -0.019408 0.002913 0.024909 0.357692
19.802 -0.009481 0.003170 0.026654 0.367622
19.901 -0.000682 0.003398 0.026654 0.376424
20.002 0.016979 0.003869 0.026654 0.394091
20.102 0.028695 0.004182 0.026654 0.405812
20.202 0.044353 0.004612 0.028399 0.421476
20.301 0.057716 0.004991 0.028399 0.434844
20.401 0.072603 0.005435 0.030145 0.449737
20.502 0.084331 0.005789 0.030145 0.461471
20.602 0.102394 0.006354 0.031890 0.479543
20.702 0.116880 0.006826 0.033635 0.494036
20.802 0.129012 0.007235 0.033635 0.506175
20.901 0.146581 0.007852 0.035381 0.523755
21.001 0.161613 0.008421 0.038871 0.538798
21.101 0.173285 0.008885 0.040617 0.550479
21.202 0.189899 0.009627 0.047947 0.567109
21.301 0.204506 0.010334 0.047947 0.581733
21.402 0.216657 0.010940 0.049867 0.593900
21.501 0.234318 0.011842 0.051612 0.611584
21.611 0.305218 0.055807 0.072474 0.695009
21.702 0.313705 0.056413 0.068984 0.703517
21.801 0.328511 0.057408 0.067064 0.718356
21.901 0.339688 0.058138 0.063399 0.729558
22.008 0.359902 0.059357 0.057988 0.749808
22.101 0.371382 0.060024 0.057988 0.761308
22.202 0.383182 0.060709 0.057988 0.773127
22.301 0.400685 0.061735 0.059734 0.790660
22.402 0.415075 0.062629 0.063399 0.805078
22.501 0.429543 0.063580 0.067064 0.819577
22.602 0.440629 0.064335 0.068984 0.830689
22.702 0.458111 0.065568 0.072649 0.848214
22.802 0.472722 0.066657 0.074394 0.862866
22.901 0.484175 0.067521 0.076140 0.874351
23.001 0.500939 0.068799 0.077885 0.891164
23.101 0.514794 0.069847 0.074394 0.905058
23.201 0.526730 0.070704 0.070729 0.917025
23.301 0.538441 0.071487 0.061828 0.928762
23.402 0.559157 0.072436 0.028318 0.949500
23.502 0.569657 0.072669 0.021336 0.960003
23.602 0.588054 0.073024 0.017846 0.978403
23.701 0.602809 0.073292 0.019591 0.993161
23.802 0.614420 0.073519 0.019591 1.004774
23.901 0.631695 0.073858 0.019591 1.022053
24.002 0.646212 0.074157 0.021336 1.036572
24.101 0.657859 0.074406 0.021336 1.048222
24.204 0.675210 0.074776 0.021336 1.065577
24.301 0.687018 0.075008 0.017846 1.077388
24.401 0.698624 0.075210 0.016100 1.088995
24.501 0.718857 0.075525 0.014355 1.109230
24.601 0.730700 0.075695 0.014355 1.121075
24.702 0.771212 0.125783 0.007961 1.185495
24.802 0.802470 0.146143 0.006077 1.222799
24.901 0.813581 0.146152 -0.000904 1.233910
25.001 0.830257 0.145982 -0.018532 1.250588
25.101 0.841376 0.145736 -0.023943 1.261709
25.202 0.859215 0.145291 -0.025863 1.279553
25.302 0.874650 0.144910 -0.023943 1.294993
25.401 0.886163 0.144628 -0.023943 1.306510
25.501 0.900633 0.144297 -0.023943 1.320984
25.601 0.917956 0.143860 -0.027608 1.338312
25.701 0.929204 0.143530 -0.029353 1.349565
25.806 0.943574 0.143066 -0.034764 1.363942
25.902 0.958150 0.142559 -0.034764 1.378527
26.002 0.975941 0.141941 -0.034764 1.396328
26.102 0.990264 0.141442 -0.034764 1.410660
26.202 1.001970 0.141055 -0.031273 1.422372
26.302 1.019255 0.140541 -0.029353 1.439665
26.402 1.034280 0.140149 -0.023943 1.454695
26.502 1.045847 0.139904 -0.018532 1.466265
26.603 1.062221 0.139682 -0.009806 1.482640
26.702 1.076136 0.139550 -0.009806 1.496556
26.802 1.087477 0.139429 -0.011551 1.507898
26.902 1.105534 0.139220 -0.011551 1.525956
27.002 1.120271 0.139039 -0.013471 1.540694
27.101 1.131929 0.138861 -0.016962 1.552353
27.205 1.146583 0.138613 -0.016962 1.567010
27.302 1.164055 0.138316 -0.013471 1.584484
27.414 1.176057 0.138171 -0.011551 1.596487
27.503 1.191073 0.138029 -0.008060 1.611504
27.601 1.208394 0.137890 -0.008060 1.628825
27.701 1.220353 0.137804 -0.006315 1.640784
27.801 1.246326 0.167585 -0.026157 1.680301
27.905 1.266999 0.189008 -0.051294 1.710071
28.002 1.279355 0.188317 -0.058450 1.722447
28.101 1.293328 0.187437 -0.063861 1.736447
28.201 1.310730 0.186228 -0.072936 1.753891
28.302 1.322784 0.185307 -0.078347 1.765981
28.402 1.334119 0.184381 -0.083757 1.777353
28.503 1.348827 0.183079 -0.090913 1.792119
28.605 1.372804 0.180828 -0.096324 1.816201
28.701 1.378464 0.180281 -0.096324 1.821888
28.801 1.399262 0.178126 -0.106970 1.842797
28.902 1.411339 0.176818 -0.108715 1.854944
29.001 1.422597 0.175565 -0.112206 1.866272
29.103 1.443484 0.173173 -0.119187 1.887296
29.209 1.455186 0.171761 -0.122678 1.899083
29.302 1.467045 0.170261 -0.127914 1.911036
29.401 1.486637 0.167677 -0.134895 1.930797
29.501 1.498117 0.166104 -0.138386 1.942385
29.602 1.509965 0.164443 -0.140131 1.954349
29.702 1.529747 0.161628 -0.141877 1.974331
29.801 1.540143 0.160125 -0.143622 1.984834
29.901 1.551290 0.158507 -0.145367 1.996099
30.001 1.571770 0.155509 -0.145367 2.016796
30.102 1.583314 0.153814 -0.145367 2.028464
30.210 1.593255 0.152345 -0.147113 2.038513
30.301 1.611671 0.149588 -0.150603 2.057134
30.402 1.622706 0.147835 -0.159330 2.068308
30.505 1.642573 0.144597 -0.161075 2.088437
30.602 1.653608 0.142833 -0.155839 2.099612
30.701 1.664469 0.141137 -0.152349 2.110604
30.802 1.677792 0.139199 -0.140131 2.124068
30.901 1.740468 0.188629 -0.184834 2.203891
31.002 1.752195 0.186468 -0.179598 2.215815
31.101 1.770059 0.183246 -0.181343 2.233968
31.202 1.783772 0.180543 -0.198796 2.247944
31.302 1.795254 0.178119 -0.216249 2.259679
31.402 1.808715 0.174998 -0.237193 2.273498
31.501 1.824130 0.171015 -0.266864 2.289418
31.602 1.832751 0.168525 -0.289553 2.298392
31.702 1.843266 0.165191 -0.319224 2.309423
31.802 1.852758 0.161871 -0.345404 2.319478
31.901 1.863959 0.157576 -0.375249 2.331475
32.002 1.869844 0.155226 -0.384150 2.337812
32.102 1.882208 0.150027 -0.408585 2.351224
32.202 1.894458 0.144565 -0.428307 2.364637
32.303 1.904416 0.139922 -0.440699 2.375624
32.402 1.910842 0.136841 -0.446109 2.382750
32.503 1.912616 0.135996 -0.444364 2.384715
32.601 1.912471 0.136065 -0.444364 2.384875
32.702 1.912471 0.136065 -0.444364 2.384875
32.805 1.912471 0.136065 -0.444364 2.384875
32.901 1.911200 0.136708 -0.477525 2.386300
33.002 1.909253 0.137781 -0.519413 2.388523
33.103 1.906949 0.139243 -0.603189 2.391252
33.201 1.906113 0.139865 -0.659040 2.392294
33.301 1.904202 0.141538 -0.770741 2.394834
33.401 1.903437 0.142343 -0.849280 2.395944
33.501 1.903378 0.142403 -0.960981 2.396028
33.602 1.903224 0.142663 -1.098862 2.396330
33.701 1.903166 0.142789 -1.186129 2.396469
33.802 1.915168 0.161880 -1.403161 2.419018
33.902 1.915523 0.158684 -1.490427 2.422234
34.002 1.915616 0.155020 -1.579439 2.425899
34.102 1.915066 0.149470 -1.736519 2.431477
34.209 1.913508 0.142701 -1.822040 2.438422
34.304 1.901159 0.105298 -2.038655 2.477811
34.401 1.896792 0.097507 -2.103233 2.486742
34.501 1.886726 0.082888 -2.223660 2.504492
34.601 1.876905 0.071572 -2.326635 2.519475
34.702 1.872794 0.046058 -2.404007 2.545318
34.803 1.867205 0.033123 -2.456294 2.559409
34.902 1.854735 0.023831 -2.531344 2.574960
35.002 1.848477 0.019690 -2.569741 2.582465
35.110 1.835829 0.012283 -2.634318 2.597122
35.202 1.830976 0.009593 -2.636063 2.602671
35.302 1.830256 0.009193 -2.634318 2.603495
35.401 1.830851 0.009580 -2.569741 2.604205
35.501 1.832221 0.010525 -2.515636 2.605869
35.602 1.838311 0.011810 -2.383841 2.612093
35.702 1.839837 0.012488 -2.315694 2.613763
35.803 1.839585 0.012161 -2.229998 2.614177
35.902 1.839250 0.011688 -2.181303 2.614756
36.002 1.837861 0.009463 -2.088801 2.617379
36.102 1.837052 0.007910 -2.029460 2.619130
36.202 1.835991 0.005434 -1.950920 2.621824
36.301 1.832196 -0.006279 -1.842709 2.634136
36.401 1.830209 -0.014573 -1.779877 2.642665
36.502 1.828546 -0.024717 -1.699592 2.652944
36.601 1.841756 -0.032952 -1.577870 2.668510
36.702 1.869118 -0.031123 -1.444342 2.695934
36.802 1.870915 -0.041902 -1.383256 2.706861
36.902 1.874882 -0.057729 -1.287263 2.723178
37.002 1.878123 -0.067426 -1.229667 2.733403
37.102 1.890000 -0.069451 -1.205604 2.745451
37.201 1.895806 -0.075028 -1.188917 2.753501
37.302 1.899771 -0.084749 -1.183506 2.764000
37.402 1.904624 -0.096536 -1.178096 2.776747
37.502 1.911537 -0.111911 -1.123816 2.793605
37.601 1.916676 -0.122055 -1.087164 2.804977
37.701 1.922125 -0.132213 -1.078438 2.816504
37.802 1.930363 -0.147434 -1.066046 2.833811
37.901 1.936104 -0.157232 -1.029568 2.845167
38.003 1.945503 -0.171843 -0.977208 2.862540
38.101 1.955497 -0.185616 -0.917693 2.879556
38.202 1.977601 -0.180182 -0.869965 2.902319
38.305 1.989779 -0.193043 -0.808549 2.920030
38.402 2.001526 -0.204561 -0.754444 2.936482
38.505 2.006961 -0.209470 -0.724773 2.943806
38.602 2.013949 -0.215387 -0.691612 2.952963
38.701 2.026217 -0.224837 -0.630525 2.968448
38.802 2.032469 -0.229245 -0.602600 2.976098
38.902 2.040819 -0.234745 -0.572930 2.986097
39.001 2.055332 -0.244111 -0.571184 3.003369
39.102 2.065562 -0.250635 -0.567694 3.015502
39.201 2.077669 -0.258343 -0.565948 3.029855
39.301 2.092479 -0.267902 -0.586892 3.047483
39.402 2.100050 -0.273050 -0.607836 3.056637
39.502 2.112867 -0.282327 -0.640997 3.072459
39.601 2.125040 -0.291788 -0.674159 3.087877
39.701 2.134084 -0.299276 -0.703829 3.099618
39.802 2.145179 -0.309029 -0.733500 3.114391
39.902 2.168918 -0.359983 -0.859474 3.170604
40.002 2.176615 -0.368937 -0.859474 3.182411
40.102 2.186209 -0.379992 -0.859474 3.197048
40.201 2.197075 -0.392739 -0.868201 3.213798
40.301 2.204657 -0.401487 -0.852493 3.225375
40.402 2.212757 -0.410627 -0.842021 3.237587
40.501 2.226813 -0.426258 -0.843766 3.258608
40.601 2.234519 -0.435024 -0.854238 3.270280
40.701 2.243488 -0.445461 -0.869946 3.284042
40.801 2.254377 -0.458669 -0.894381 3.301160
40.902 2.261498 -0.467651 -0.903107 3.312622
41.004 2.275985 -0.486482 -0.920561 3.336380
41.106 2.280981 -0.493075 -0.924051 3.344653
41.204 2.287212 -0.501335 -0.925797 3.354999
41.301 2.295530 -0.512444 -0.931033 3.368877
41.402 2.306134 -0.526764 -0.934523 3.386696
41.502 2.313033 -0.536086 -0.932778 3.398293
41.602 2.319761 -0.545186 -0.934523 3.409610
41.701 2.332151 -0.561957 -0.934523 3.430462
41.801 2.338930 -0.571191 -0.938014 3.441917
41.904 2.350253 -0.586671 -0.939759 3.461096
42.003 2.356111 -0.594717 -0.941505 3.471048
42.101 2.363082 -0.604318 -0.944995 3.482913
42.204 2.370053 -0.614017 -0.948486 3.494858
42.301 2.382075 -0.630785 -0.948486 3.515490
42.402 2.389125 -0.640593 -0.946741 3.527570
42.501 2.395736 -0.649697 -0.939759 3.538820
42.602 2.406961 -0.664852 -0.929287 3.557680
42.701 2.413899 -0.674073 -0.924051 3.569219
42.802 2.421056 -0.683492 -0.920561 3.581049
42.901 2.573593 -0.654110 -0.983828 3.736390
43.005 2.580325 -0.663997 -0.966374 3.748351
43.102 2.586903 -0.673398 -0.957648 3.759825
43.205 2.602554 -0.695326 -0.945430 3.786766
43.302 2.605836 -0.699846 -0.941940 3.792351
43.402 2.612981 -0.709552 -0.934958 3.804404
43.504 2.629051 -0.730908 -0.919250 3.831130
43.605 2.636272 -0.740326 -0.914014 3.842998
43.702 2.639866 -0.744995 -0.915760 3.848890
43.802 2.651293 -0.759771 -0.910524 3.867569
43.902 2.658358 -0.768820 -0.907033 3.879050
44.001 2.665642 -0.778059 -0.901797 3.890815
44.101 2.678374 -0.794045 -0.896561 3.911252
44.202 2.685594 -0.803032 -0.893070 3.922779
44.302 2.696749 -0.816867 -0.889580 3.940551
44.402 2.704327 -0.826214 -0.891325 3.952584
44.501 2.711885 -0.835513 -0.887834 3.964567
44.602 2.724550 -0.851025 -0.884344 3.984593
44.701 2.731952 -0.860041 -0.884344 3.996258
44.802 2.741456 -0.871542 -0.879108 4.011177
44.901 2.752967 -0.885317 -0.870381 4.029129
45.001 2.760358 -0.894030 -0.865145 4.040555
45.102 2.770304 -0.905631 -0.859909 4.055836
45.202 2.782173 -0.919287 -0.851183 4.073929
45.301 2.790001 -0.928203 -0.849437 4.085793
45.402 2.799519 -0.938977 -0.844201 4.100170
45.507 2.811275 -0.952180 -0.840711 4.117849
45.602 2.818830 -0.960606 -0.837220 4.129165
45.701 2.826279 -0.968878 -0.837220 4.140296
45.803 2.840266 -0.984380 -0.837220 4.161177
45.901 2.848198 -0.993164 -0.835475 4.173011
46.002 2.855983 -1.001657 -0.823257 4.184533
46.102 2.869658 -1.016166 -0.805804 4.204470
46.202 2.951993 -0.881716 -0.597721 4.362128
46.302 2.964174 -0.889976 -0.597721 4.376845
46.402 2.979203 -0.900469 -0.620410 4.395175
46.501 2.987700 -0.906799 -0.653572 4.405770
46.602 2.995638 -0.913090 -0.679751 4.415899
46.702 3.008904 -0.924407 -0.723385 4.433336
46.801 3.016773 -0.931595 -0.751310 4.443995
46.902 3.028405 -0.942872 -0.779235 4.460195
47.002 3.037086 -0.951568 -0.791453 4.472483
47.101 3.045128 -0.959885 -0.807160 4.484053
47.202 3.059124 -0.974902 -0.831595 4.504580
47.301 3.066925 -0.983639 -0.849048 4.516293
47.401 3.074571 -0.992605 -0.873483 4.528076
47.502 3.087015 -1.008516 -0.934570 4.548276
47.601 3.093888 -1.018181 -0.965985 4.560135
47.704 3.101834 -1.030266 -0.997401 4.574599
47.803 3.112968 -1.047739 -1.008222 4.595318
47.901 3.119258 -1.057766 -1.008222 4.607154
48.002 3.126968 -1.070036 -1.008222 4.621645
48.101 3.133461 -1.080355 -1.010142 4.633837
48.202 3.139768 -1.090409 -1.011888 4.645706
48.302 3.150684 -1.107863 -1.011888 4.666292
48.401 3.157098 -1.118151 -1.013807 4.678416
48.501 3.163139 -1.127861 -1.015553 4.689852
48.602 3.173862 -1.145146 -1.015553 4.710193
48.702 3.179988 -1.155021 -1.015553 4.721813
48.801 3.185869 -1.164502 -1.015553 4.732970
48.901 3.196815 -1.182106 -1.010491 4.753700
49.008 3.202811 -1.191660 -1.008571 4.764980
49.102 3.209248 -1.201868 -1.006826 4.777048
49.203 3.294324 -1.197922 -1.017118 4.862215
49.302 3.348464 -1.193244 -1.027865 4.916557
49.402 3.354074 -1.202698 -1.036592 4.927550
49.501 3.363913 -1.219563 -1.047587 4.947075
49.604 3.369796 -1.229929 -1.061725 4.958995
49.702 3.375531 -1.240328 -1.070800 4.970870
49.801 3.385291 -1.258575 -1.083192 4.991563
49.901 3.390892 -1.269238 -1.095584 5.003608
50.002 3.396165 -1.279914 -1.121938 5.015515
50.102 3.404279 -1.298046 -1.170808 5.035380
50.202 3.408983 -1.309817 -1.203969 5.048056
50.301 3.412891 -1.320603 -1.233639 5.059529
50.405 3.420705 -1.342690 -1.228403 5.082957
50.501 3.423755 -1.351105 -1.217932 5.091907
50.602 3.427709 -1.361740 -1.210950 5.103253
50.702 3.435146 -1.380695 -1.190006 5.123615
50.802 3.438542 -1.389151 -1.188261 5.132728
50.902 3.446312 -1.408315 -1.179360 5.153408
51.005 3.453035 -1.423838 -1.151609 5.170323
51.102 3.455297 -1.428830 -1.142882 5.175804
51.202 3.463146 -1.445206 -1.109547 5.193963
51.302 3.467999 -1.454648 -1.087032 5.204580
51.401 3.473496 -1.464817 -1.067833 5.216139
51.501 3.483300 -1.481879 -1.039733 5.235818
51.601 3.489337 -1.492018 -1.027691 5.247618
51.702 3.495171 -1.501624 -1.020709 5.258857
51.802 3.502901 -1.514063 -1.013553 5.273502
51.902 3.512359 -1.529231 -1.011808 5.291378
52.001 3.518649 -1.539266 -1.009888 5.303221
52.101 3.526180 -1.551333 -1.013553 5.317445
52.202 3.534760 -1.565122 -1.015473 5.333686
52.301 3.540592 -1.574559 -1.017219 5.344779
52.401 3.587937 -1.584801 -1.018030 5.393219
52.502 3.596320 -1.598457 -1.021696 5.409242
52.601 3.600389 -1.605106 -1.021696 5.417038
52.703 3.605065 -1.613495 -1.094999 5.426642
52.802 3.607497 -1.618535 -1.135142 5.432238
52.901 3.610432 -1.625412 -1.190992 5.439715
53.002 3.613860 -1.635971 -1.297458 5.450817
53.102 3.616419 -1.648798 -1.428357 5.463897
53.201 3.617127 -1.657052 -1.517369 5.472181
53.302 3.616535 -1.674273 -1.667467 5.489412
53.401 3.614942 -1.684932 -1.752988 5.500189
53.502 3.612340 -1.695536 -1.847236 5.511108
53.608 3.608924 -1.705835 -1.913559 5.521958
53.701 3.600431 -1.724990 -2.040968 5.542912
53.802 3.594626 -1.735257 -2.112526 5.554706
53.902 3.585361 -1.748847 -2.208519 5.571154
54.003 3.659235 -1.748193 -2.372924 5.645032
54.103 3.655986 -1.751192 -2.402594 5.649453
54.201 3.646167 -1.759358 -2.479389 5.662224
54.305 3.629899 -1.770778 -2.569971 5.682100
54.403 3.625759 -1.773333 -2.594581 5.686965
54.502 3.579393 -1.815972 -2.652798 5.749957
54.602 3.564024 -1.823573 -2.703412 5.767102
54.704 3.551482 -1.829091 -2.741810 5.780804
54.801 3.542358 -1.832914 -2.743555 5.790697
54.902 3.540916 -1.833520 -2.743555 5.792262
55.002 3.541249 -1.833380 -2.743555 5.792623
55.102 3.541341 -1.833342 -2.743555 5.792723
55.201 3.541341 -1.833342 -2.743555 5.792723
55.301 3.541341 -1.833342 -2.743555 5.792723
55.401 3.541341 -1.833342 -2.743555 5.792723
55.503 3.541341 -1.833342 -2.743555 5.792723
55.602 3.541341 -1.833342 -2.743555 5.792723
55.701 3.541341 -1.833342 -2.743555 5.792723
55.802 3.541341 -1.833342 -2.743555 5.792723
55.902 3.541341 -1.833342 -2.743555 5.792723
56.002 3.541341 -1.833342 -2.743555 5.792723
56.102 3.541341 -1.833342 -2.743555 5.792723
56.202 3.541341 -1.833342 -2.743555 5.792723
56.302 3.541341 -1.833342 -2.743555 5.792723
56.402 3.541341 -1.833342 -2.743555 5.792723
56.501 3.541341 -1.833342 -2.743555 5.792723
56.601 3.541341 -1.833342 -2.743555 5.792723
56.701 3.541341 -1.833342 -2.743555 5.792723
56.801 3.541341 -1.833342 -2.743555 5.792723
56.902 3.541341 -1.833342 -2.743555 5.792723
57.002 3.541341 -1.833342 -2.743555 5.792723
57.101 3.541341 -1.833342 -2.743555 5.792723
57.201 3.541341 -1.833342 -2.743555 5.792723
57.301 3.541341 -1.833342 -2.743555 5.792723
57.401 3.541341 -1.833342 -2.743555 5.792723
57.501 3.541341 -1.833342 -2.743555 5.792723
57.601 3.541341 -1.833342 -2.743555 5.792723
57.701 3.552182 -1.858233 -2.703943 5.819872
57.801 3.552182 -1.858233 -2.703943 5.819872
57.901 3.552182 -1.858233 -2.703943 5.819872
58.003 3.552182 -1.858233 -2.703943 5.819872
58.105 3.552182 -1.858233 -2.703943 5.819872
58.201 3.552182 -1.858233 -2.703943 5.819872
58.301 3.552182 -1.858233 -2.703943 5.819872
58.401 3.552182 -1.858233 -2.703943 5.819872
58.504 3.552182 -1.858233 -2.703943 5.819872
58.602 3.552182 -1.858233 -2.703943 5.819872
58.702 3.552182 -1.858233 -2.703943 5.819872
58.802 3.552182 -1.858233 -2.703943 5.819872
58.902 3.552182 -1.858233 -2.703943 5.819872
59.001 3.551019 -1.858775 -2.705689 5.821156
59.102 3.541044 -1.863413 -2.707434 5.832156
59.202 3.533999 -1.866680 -2.707434 5.839921
59.301 3.525404 -1.870647 -2.709179 5.849388
59.403 3.512487 -1.876581 -2.710925 5.863603
59.503 3.501576 -1.881583 -2.712670 5.875606
59.601 3.488045 -1.887771 -2.712670 5.890485
59.701 3.472746 -1.894757 -2.714415 5.907303
59.812 3.461430 -1.899908 -2.714415 5.919736
59.913 3.445519 -1.907139 -2.716161 5.937213
60.002 3.432410 -1.913073 -2.717906 5.951602
60.102 3.419239 -1.919013 -2.717906 5.966052
60.201 3.408015 -1.924075 -2.717906 5.978364
60.302 3.392336 -1.931146 -2.717906 5.995564
60.401 3.382208 -1.935693 -2.719651 6.006666
60.501 3.366564 -1.942715 -2.719651 6.023814
60.601 3.353450 -1.948602 -2.719651 6.038189
60.701 3.348278 -1.950924 -2.719651 6.043858
60.802 3.326016 -1.978962 -2.769603 6.079658
60.901 3.312833 -1.984089 -2.769603 6.093804
61.002 3.298822 -1.989556 -2.769603 6.108843
61.102 3.288183 -1.993706 -2.769603 6.120263
61.201 3.276946 -1.998091 -2.769603 6.132325
61.314 3.257493 -2.005657 -2.771349 6.153198
61.402 3.248212 -2.009259 -2.771349 6.163153
61.502 3.231410 -2.015747 -2.773094 6.181165
61.601 3.217717 -2.021024 -2.773094 6.195839
61.702 3.206776 -2.025237 -2.774839 6.207563
61.802 3.190225 -2.031606 -2.774839 6.225297
61.902 3.176728 -2.036791 -2.774839 6.239757
62.001 3.166543 -2.040703 -2.774839 6.250667
62.102 3.154113 -2.045487 -2.774839 6.263986
62.207 3.133783 -2.053307 -2.774839 6.285767
62.301 3.128702 -2.055269 -2.773094 6.291215
62.401 3.117358 -2.059649 -2.773094 6.303375
62.501 3.098516 -2.067016 -2.764367 6.323606
62.602 3.089441 -2.070630 -2.760877 6.333373
62.706 3.069405 -2.078681 -2.759131 6.354967
62.802 3.061100 -2.082038 -2.757386 6.363924
62.903 3.042035 -2.089757 -2.755641 6.384493
63.002 3.034161 -2.092956 -2.755641 6.392992
63.101 3.021627 -2.098050 -2.755641 6.406522
63.201 3.010958 -2.102363 -2.757386 6.418029
63.302 2.996806 -2.108084 -2.757386 6.433294
63.401 2.983303 -2.113560 -2.755641 6.447866
63.502 2.966523 -2.120396 -2.753895 6.465984
63.602 2.953086 -2.125883 -2.753895 6.480498
63.701 2.939452 -2.131479 -2.752150 6.495235
63.802 2.928825 -2.135840 -2.752150 6.506724
63.908 2.920375 -2.192774 -2.745993 6.564281
64.001 2.916385 -2.248413 -2.741541 6.620062
64.101 2.902998 -2.254173 -2.734559 6.634635
64.213 2.886710 -2.261047 -2.757248 6.652315
64.302 2.879624 -2.263820 -2.778192 6.659924
64.402 2.870972 -2.266980 -2.792155 6.669135
64.502 2.869894 -2.267373 -2.792155 6.670282
64.601 2.870100 -2.267298 -2.792155 6.670501
64.701 2.870119 -2.267291 -2.792155 6.670521
64.801 2.870119 -2.267291 -2.792155 6.670521
64.901 2.870100 -2.267298 -2.792155 6.670541
65.002 2.864334 -2.269388 -2.793900 6.676673
65.102 2.852899 -2.273502 -2.797391 6.688826
65.201 2.845110 -2.276275 -2.802627 6.697094
65.302 2.832489 -2.280655 -2.807863 6.710454
65.402 2.817222 -2.285825 -2.823571 6.726572
65.501 2.807915 -2.288835 -2.830552 6.736354
65.602 2.795886 -2.292546 -2.848006 6.748942
65.701 2.779852 -2.297308 -2.856732 6.765668
65.801 2.768656 -2.300501 -2.870695 6.777311
65.901 2.757354 -2.303576 -2.877676 6.789023
66.002 2.737512 -2.308754 -2.888148 6.809530
66.109 2.726256 -2.311648 -2.891639 6.821152
66.201 2.712569 -2.315132 -2.893384 6.835276
66.302 2.696301 -2.319220 -2.898620 6.852050
66.402 2.685124 -2.321980 -2.900365 6.863562
66.503 2.670863 -2.325414 -2.905601 6.878231
66.602 2.654039 -2.329382 -2.910837 6.895516
66.701 2.642492 -2.332064 -2.917819 6.907371
66.801 2.630347 -2.334890 -2.910837 6.919840
66.902 2.615961 -2.338327 -2.903856 6.934631
67.001 2.599588 -2.373663 -3.001071 6.973576
67.101 2.589386 -2.375125 -2.997580 6.983882
67.202 2.569791 -2.378128 -2.976636 7.003706
67.301 2.559161 -2.380046 -2.953947 7.014507
67.405 2.548310 -2.382234 -2.941730 7.025576
67.502 2.528810 -2.386298 -2.922531 7.045496
67.601 2.516946 -2.389103 -2.899842 7.057686
67.702 2.505507 -2.392086 -2.878898 7.069508
67.801 2.486996 -2.397670 -2.824792 7.088843
67.902 2.476205 -2.401413 -2.798613 7.100265
68.001 2.465492 -2.405347 -2.782905 7.111677
68.101 2.447566 -2.412397 -2.753234 7.130940
68.202 2.438417 -2.416270 -2.734035 7.140875
68.301 2.429397 -2.420296 -2.716582 7.150753
68.402 2.413947 -2.427519 -2.692147 7.167808
68.501 2.405394 -2.431712 -2.679930 7.177333
68.601 2.399763 -2.434513 -2.679930 7.183622
68.701 2.398843 -2.434971 -2.679930 7.184650
68.802 2.399184 -2.434801 -2.679930 7.185031
68.902 2.398353 -2.435215 -2.679930 7.185959
69.001 2.392979 -2.437888 -2.679930 7.191962
69.102 2.386393 -2.441165 -2.679930 7.199318
69.201 2.376940 -2.445854 -2.685166 7.209869
69.301 2.362321 -2.453000 -2.688657 7.226141
69.401 2.351567 -2.458221 -2.690402 7.238096
69.501 2.334830 -2.466254 -2.697383 7.256661
69.601 2.324588 -2.471053 -2.704365 7.267972
69.702 2.313900 -2.475982 -2.714837 7.279741
69.809 2.304644 -2.480063 -2.730545 7.289857
69.902 2.287777 -2.487198 -2.749743 7.308171
70.002 2.278807 -2.490854 -2.753234 7.317857
70.107 2.262704 -2.583651 -2.758603 7.412041
70.202 2.251553 -2.588155 -2.756858 7.424067
70.301 2.240470 -2.592649 -2.755113 7.436027
70.401 2.224925 -2.598807 -2.770821 7.452747
70.502 2.211059 -2.604160 -2.776057 7.467610
70.601 2.199703 -2.608403 -2.791765 7.479734
70.701 2.192047 -2.611168 -2.802237 7.487874
70.801 2.182265 -2.614504 -2.821435 7.498209
70.902 2.170793 -2.618121 -2.844125 7.510237
71.002 2.161866 -2.620789 -2.851106 7.519555
71.101 2.150373 -2.624170 -2.856342 7.531535
71.202 2.130436 -2.629985 -2.859833 7.552302
71.308 2.120335 -2.632827 -2.873795 7.562796
71.410 2.110609 -2.635467 -2.880776 7.572874
71.502 2.091614 -2.640230 -2.903466 7.592456
71.602 2.080583 -2.642806 -2.917428 7.603784
71.701 2.069771 -2.645272 -2.917428 7.614874
71.802 2.049714 -2.649813 -2.919174 7.635439
71.901 2.038267 -2.652386 -2.920919 7.647171
72.001 2.027356 -2.654829 -2.922664 7.658352
72.104 2.007519 -2.659243 -2.922664 7.678674
72.201 1.996483 -2.661607 -2.941863 7.689960
72.301 1.985971 -2.663639 -2.959316 7.700667
72.402 1.966578 -2.666881 -2.983751 7.720329
72.501 1.954115 -2.668670 -3.009931 7.732920
72.602 1.940613 -2.670204 -3.039601 7.746509
72.702 1.929113 -2.671155 -3.069272 7.758049
72.801 1.911567 -2.671925 -3.118141 7.775612
72.901 1.899481 -2.671977 3.135373 7.787698
73.001 1.879862 -2.671800 3.129963 7.807317
73.102 1.867796 -2.671621 3.126298 7.819385
73.202 1.855303 -2.693292 2.995884 7.844399
73.301 1.834043 -2.689161 2.980557 7.866057
73.401 1.822472 -2.687287 2.980557 7.877778
73.502 1.810637 -2.685376 2.982477 7.889767
73.603 1.792298 -2.682438 2.982477 7.908339
73.702 1.781390 -2.680749 2.989632 7.919378
73.802 1.769372 -2.678947 2.996788 7.931530
73.902 1.749150 -2.676091 3.004119 7.951952
74.002 1.737579 -2.674554 3.011449 7.963626
74.102 1.723570 -2.672835 3.022270 7.977739
74.201 1.707142 -2.670969 3.036582 7.994272
74.305 1.689731 -2.669140 3.038327 8.011780
74.406 1.683888 -2.668534 3.038327 8.017654
74.502 1.663293 -2.666472 3.043912 8.038352
74.601 1.651573 -2.665356 3.047577 8.050125
74.701 1.637437 -2.664043 3.049323 8.064321
74.801 1.625685 -2.662966 3.051068 8.076123
74.901 1.608465 -2.661541 3.068521 8.093402
75.001 1.596715 -2.660722 3.075503 8.105181
75.101 1.575951 -2.659562 3.087720 8.125976
75.203 1.564353 -2.658937 3.087720 8.137591
75.301 1.552839 -2.658326 3.089465 8.149122
75.401 1.537782 -2.657540 3.089465 8.164199
75.503 1.520155 -2.656533 3.077248 8.181855
75.602 1.508619 -2.655740 3.066776 8.193418
75.701 1.497675 -2.654778 3.047577 8.204405
75.812 1.477822 -2.652499 3.012496 8.224387
75.901 1.466701 -2.651104 3.024714 8.235596
76.003 1.445638 -2.648864 3.049323 8.256777
76.101 1.434052 -2.647808 3.051068 8.268412
76.202 1.422128 -2.646731 3.052813 8.280385
76.301 1.387867 -2.689878 3.077685 8.335480
76.403 1.343366 -2.764649 3.122281 8.422491
76.501 1.332220 -2.764380 3.113555 8.433641
76.602 1.315910 -2.763861 3.106573 8.449960
76.701 1.304586 -2.763442 3.101163 8.461291
76.801 1.284441 -2.762239 3.074459 8.481472
76.901 1.273068 -2.761336 3.056832 8.492880
77.001 1.262602 -2.760353 3.046185 8.503393
77.101 1.249851 -2.759047 3.037109 8.516211
77.201 1.232666 -2.757174 3.029779 8.533497
77.301 1.220965 -2.755811 3.020878 8.545278
77.401 1.207669 -2.754129 3.011977 8.558680
77.502 1.190787 -2.751829 3.004995 8.575717
77.601 1.178901 -2.750137 2.999759 8.587723
77.701 1.166924 -2.748398 2.996094 8.599826
77.801 1.146736 -2.745326 2.986844 8.620247
77.901 1.135461 -2.743531 2.981433 8.631663
78.003 1.115244 -2.740182 2.974103 8.652155
78.101 1.104218 -2.738242 2.966947 8.663351
78.201 1.092881 -2.736214 2.963282 8.674867
78.301 1.075594 -2.733047 2.957697 8.692443
78.402 1.061359 -2.730352 2.952286 8.706931
78.501 1.049766 -2.728130 2.952286 8.718734
78.602 1.032837 -2.724887 2.952286 8.735971
78.701 1.018203 -2.721876 2.924187 8.750912
78.801 1.006920 -2.719199 2.896436 8.762508
78.902 0.996006 -2.716311 2.880728 8.773798
79.007 0.976591 -2.711097 2.878983 8.793901
79.102 0.965328 -2.708161 2.896436 8.805540
79.203 0.953782 -2.705338 2.908828 8.817426
79.308 0.933187 -2.700697 2.926455 8.838538
79.401 0.921438 -2.698157 2.930121 8.850558
79.501 0.910298 -2.695807 2.935531 8.861943
79.601 0.835581 -2.735076 2.817969 8.946351
79.702 0.828097 -2.732582 2.819888 8.954239
79.801 0.825556 -2.731733 2.819888 8.956919
79.902 0.825727 -2.731790 2.819888 8.957099
80.001 0.825727 -2.731790 2.819888 8.957099
80.101 0.825727 -2.731790 2.819888 8.957099
80.204 0.825277 -2.731640 2.819888 8.957575
80.306 0.822936 -2.730886 2.832106 8.960033
80.403 0.816119 -2.728749 2.846243 8.967178
80.501 0.802973 -2.724915 2.867361 8.980872
80.601 0.795648 -2.722895 2.876437 8.988469
80.701 0.783081 -2.719746 2.911693 9.001426
80.802 0.773700 -2.717705 2.936127 9.011025
80.901 0.758690 -2.714869 2.962307 9.026301
81.001 0.746415 -2.712678 2.969289 9.038770
81.101 0.735250 -2.710827 2.979935 9.050087
81.203 0.721372 -2.708695 2.994247 9.064128
81.301 0.705429 -2.706483 3.006464 9.080224
81.402 0.693732 -2.705055 3.030899 9.092008
81.501 0.682378 -2.703848 3.041371 9.103426
81.601 0.662969 -2.701984 3.050097 9.122925
81.701 0.652238 -2.701013 3.051843 9.133699
81.801 0.640969 -2.700034 3.058824 9.145011
81.901 0.621423 -2.698432 3.060569 9.164622
82.002 0.605059 -2.697156 3.067551 9.181036
82.102 0.599627 -2.696763 3.071041 9.186482
82.202 0.578972 -2.695514 3.091985 9.207174
82.302 0.566944 -2.695010 3.105948 9.219213
82.401 0.556014 -2.694665 3.112929 9.230149
82.503 0.536124 -2.694238 3.121656 9.250043
82.602 0.523046 -2.704000 3.134791 9.266363
82.702 0.511395 -2.782740 -2.992436 9.345960
82.802 0.490821 -2.785832 -2.992436 9.366766
82.903 0.480141 -2.787371 -3.001162 9.377556
83.003 0.464769 -2.789481 -3.013380 9.393072
83.101 0.450790 -2.791154 -3.029088 9.407151
83.202 0.438745 -2.792438 -3.041305 9.419264
83.301 0.422449 -2.793827 -3.065740 9.435619
83.401 0.409576 -2.794702 -3.077957 9.448522
83.507 0.392928 -2.795578 -3.098901 9.465193
83.602 0.381746 -2.795972 -3.111118 9.476382
83.702 0.367883 -2.796231 -3.130317 9.490247
83.801 0.357918 -2.796308 -3.135553 9.500213
83.902 0.342533 -2.796176 3.119707 9.515598
84.002 0.330024 -2.795838 3.109061 9.528112
84.102 0.322198 -2.795531 3.098240 9.535943
84.202 0.303284 -2.794423 3.066824 9.554890
84.301 0.292180 -2.793478 3.054432 9.566034
84.401 0.277541 -2.792094 3.040469 9.580739
84.531 0.259842 -2.790146 3.017780 9.598545
84.601 0.248180 -2.788481 2.991600 9.610324
84.702 0.234130 -2.786129 2.972401 9.624570
84.802 0.217068 -2.783192 2.970482 9.641883
84.902 0.205368 -2.781149 2.968736 9.653760
85.003 0.186430 -2.777831 2.968736 9.672987
85.101 0.180883 -2.776852 2.966816 9.678619
85.205 0.163090 -2.773705 2.965071 9.696689
85.302 0.146201 -2.770579 2.954425 9.713864
85.401 0.131939 -2.767779 2.942207 9.728398
85.502 0.120778 -2.765487 2.940462 9.739792
85.609 0.100520 -2.761290 2.936797 9.760481
85.702 0.064311 -2.790403 2.882725 9.806942
85.802 0.032930 -2.809636 2.834033 9.843748
85.902 0.020348 -2.805591 2.830543 9.856965
86.001 0.003945 -2.800324 2.832288 9.874192
86.103 -0.007885 -2.796550 2.834208 9.886610
86.205 -0.024670 -2.791282 2.839618 9.904203
86.301 -0.038641 -2.787052 2.853581 9.918800
86.402 -0.049925 -2.783830 2.869638 9.930535
86.501 -0.064208 -2.779981 2.880110 9.945328
86.602 -0.081248 -2.775467 2.883775 9.962955
86.703 -0.098236 -2.771032 2.887440 9.980513
86.817 -0.112317 -2.767409 2.891106 9.995052
86.901 -0.123677 -2.764508 2.893025 10.006776
87.001 -0.135274 -2.761575 2.894771 10.018738
87.102 -0.146059 -2.758788 2.880634 10.029879
87.201 -0.164765 -2.753428 2.843982 10.049337
87.301 -0.175294 -2.750064 2.823038 10.060391
87.402 -0.186561 -2.746117 2.795112 10.072329
87.502 -0.205852 -2.738766 2.781324 10.092973
87.601 -0.216016 -2.734953 2.784990 10.103828
87.701 -0.230733 -2.729646 2.800872 10.119473
87.802 -0.241373 -2.726049 2.823910 10.130704
87.901 -0.252093 -2.722688 2.848345 10.141939
88.001 -0.272324 -2.716603 2.850265 10.163065
88.106 -0.280730 -2.714088 2.852010 10.171839
88.205 -0.299427 -2.708393 2.837873 10.191385
88.302 -0.309959 -2.705041 2.830717 10.202438
88.402 -0.326548 -2.699635 2.827226 10.219885
88.503 -0.337333 -2.696150 2.830892 10.231218
88.601 -0.348683 -2.692505 2.830892 10.243140
88.701 -0.368057 -2.686367 2.836302 10.263462
88.802 -0.379167 -2.682895 2.839967 10.275103
88.902 -0.390146 -2.679507 2.843633 10.286592
89.002 -0.403933 -2.675306 2.847298 10.301006
89.107 -0.420530 -2.670386 2.859864 10.318316
89.201 -0.471944 -2.728429 2.885831 10.395856
89.303 -0.499638 -2.738625 2.894329 10.425368
89.407 -0.516457 -2.734368 2.892410 10.442717
89.502 -0.522404 -2.732821 2.885254 10.448862
89.601 -0.541536 -2.727479 2.853663 10.468726
89.702 -0.552819 -2.724131 2.851743 10.480494
89.802 -0.569651 -2.719079 2.848078 10.498068
89.901 -0.580865 -2.715673 2.846333 10.509788
90.002 -0.594712 -2.711438 2.842668 10.524268
90.101 -0.610724 -2.706675 2.877574 10.540974
90.201 -0.622430 -2.703734 2.908990 10.553043
90.314 -0.642498 -2.699867 2.982294 10.573481
90.401 -0.654140 -2.698343 3.029418 10.585222
90.502 -0.674899 -2.696853 3.097486 10.606035
90.602 -0.683569 -2.696618 3.121920 10.614708
90.708 -0.700900 -2.696864 -3.103669 10.632041
90.801 -0.709606 -2.697340 -3.077489 10.640759
90.901 -0.727155 -2.699008 -3.025129 10.658387
91.010 -0.738642 -2.700562 -2.998949 10.669979
91.101 -0.745842 -2.701596 -2.998949 10.677254
91.202 -0.756925 -2.703221 -2.995459 10.688454
91.302 -0.769091 -2.705022 -2.993713 10.700754
91.405 -0.790134 -2.708173 -2.991968 10.722031
91.504 -0.795479 -2.708979 -2.991968 10.727436
91.602 -0.771513 -2.788547 -2.884717 10.810536
91.701 -0.788188 -2.792738 -2.900425 10.827730
91.801 -0.793596 -2.794043 -2.905661 10.833293
91.902 -0.812627 -2.798402 -2.926605 10.852816
92.002 -0.822229 -2.800490 -2.928350 10.862643
92.114 -0.841130 -2.804302 -2.952785 10.881925
92.202 -0.845868 -2.805183 -2.959766 10.886744
92.301 -0.862389 -2.808032 -2.975474 10.903508
92.402 -0.872530 -2.809704 -2.980710 10.913787
92.505 -0.883098 -2.811405 -2.982455 10.924491
92.602 -0.903587 -2.814605 -2.989437 10.945227
92.701 -0.916007 -2.816498 -2.991182 10.957792
92.808 -0.933167 -2.819033 -3.000083 10.975138
92.901 -0.941717 -2.820224 -3.003748 10.983770
93.002 -0.958907 -2.822525 -3.011079 11.001113
93.102 -0.970372 -2.823989 -3.016489 11.012672
93.201 -0.984350 -2.825683 -3.023820 11.026752
93.302 -0.998093 -2.827248 -3.031150 11.040584
93.403 -1.017184 -2.829275 -3.042146 11.059782
93.520 -1.032714 -2.830663 -3.061519 11.075374
93.605 -1.037609 -2.831047 -3.063264 11.080284
93.701 -1.052182 -2.832117 -3.070420 11.094896
93.802 -1.070135 -2.833315 -3.077750 11.112889
93.901 -1.081680 -2.834032 -3.081416 11.124457
94.002 -1.093383 -2.834701 -3.086826 11.136178
94.102 -1.114132 -2.835765 -3.094156 11.156955
94.202 -1.125627 -2.836293 -3.097822 11.168462
94.301 -1.140581 -2.836977 -3.078798 11.183431
94.403 -1.146968 -2.837498 -3.038655 11.189839
94.507 -1.152677 -2.838273 -2.989611 11.195601
94.601 -1.162955 -2.840270 -2.928525 11.206071
94.707 -1.290437 -2.825038 -3.123077 11.334460
94.803 -1.298262 -2.825423 -3.077699 11.342294
94.903 -1.314239 -2.827291 -2.983451 11.358380
95.002 -1.318691 -2.828090 -2.957271 11.362904
95.102 -1.332387 -2.831311 -2.875240 11.376973
95.223 -1.342354 -2.834243 -2.838589 11.387362
95.301 -1.354180 -2.838332 -2.791465 11.399875
95.401 -1.360239 -2.840564 -2.789719 11.406333
95.501 -1.362164 -2.841271 -2.789719 11.408383
95.608 -1.362299 -2.841321 -2.789719 11.408527
95.701 -1.362299 -2.841321 -2.789719 11.408527
95.801 -1.362299 -2.841321 -2.789719 11.408527
95.903 -1.362299 -2.841321 -2.789719 11.408527
96.001 -1.362299 -2.841321 -2.789719 11.408527
96.103 -1.343150 -2.855682 -2.766272 11.432464
96.201 -1.341936 -2.856508 -2.764849 11.433932
96.307 -1.341936 -2.856508 -2.764849 11.433932
96.404 -1.341936 -2.856508 -2.764849 11.433932
96.504 -1.341936 -2.856508 -2.764849 11.433932
96.601 -1.341936 -2.856508 -2.764849 11.433932
96.703 -1.341936 -2.856508 -2.764849 11.433932
96.801 -1.341936 -2.856508 -2.764849 11.433932
96.902 -1.341955 -2.856516 -2.764849 11.433952
97.002 -1.341974 -2.856523 -2.764849 11.433972
97.101 -1.341974 -2.856523 -2.764849 11.433972
97.205 -1.341974 -2.856523 -2.766595 11.433972
97.302 -1.341974 -2.856523 -2.766595 11.433972
97.404 -1.341993 -2.856530 -2.766595 11.433992
97.501 -1.341881 -2.856487 -2.768340 11.434112
97.601 -1.341770 -2.856443 -2.770085 11.434232
97.704 -1.341620 -2.856385 -2.770085 11.434392
97.801 -1.341769 -2.856443 -2.771831 11.434552
97.901 -1.341787 -2.856450 -2.771831 11.434572
98.001 -1.341825 -2.856464 -2.773576 11.434612
98.101 -1.341825 -2.856464 -2.773576 11.434612
98.201 -1.341769 -2.856443 -2.775321 11.434672
98.302 -1.341563 -2.856364 -2.775321 11.434893
98.402 -1.341453 -2.856322 -2.777067 11.435010
98.504 -1.341394 -2.856299 -2.777067 11.435073
98.602 -1.341320 -2.856271 -2.780557 11.435152
98.701 -1.341187 -2.856221 -2.782303 11.435295
98.804 -1.341281 -2.856256 -2.784048 11.435395
98.902 -1.336524 -2.845250 -2.863537 11.447386
99.001 -1.336427 -2.845222 -2.867027 11.447486
99.101 -1.336351 -2.845201 -2.868773 11.447566
99.203 -1.336408 -2.845217 -2.868773 11.447625
99.302 -1.336427 -2.845222 -2.872263 11.447645
99.401 -1.336351 -2.845201 -2.872263 11.447725
99.502 -1.336293 -2.845185 -2.874009 11.447785
99.602 -1.336293 -2.845185 -2.875754 11.447785
99.702 -1.336426 -2.845221 -2.875754 11.447923
99.801 -1.336502 -2.845242 -2.877499 11.448002
99.929 -1.336560 -2.845258 -2.879245 11.448062
100.001 -1.336521 -2.845247 -2.879245 11.448102
100.102 -1.336190 -2.845159 -2.882735 11.448444
100.202 -1.335805 -2.845057 -2.882735 11.448843
100.303 -1.335514 -2.844980 -2.884481 11.449144
100.402 -1.335260 -2.844914 -2.886226 11.449406
100.502 -1.335046 -2.844858 -2.887971 11.449627
100.601 -1.334894 -2.844819 -2.889717 11.449784
100.702 -1.334738 -2.844779 -2.889717 11.449946
100.802 -1.334680 -2.844764 -2.891462 11.450005
100.925 -1.334737 -2.844779 -2.893207 11.450063
101.009 -1.334737 -2.844779 -2.893207 11.450063
101.101 -1.334737 -2.844779 -2.894953 11.450063
101.205 -1.334639 -2.844754 -2.896698 11.450164
101.311 -1.334581 -2.844740 -2.898443 11.450225
101.402 -1.334464 -2.844711 -2.898443 11.450345
101.501 -1.334328 -2.844677 -2.900188 11.450485
101.603 -1.334076 -2.844615 -2.901934 11.450744
101.702 -1.334018 -2.844601 -2.901934 11.450804
101.803 -1.333901 -2.844573 -2.903679 11.450924
101.902 -1.333725 -2.844530 -2.905424 11.451105
102.002 -1.333453 -2.844465 -2.905424 11.451385
102.102 -1.337602 -2.846101 -3.071752 11.455845
102.202 -1.337580 -2.846099 -3.073497 11.455867
102.309 -1.337805 -2.846114 -3.075243 11.456092
102.401 -1.337981 -2.846126 -3.076988 11.456269
102.502 -1.338237 -2.846142 -3.078733 11.456526
102.602 -1.338216 -2.846141 -3.078733 11.456547
102.704 -1.338321 -2.846147 -3.078733 11.456652
102.801 -1.338395 -2.846152 -3.078733 11.456727
102.904 -1.338395 -2.846152 -3.078733 11.456727
103.003 -1.340020 -2.846254 -3.078733 11.458355
103.101 -1.348531 -2.846790 -3.078733 11.466883
103.201 -1.360074 -2.847516 -3.078733 11.478449
103.315 -1.369215 -2.848092 -3.078733 11.487608
103.404 -1.377479 -2.848612 -3.078733 11.495888
103.502 -1.387219 -2.849225 -3.078733 11.505648
103.603 -1.397466 -2.849870 -3.078733 11.515915
103.705 -1.408819 -2.850585 -3.078733 11.527290
103.802 -1.418861 -2.851217 -3.078733 11.537352
103.902 -1.428189 -2.851804 -3.078733 11.546698
104.002 -1.436370 -2.852319 -3.078733 11.554896
104.112 -1.448432 -2.853078 -3.078733 11.566982
104.201 -1.456038 -2.853557 -3.078733 11.574603
104.301 -1.467951 -2.854306 -3.078733 11.586540
104.402 -1.477986 -2.854952 -3.076988 11.596595
104.512 -1.485949 -2.855461 -3.078733 11.604574
104.602 -1.495449 -2.856075 -3.076988 11.614094
104.703 -1.507292 -2.856838 -3.076988 11.625962
104.807 -1.519000 -2.857596 -3.076988 11.637694
104.903 -1.524914 -2.857978 -3.076988 11.643621
105.002 -1.536978 -2.858759 -3.076988 11.655710
105.101 -1.544380 -2.859238 -3.076988 11.663127
105.202 -1.561308 -2.881965 -3.121763 11.691466
105.307 -1.564722 -2.889646 -3.138873 11.699871
105.408 -1.564623 -2.889645 -3.138873 11.699971
105.502 -1.564623 -2.889645 -3.138873 11.699971
105.601 -1.564623 -2.889645 -3.138873 11.699971
105.702 -1.564623 -2.889645 -3.138873 11.699971
105.801 -1.564623 -2.889645 -3.138873 11.699971
105.902 -1.564385 -2.889645 -3.138873 11.700209
106.002 -1.564545 -2.889645 -3.138873 11.700368
106.103 -1.564466 -2.889645 -3.138873 11.700447
106.201 -1.564506 -2.889645 -3.138873 11.700488
106.301 -1.564525 -2.889645 -3.138873 11.700506
106.401 -1.564506 -2.889645 -3.138873 11.700524
106.502 -1.564566 -2.889645 -3.138873 11.700584
106.601 -1.564567 -2.889645 -3.138873 11.700585
106.702 -1.564567 -2.889645 -3.138873 11.700585
106.801 -1.564567 -2.889645 -3.138873 11.700585
106.901 -1.564567 -2.889645 -3.138873 11.700585
107.001 -1.564607 -2.889645 -3.138873 11.700625
107.101 -1.564607 -2.889645 -3.138873 11.700625
107.201 -1.564627 -2.889645 -3.138873 11.700645
107.301 -1.564627 -2.889645 -3.138873 11.700645
107.401 -1.564627 -2.889645 -3.138873 11.700645
107.502 -1.564627 -2.889645 -3.138873 11.700645
107.601 -1.564627 -2.889645 -3.138873 11.700645
107.701 -1.564627 -2.889645 -3.138873 11.700645
107.801 -1.564627 -2.889645 -3.138873 11.700645
107.902 -1.564627 -2.889645 -3.138873 11.700645
108.001 -1.564627 -2.889645 -3.138873 11.700645
108.102 -1.564627 -2.889645 -3.138873 11.700645
108.201 -1.561784 -2.892687 -3.133718 11.704808
108.301 -1.561784 -2.892687 -3.133718 11.704808
108.402 -1.561784 -2.892687 -3.133718 11.704808
108.501 -1.561784 -2.892687 -3.133718 11.704808
108.601 -1.561784 -2.892687 -3.133718 11.704808
108.701 -1.561784 -2.892687 -3.133718 11.704808
108.801 -1.561784 -2.892687 -3.133718 11.704808
108.901 -1.561784 -2.892687 -3.133718 11.704808
109.001 -1.561784 -2.892687 -3.133718 11.704808
109.102 -1.561784 -2.892687 -3.133718 11.704808
109.202 -1.561784 -2.892687 -3.133718 11.704808
109.301 -1.561784 -2.892687 -3.133718 11.704808
109.402 -1.561784 -2.892687 -3.133718 11.704808
109.501 -1.561784 -2.892687 -3.133718 11.704808
109.601 -1.561784 -2.892687 -3.133718 11.704808
109.701 -1.561784 -2.892687 -3.133718 11.704808
109.802 -1.561784 -2.892687 -3.133718 11.704808
109.901 -1.561784 -2.892687 -3.133718 11.704808
110.001 -1.561784 -2.892687 -3.133718 11.704808
110.101 -1.561784 -2.892687 -3.133718 11.704808
110.202 -1.561784 -2.892687 -3.133718 11.704808
110.302 -1.561784 -2.892687 -3.133718 11.704808
110.401 -1.561784 -2.892687 -3.133718 11.704808
110.501 -1.561784 -2.892687 -3.133718 11.704808
110.602 -1.561784 -2.892687 -3.133718 11.704808
110.701 -1.561784 -2.892687 -3.133718 11.704808
110.803 -1.561784 -2.892687 -3.133718 11.704808
110.901 -1.561784 -2.892687 -3.133718 11.704808
111.001 -1.561784 -2.892687 -3.133718 11.704808
111.102 -1.561784 -2.892687 -3.133718 11.704808
111.201 -1.561784 -2.892687 -3.133718 11.704808
111.301 -1.561785 -2.893035 -3.133330 11.705156
111.402 -1.561785 -2.894085 -3.132156 11.706207
111.501 -1.561785 -2.894085 -3.132156 11.706207
111.603 -1.561785 -2.894085 -3.132156 11.706207
111.701 -1.561785 -2.894085 -3.132156 11.706207
111.801 -1.561785 -2.894085 -3.132156 11.706207
111.901 -1.561766 -2.894085 -3.132156 11.706226
112.001 -1.561766 -2.894085 -3.132156 11.706226
112.101 -1.561833 -2.894086 -3.132156 11.706294
112.201 -1.561833 -2.894086 -3.132156 11.706294
112.301 -1.561833 -2.894086 -3.132156 11.706294
112.401 -1.561833 -2.894086 -3.132156 11.706294
112.504 -1.561833 -2.894086 -3.132156 11.706294
112.601 -1.561833 -2.894086 -3.132156 11.706294
112.701 -1.561833 -2.894086 -3.132156 11.706294
112.801 -1.561833 -2.894086 -3.132156 11.706294
112.901 -1.561833 -2.894086 -3.132156 11.706294
113.001 -1.561833 -2.894086 -3.132156 11.706294
113.101 -1.561833 -2.894086 -3.132156 11.706294
113.205 -1.561833 -2.894086 -3.132156 11.706294
113.301 -1.561833 -2.894086 -3.132156 11.706294
113.401 -1.561833 -2.894086 -3.132156 11.706294
113.505 -1.561833 -2.894086 -3.132156 11.706294
113.601 -1.561833 -2.894086 -3.132156 11.706294
113.701 -1.561833 -2.894086 -3.132156 11.706294
113.801 -1.561833 -2.894086 -3.132156 11.706294
113.902 -1.561833 -2.894086 -3.132156 11.706294
114.001 -1.561833 -2.894086 -3.132156 11.706294
114.101 -1.561833 -2.894086 -3.132156 11.706294
114.201 -1.561833 -2.894086 -3.132156 11.706294
114.302 -1.561833 -2.894085 -3.132154 11.706294
114.401 -1.561834 -2.894084 -3.132150 11.706296
114.501 -1.561834 -2.894084 -3.132150 11.706296
114.601 -1.561834 -2.894084 -3.132150 11.706296
114.701 -1.561834 -2.894084 -3.132150 11.706296
114.801 -1.561834 -2.894084 -3.132150 11.706296
114.901 -1.561834 -2.894084 -3.132150 11.706296
115.001 -1.561834 -2.894084 -3.132150 11.706296
115.101 -1.561834 -2.894084 -3.132150 11.706296
115.202 -1.561834 -2.894084 -3.132150 11.706296
115.301 -1.561834 -2.894084 -3.132150 11.706296
115.401 -1.561834 -2.894084 -3.132150 11.706296
115.501 -1.561834 -2.894084 -3.132150 11.706296
115.601 -1.561834 -2.894084 -3.132150 11.706296
115.701 -1.561834 -2.894084 -3.132150 11.706296
115.801 -1.561834 -2.894084 -3.132150 11.706296
115.902 -1.561834 -2.894084 -3.132150 11.706296
116.001 -1.561834 -2.894084 -3.132150 11.706296
116.101 -1.561834 -2.894084 -3.132150 11.706296
116.202 -1.561834 -2.894084 -3.132150 11.706296
116.301 -1.561854 -2.894084 -3.132150 11.706316
116.401 -1.561894 -2.894084 -3.132150 11.706356
116.501 -1.561894 -2.894084 -3.132150 11.706356
116.601 -1.561894 -2.894084 -3.132150 11.706356
116.701 -1.561894 -2.894084 -3.132150 11.706356
116.801 -1.561894 -2.894084 -3.132150 11.706356
116.901 -1.561894 -2.894084 -3.132150 11.706356
117.001 -1.561894 -2.894084 -3.132150 11.706356
117.101 -1.561894 -2.894084 -3.132150 11.706356
117.202 -1.561894 -2.894084 -3.132150 11.706356
117.301 -1.561894 -2.894084 -3.132150 11.706356
117.401 -1.561894 -2.894084 -3.132150 11.706356
117.501 -1.561894 -2.894084 -3.132150 11.706356
117.602 -1.563460 -2.893757 -3.129018 11.707955
117.701 -1.563460 -2.893757 -3.129018 11.707955
117.802 -1.563460 -2.893757 -3.129018 11.707955
117.901 -1.563460 -2.893757 -3.129018 11.707955
118.001 -1.563460 -2.893757 -3.129018 11.707955
118.101 -1.563460 -2.893757 -3.129018 11.707955
118.201 -1.563460 -2.893757 -3.129018 11.707955
