# t_sec x y yaw_rad cum_dist_m
0.130 0.000019 -0.000491 0.004684 0.000000
0.225 0.000019 -0.000491 0.004684 0.000000
0.325 0.000019 -0.000491 0.004684 0.000000
0.425 -0.000181 -0.000495 0.032609 0.000200
0.531 0.000058 -0.000484 0.057218 0.000439
0.632 -0.000060 -0.000493 0.095615 0.000558
0.725 -0.000322 -0.000525 0.128777 0.000822
0.827 -0.000243 -0.000512 0.156702 0.000902
0.928 -0.000017 -0.000476 0.200335 0.001131
1.026 -0.000504 -0.000586 0.236987 0.001631
1.126 -0.000292 -0.000531 0.263167 0.001850
1.229 -0.000216 -0.000510 0.306800 0.001930
1.325 -0.000404 -0.000572 0.333155 0.002128
1.426 -0.000688 -0.000677 0.369807 0.002431
1.526 -0.000484 -0.000591 0.404713 0.002653
1.625 -0.000503 -0.000601 0.434384 0.002674
1.725 -0.000792 -0.000738 0.476272 0.002995
1.825 -0.000775 -0.000728 0.511178 0.003015
1.926 -0.000620 -0.000635 0.544165 0.003196
2.025 -0.000627 -0.000643 0.570345 0.003206
2.127 -0.001142 -0.000986 0.613978 0.003825
2.225 -0.000771 -0.000713 0.640333 0.004286
2.327 -0.000640 -0.000615 0.673319 0.004449
2.426 0.023124 0.034195 0.702183 0.046597
2.526 0.023407 0.034446 0.733599 0.046976
2.625 0.023573 0.034597 0.761525 0.047200
2.725 0.023158 0.034187 0.805158 0.047783
2.826 0.023117 0.034145 0.838319 0.047841
2.925 0.023223 0.034266 0.866244 0.048002
3.026 0.023148 0.034172 0.909878 0.048123
3.125 0.023112 0.034125 0.936058 0.048182
3.225 0.023033 0.034013 0.967474 0.048319
3.325 0.022912 0.033831 1.016343 0.048538
3.425 0.022882 0.033778 1.044268 0.048599
3.525 0.022784 0.033605 1.085981 0.048798
3.625 0.023063 0.034161 1.116001 0.049420
3.725 0.022971 0.033959 1.145672 0.049643
3.826 0.022811 0.033588 1.185814 0.050047
3.925 0.072230 0.024093 1.225778 0.100369
4.025 0.072146 0.023846 1.267666 0.100630
4.125 0.072151 0.023867 1.300828 0.100652
4.225 0.072169 0.023941 1.333814 0.100729
4.326 0.072111 0.023672 1.367150 0.101004
4.425 0.072071 0.023455 1.400311 0.101225
4.525 0.072112 0.023731 1.429982 0.101504
4.625 0.072100 0.023618 1.473615 0.101618
4.725 0.072076 0.023340 1.496304 0.101897
4.825 0.072065 0.023103 1.543428 0.102134
4.925 0.072066 0.023140 1.569608 0.102170
5.025 0.072062 0.023319 1.599279 0.102349
5.125 0.072078 0.023018 1.644657 0.102650
5.229 0.072082 0.022963 1.676073 0.102706
5.325 0.072070 0.023056 1.705744 0.102800
5.428 0.060553 0.052017 1.724431 0.133967
5.533 0.060557 0.051996 1.750611 0.133988
5.627 0.060549 0.052035 1.776791 0.134028
5.725 0.060572 0.051939 1.827405 0.134126
5.827 0.060682 0.051542 1.848349 0.134539
5.930 0.060683 0.051525 1.893728 0.134556
6.025 0.060603 0.051751 1.928635 0.134796
6.125 0.060703 0.051494 1.956560 0.135072
6.228 0.060834 0.051182 2.000193 0.135410
6.325 0.060797 0.051263 2.028118 0.135499
6.426 0.060880 0.051104 2.059534 0.135679
6.525 0.061006 0.050874 2.094441 0.135942
6.625 0.060954 0.050961 2.136329 0.136043
6.725 0.060877 0.051076 2.164254 0.136182
6.826 0.033417 0.052226 2.166550 0.163666
6.925 0.033655 0.051882 2.189414 0.164085
7.025 0.033445 0.052165 2.215594 0.164437
7.125 0.033435 0.052188 2.255911 0.164461
7.225 0.033877 0.051671 2.289421 0.165141
7.325 0.033743 0.051819 2.314030 0.165341
7.425 0.033603 0.051963 2.354173 0.165543
7.525 0.034078 0.051505 2.397806 0.166203
7.625 0.034032 0.051544 2.427477 0.166263
7.725 0.033959 0.051609 2.474775 0.166361
7.825 0.034072 0.051524 2.499210 0.166502
7.925 0.034266 0.051385 2.530451 0.166741
8.025 0.034067 0.051516 2.577750 0.166980
8.125 0.033913 0.051607 2.607420 0.167159
8.236 0.034016 0.051549 2.635171 0.167278
8.325 0.034499 0.051301 2.685960 0.167820
8.425 0.031515 0.018856 2.705353 0.200402
8.525 0.031549 0.018843 2.729788 0.200438
8.625 0.031897 0.018689 2.778657 0.200819
8.725 0.031719 0.018755 2.804837 0.201009
8.825 0.031985 0.018667 2.834508 0.201289
8.925 0.032120 0.018629 2.881632 0.201429
9.026 0.032221 0.018603 2.913048 0.201534
9.126 0.032338 0.018578 2.932246 0.201654
9.227 0.032340 0.018581 2.982861 0.201657
9.325 0.032416 0.018570 3.012531 0.201735
9.425 0.032237 0.018589 3.040457 0.201915
9.525 0.032105 0.018599 3.091071 0.202047
9.625 0.032744 0.018579 3.117251 0.202687
9.725 0.032747 0.018575 -3.122301 0.202691
9.825 0.081252 0.008155 -3.088456 0.252302
9.925 0.081433 0.008170 -3.048313 0.252484
10.025 0.081709 0.008200 -3.023879 0.252762
10.125 0.081332 0.008143 -2.971344 0.253143
10.226 0.081939 0.008259 -2.945164 0.253761
10.325 0.081921 0.008255 -2.917414 0.253780
10.425 0.082059 0.008291 -2.875351 0.253923
10.530 0.082145 0.008312 -2.833638 0.254011
10.628 0.082127 0.008306 -2.809203 0.254030
10.725 0.082222 0.008343 -2.769061 0.254131
10.825 0.081980 0.008245 -2.726998 0.254393
10.925 0.082161 0.008329 -2.704483 0.254593
11.030 0.082162 0.008328 -2.664341 0.254594
11.125 0.082215 0.008356 -2.618962 0.254654
11.225 0.082266 0.008387 -2.596099 0.254713
11.325 0.088801 0.006598 -2.570686 0.261489
11.425 0.088983 0.006720 -2.534034 0.261708
11.526 0.088916 0.006673 -2.507854 0.261790
11.627 0.088740 0.006543 -2.469457 0.262009
11.725 0.089072 0.006812 -2.425649 0.262436
11.825 0.088895 0.006656 -2.406450 0.262672
11.925 0.089020 0.006783 -2.362817 0.262850
12.025 0.089160 0.006925 -2.327910 0.263049
12.125 0.089105 0.006868 -2.286023 0.263129
12.225 0.089207 0.006992 -2.258097 0.263290
12.325 0.089210 0.006993 -2.235408 0.263293
12.425 0.089163 0.006927 -2.183048 0.263374
12.525 0.089164 0.006927 -2.153378 0.263376
12.625 0.089216 0.007012 -2.121962 0.263475
12.725 0.090622 0.012927 -2.086714 0.269555
12.825 0.095376 0.034975 -2.014057 0.292109
12.925 0.095486 0.035213 -1.984386 0.292372
13.025 0.095440 0.035100 -1.939007 0.292493
13.125 0.095516 0.035302 -1.911082 0.292709
13.225 0.095441 0.035079 -1.879666 0.292945
13.325 0.095427 0.035038 -1.853486 0.292988
13.425 0.095634 0.035794 -1.806362 0.293772
13.525 0.095509 0.035228 -1.778437 0.294350
13.625 0.095579 0.035601 -1.731313 0.294729
13.725 0.095559 0.035462 -1.708624 0.294869
13.825 0.095582 0.035681 -1.677208 0.295089
13.925 0.095571 0.035573 -1.637066 0.295198
14.026 0.095588 0.035962 -1.596923 0.295588
14.125 0.095589 0.035921 -1.575979 0.295629
14.225 0.095592 0.035680 -1.539327 0.295870
14.325 0.092703 0.046767 -1.454002 0.307328
14.425 0.090984 0.053475 -1.400229 0.314252
14.525 0.090977 0.053516 -1.370384 0.314293
14.625 0.091048 0.053205 -1.326750 0.314612
14.725 0.090980 0.053455 -1.300570 0.314871
14.825 0.090849 0.053900 -1.269329 0.315334
14.925 0.091050 0.053313 -1.220460 0.315953
15.025 0.090927 0.053627 -1.196025 0.316291
15.125 0.090882 0.053740 -1.150647 0.316412
15.225 0.090915 0.053666 -1.115740 0.316493
15.325 0.091002 0.053503 -1.086069 0.316677
15.428 0.090813 0.053834 -1.044181 0.317058
15.526 0.090645 0.054115 -1.011020 0.317385
15.625 0.090819 0.053851 -0.979604 0.317701
15.728 0.090783 0.053899 -0.953424 0.317761
15.826 0.072347 0.055754 -0.853808 0.336290
15.927 0.072495 0.055590 -0.825882 0.336511
16.025 0.072315 0.055776 -0.777013 0.336770
16.125 0.072084 0.055994 -0.742107 0.337088
16.225 0.072053 0.056020 -0.712436 0.337127
16.325 0.072305 0.055814 -0.670374 0.337453
16.425 0.072063 0.055993 -0.633896 0.337754
16.525 0.071672 0.056273 -0.609462 0.338235
16.625 0.071888 0.056130 -0.583282 0.338494
16.725 0.072106 0.055984 -0.529176 0.338756
16.825 0.071896 0.056101 -0.504742 0.338996
16.925 0.071825 0.056140 -0.476817 0.339077
17.025 0.071750 0.056177 -0.424457 0.339160
17.126 0.071109 0.057442 -0.395185 0.340579
17.227 0.069368 0.060303 -0.358861 0.343928
17.326 0.069729 0.060180 -0.315227 0.344309
17.425 0.069596 0.060218 -0.287302 0.344447
17.525 0.069268 0.060309 -0.257632 0.344787
17.625 0.069578 0.060238 -0.203352 0.345105
17.728 0.069503 0.060254 -0.179092 0.345182
17.825 0.069522 0.060250 -0.151166 0.345203
17.925 0.068988 0.060314 -0.105788 0.345741
18.025 0.069167 0.060299 -0.076117 0.345921
18.125 0.069466 0.060278 -0.046447 0.346221
18.225 0.069242 0.060286 -0.008049 0.346446
18.325 0.069620 0.060292 0.019876 0.346823
18.425 0.069905 0.060298 0.019876 0.347108
18.525 0.069905 0.060298 0.019876 0.347108
18.626 0.069905 0.060298 0.019876 0.347108
18.725 0.069905 0.060298 0.019876 0.347108
18.825 -0.001747 0.002399 0.100919 0.439229
18.926 -0.001747 0.002399 0.100919 0.439229
19.025 -0.001747 0.002399 0.100919 0.439229
19.127 -0.001747 0.002399 0.100919 0.439229
19.225 -0.001747 0.002399 0.100919 0.439229
19.325 -0.001747 0.002399 0.100919 0.439229
19.425 -0.001747 0.002399 0.100919 0.439229
19.525 -0.001747 0.002399 0.100919 0.439229
19.625 -0.001747 0.002399 0.100919 0.439229
19.728 -0.001747 0.002399 0.100919 0.439229
19.825 -0.001747 0.002399 0.100919 0.439229
19.925 0.002252 0.002788 0.095509 0.443246
20.025 0.009644 0.003440 0.081371 0.450667
20.125 0.024716 0.004547 0.067409 0.465780
20.230 0.039841 0.005535 0.063744 0.480937
20.326 0.051294 0.006231 0.060253 0.492411
20.425 0.068839 0.007269 0.058508 0.509987
20.525 0.083007 0.008169 0.068980 0.524183
20.625 0.093688 0.008951 0.076135 0.534893
20.725 0.110465 0.010358 0.090098 0.551729
20.825 0.125429 0.011798 0.098999 0.566762
20.925 0.137028 0.012950 0.098999 0.578418
21.025 0.148187 0.014058 0.098999 0.589632
21.125 0.168255 0.016122 0.106155 0.609806
21.225 0.180034 0.017413 0.109646 0.621655
21.325 0.196680 0.019324 0.116627 0.638411
21.425 0.209057 0.020826 0.123608 0.650878
21.525 0.219254 0.022097 0.123608 0.661154
21.625 0.232284 0.023739 0.125354 0.674288
21.725 0.243981 0.025247 0.132335 0.686081
21.825 0.252032 0.026330 0.134255 0.694204
21.925 0.288185 0.048586 0.135120 0.736659
22.025 0.304771 0.055685 0.134334 0.754700
22.125 0.315681 0.057159 0.134334 0.765709
22.225 0.334048 0.059578 0.128749 0.784235
22.325 0.344586 0.060948 0.130669 0.794862
22.425 0.356573 0.062533 0.132414 0.806953
22.525 0.377645 0.065381 0.134334 0.828217
22.625 0.388679 0.066872 0.134334 0.839351
22.725 0.405566 0.069149 0.132414 0.856391
22.826 0.419539 0.071000 0.130669 0.870486
22.925 0.430743 0.072451 0.125259 0.881783
23.025 0.448170 0.074621 0.121768 0.899345
23.125 0.459569 0.075991 0.118277 0.910826
23.225 0.476120 0.077908 0.113041 0.927488
23.325 0.490437 0.079508 0.111296 0.941894
23.425 0.505225 0.081135 0.107805 0.956772
23.525 0.516405 0.082345 0.107805 0.968017
23.625 0.531738 0.083969 0.106060 0.983435
23.725 0.542686 0.085088 0.098904 0.994440
23.825 0.559526 0.086698 0.091748 1.011357
23.925 0.574208 0.087955 0.084767 1.026093
24.025 0.589405 0.089177 0.077786 1.041339
24.125 0.600613 0.090021 0.072550 1.052579
24.225 0.612251 0.090851 0.070804 1.064246
24.325 0.633039 0.092024 0.035723 1.085067
24.425 0.644242 0.092285 0.014779 1.096273
24.525 0.655531 0.092186 -0.023618 1.107562
24.625 0.675999 0.090866 -0.093431 1.128073
24.725 0.686638 0.089724 -0.109314 1.138773
24.826 0.698041 0.088428 -0.114550 1.150249
24.925 0.718167 0.085703 -0.163593 1.170560
25.028 0.776347 0.126253 -0.303956 1.241476
25.125 0.787130 0.122579 -0.344098 1.252868
25.225 0.805255 0.115353 -0.405185 1.272381
25.325 0.815260 0.110815 -0.434856 1.283367
25.425 0.823819 0.106600 -0.471507 1.292907
25.525 0.839741 0.097864 -0.520377 1.311069
25.625 0.850552 0.091394 -0.550047 1.323667
25.725 0.860521 0.085119 -0.576227 1.335447
25.825 0.877051 0.073563 -0.635568 1.355616
25.925 0.886047 0.066724 -0.654942 1.366916
26.026 0.894540 0.060007 -0.675885 1.377744
26.125 0.909441 0.047467 -0.717948 1.397220
26.225 0.928858 0.050181 -0.735396 1.416826
26.325 0.948603 0.054433 -0.749155 1.437024
26.425 0.963486 0.040331 -0.768353 1.457527
26.526 0.971824 0.032158 -0.780571 1.469202
26.625 0.980019 0.023866 -0.799769 1.480860
26.725 0.989684 0.013753 -0.811987 1.494849
26.825 1.000323 0.002318 -0.827695 1.510468
26.925 1.007448 -0.005618 -0.846893 1.521133
27.025 1.020508 -0.020887 -0.878309 1.541226
27.125 1.027408 -0.029280 -0.885290 1.552091
27.225 1.034242 -0.037702 -0.894017 1.562936
27.325 1.046109 -0.052752 -0.911470 1.582103
27.425 1.053305 -0.062122 -0.920197 1.593917
27.525 1.058832 -0.069405 -0.920197 1.603060
27.625 1.061192 -0.072495 -0.916706 1.606948
27.726 1.063422 -0.075421 -0.920197 1.610626
27.825 1.069056 -0.082893 -0.927178 1.619985
27.925 1.080272 -0.097985 -0.935905 1.638788
28.025 1.087265 -0.107600 -0.944632 1.650677
28.125 1.093674 -0.116611 -0.956849 1.661734
28.225 1.101769 -0.128347 -0.972557 1.675992
28.325 1.110049 -0.140747 -0.988265 1.690902
28.425 1.117024 -0.151537 -1.000482 1.703750
28.525 1.122365 -0.159965 -1.009209 1.713728
28.625 1.129019 -0.170790 -1.024917 1.726435
28.725 1.134690 -0.180241 -1.035389 1.737457
28.825 1.138975 -0.187517 -1.042370 1.745901
28.925 1.146052 -0.199577 -1.037134 1.759883
29.026 1.150415 -0.206933 -1.035389 1.768436
29.125 1.158264 -0.219978 -1.024917 1.783661
29.225 1.164454 -0.230050 -1.016190 1.795483
29.327 1.172429 -0.242401 -0.983029 1.810184
29.425 1.178302 -0.251028 -0.962085 1.820621
29.525 1.219557 -0.022029 -0.930459 2.053306
29.627 1.226102 -0.030525 -0.900788 2.064032
29.725 1.234484 -0.040798 -0.871118 2.077290
29.825 1.241801 -0.049274 -0.850174 2.088487
29.925 1.251893 -0.060458 -0.830975 2.103552
30.025 1.260089 -0.069312 -0.818758 2.115617
30.125 1.270237 -0.080303 -0.836211 2.130576
30.225 1.281541 -0.093141 -0.860646 2.147682
30.325 1.288955 -0.101887 -0.871118 2.159148
30.425 1.298091 -0.113066 -0.895552 2.173584
30.525 1.308293 -0.126173 -0.921732 2.190194
30.625 1.314469 -0.134556 -0.942676 2.200606
30.725 1.322361 -0.145526 -0.947912 2.214120
30.826 1.332580 -0.159711 -0.946167 2.231602
30.925 1.339545 -0.169489 -0.954893 2.243608
31.025 1.347969 -0.181496 -0.961875 2.258276
31.125 1.357878 -0.195969 -0.975837 2.275815
31.225 1.363633 -0.204583 -0.986309 2.286175
31.325 1.367279 -0.210119 -0.989800 2.292804
31.425 1.367521 -0.210488 -0.989800 2.293245
31.525 1.367982 -0.211190 -0.989800 2.294085
31.625 1.368465 -0.211927 -0.989800 2.294966
31.725 1.369353 -0.213335 -1.066595 2.296631
31.827 1.369239 -0.213118 -1.118780 2.296876
31.925 1.369247 -0.213096 -1.200985 2.296900
32.025 1.369260 -0.213133 -1.258406 2.296939
32.125 1.369263 -0.213132 -1.314431 2.296941
32.225 1.369282 -0.213209 -1.412170 2.297020
32.325 1.348925 -0.183077 -1.489701 2.333384
32.426 1.348938 -0.183318 -1.549042 2.333626
32.525 1.348716 -0.187827 -1.627582 2.338140
32.625 1.348064 -0.195536 -1.671215 2.345877
32.725 1.347076 -0.204062 -1.688668 2.354460
32.825 1.345221 -0.218620 -1.700885 2.369135
32.926 1.343253 -0.232698 -1.721829 2.383350
33.026 1.340658 -0.248138 -1.749755 2.399007
33.129 1.338015 -0.261952 -1.767208 2.413072
33.225 1.366268 -0.304899 -1.764361 2.464479
33.325 1.363426 -0.318184 -1.795777 2.478064
33.430 1.359928 -0.331973 -1.835920 2.492290
33.529 1.357288 -0.341098 -1.863845 2.501789
33.625 1.353695 -0.352124 -1.900497 2.513386
33.725 1.348888 -0.365097 -1.938894 2.527221
33.825 1.345563 -0.373261 -1.968565 2.536036
33.925 1.339439 -0.386948 -2.008707 2.551031
34.025 1.335355 -0.395318 -2.036633 2.560344
34.129 1.331129 -0.403759 -2.024415 2.569784
34.225 1.323473 -0.420059 -1.994745 2.587792
34.325 1.318996 -0.430379 -1.972055 2.599041
34.425 1.315117 -0.440154 -1.933658 2.609557
34.525 1.310348 -0.453554 -1.907478 2.623781
34.625 1.306245 -0.465434 -1.898752 2.636350
34.725 1.301758 -0.478819 -1.891770 2.650467
34.825 1.296996 -0.493470 -1.881298 2.665872
34.925 1.293638 -0.504062 -1.874317 2.676984
35.045 1.290223 -0.515120 -1.869081 2.688557
35.129 1.285085 -0.532684 -1.837665 2.706857
35.225 1.283009 -0.540833 -1.809740 2.715266
35.325 1.293711 -0.548807 -1.725058 2.728613
35.425 1.291731 -0.563471 -1.690151 2.743410
35.525 1.290570 -0.574696 -1.665717 2.754695
35.625 1.289313 -0.591789 -1.627319 2.771834
35.725 1.288748 -0.605022 -1.608121 2.785079
35.825 1.288535 -0.612804 -1.595903 2.792864
35.925 1.288365 -0.631424 -1.567978 2.811485
36.025 1.288516 -0.643405 -1.552270 2.823467
36.125 1.288903 -0.655128 -1.529581 2.835196
36.225 1.290101 -0.675490 -1.494674 2.855593
36.325 1.291163 -0.687506 -1.475476 2.867657
36.425 1.293055 -0.705083 -1.452786 2.885335
36.525 1.294869 -0.719420 -1.438824 2.899787
36.625 1.296356 -0.729949 -1.424512 2.910420
36.725 1.298036 -0.741107 -1.419276 2.921704
36.825 1.301319 -0.761507 -1.403219 2.942366
36.925 1.303245 -0.772493 -1.390827 2.953519
37.025 1.306081 -0.787578 -1.376690 2.968869
37.125 1.308903 -0.801791 -1.374770 2.983359
37.225 1.311203 -0.813182 -1.371105 2.994980
37.325 1.314793 -0.830674 -1.367440 3.012837
37.425 1.317919 -0.845588 -1.363775 3.028075
37.525 1.320361 -0.857189 -1.363775 3.039930
37.625 1.322752 -0.868571 -1.363775 3.051560
37.725 1.326828 -0.888159 -1.367440 3.071568
37.828 1.329202 -0.899726 -1.369360 3.083376
37.925 1.331471 -0.910912 -1.371105 3.094790
38.029 1.335267 -0.930083 -1.378435 3.114334
38.125 1.337444 -0.941345 -1.382101 3.125804
38.225 1.339641 -0.952880 -1.384020 3.137546
38.325 1.343330 -0.972733 -1.389431 3.157739
38.425 1.377723 -0.985431 -1.357268 3.194401
38.525 1.446103 -1.000448 -1.284575 3.264411
38.625 1.449283 -1.011383 -1.288240 3.275799
38.726 1.453377 -1.026102 -1.318085 3.291077
38.825 1.457304 -1.043231 -1.366954 3.308650
38.925 1.459451 -1.054761 -1.398370 3.320378
39.025 1.461843 -1.069864 -1.428041 3.335670
39.125 1.463811 -1.086295 -1.461202 3.352218
39.225 1.464956 -1.097723 -1.476910 3.363703
39.325 1.466075 -1.111814 -1.499599 3.377838
39.425 1.467030 -1.129647 -1.527525 3.395697
39.525 1.467424 -1.141267 -1.544978 3.407324
39.625 1.467574 -1.152358 -1.562431 3.418416
39.727 1.467511 -1.171886 -1.583375 3.437944
39.825 1.467247 -1.183488 -1.599083 3.449549
39.925 1.466842 -1.194819 -1.609555 3.460887
40.025 1.465833 -1.214547 -1.630499 3.480641
40.125 1.465081 -1.226409 -1.635735 3.492526
40.225 1.464341 -1.237408 -1.639226 3.503551
40.325 1.462834 -1.258191 -1.644462 3.524388
40.425 1.461925 -1.270087 -1.647952 3.536319
40.525 1.461021 -1.281532 -1.651443 3.547799
40.627 1.459503 -1.299892 -1.654934 3.566222
40.725 1.458602 -1.310582 -1.654934 3.576950
40.825 1.457598 -1.322487 -1.654934 3.588897
40.925 1.455524 -1.343361 -1.696822 3.609874
41.025 1.453711 -1.355090 -1.740455 3.621742
41.125 1.451610 -1.365741 -1.771871 3.632599
41.225 1.447494 -1.385852 -1.773616 3.653127
41.326 1.445161 -1.397424 -1.764889 3.664931
41.425 1.443021 -1.408616 -1.757908 3.676326
41.526 1.448457 -1.467181 -1.846851 3.735143
41.625 1.445775 -1.476888 -1.834634 3.745214
41.725 1.443232 -1.486465 -1.825907 3.755123
41.825 1.438422 -1.506370 -1.792746 3.775600
41.925 1.435846 -1.517857 -1.791001 3.787372
42.025 1.432657 -1.532060 -1.792746 3.801929
42.125 1.429466 -1.546267 -1.791001 3.816490
42.225 1.425608 -1.563408 -1.792746 3.834060
42.325 1.422598 -1.576748 -1.792746 3.847735
42.427 1.420439 -1.586314 -1.792746 3.857542
42.526 1.417428 -1.599659 -1.792746 3.871222
42.625 1.415300 -1.609090 -1.792746 3.880890
42.725 1.414492 -1.612893 -1.766566 3.884778
42.825 1.414542 -1.612614 -1.745622 3.885061
42.925 1.414589 -1.612326 -1.729914 3.885353
43.027 1.414605 -1.612226 -1.729914 3.885454
43.125 1.414605 -1.612226 -1.729914 3.885454
43.225 1.414605 -1.612226 -1.729914 3.885454
43.326 1.414654 -1.611990 -1.777038 3.885695
43.425 1.414672 -1.611913 -1.820671 3.885775
43.525 1.413978 -1.613880 -1.928882 3.887861
43.625 1.412272 -1.617863 -1.998695 3.892193
43.725 1.410557 -1.621212 -2.068508 3.895956
43.825 1.406353 -1.627849 -2.180209 3.903813
43.925 1.403915 -1.631076 -2.243041 3.907857
44.025 1.401564 -1.633833 -2.298717 3.911480
44.125 1.398073 -1.637417 -2.370450 3.916484
44.226 1.392019 -1.642775 -2.445499 3.924568
44.325 1.387222 -1.646514 -2.494368 3.930651
44.426 1.407597 -1.599771 -2.570079 3.981642
44.525 1.401358 -1.603590 -2.606731 3.988957
44.625 1.393826 -1.607766 -2.648619 3.997569
44.725 1.381105 -1.614068 -2.704470 4.011766
44.825 1.364943 -1.621075 -2.753339 4.029381
44.927 1.350966 -1.626378 -2.795227 4.044331
45.027 1.340331 -1.629961 -2.828388 4.055553
45.132 1.326187 -1.634279 -2.861549 4.070341
45.228 1.292995 -1.682670 -2.881162 4.129022
45.325 1.278053 -1.695668 -2.893328 4.148826
45.425 1.265371 -1.698770 -2.907291 4.161882
45.527 1.249322 -1.702128 -2.957906 4.178278
45.625 1.238003 -1.703956 -2.996303 4.189743
45.725 1.224111 -1.705639 -3.031209 4.203737
45.825 1.209458 -1.706890 -3.074843 4.218443
45.925 1.200009 -1.707346 -3.106259 4.227903
46.025 1.186333 -1.707456 3.129803 4.241580
46.125 1.175952 -1.707088 3.093151 4.251967
46.225 1.167927 -1.706547 3.065226 4.260011
46.328 1.157771 -1.705537 3.032064 4.270216
46.427 1.146497 -1.704067 3.000648 4.281586
46.526 1.139155 -1.702891 2.969232 4.289021
46.627 1.133381 -1.701758 2.934326 4.294906
46.725 1.117116 -1.709155 2.924174 4.312773
46.825 1.116800 -1.709085 2.924174 4.313097
46.925 1.116383 -1.708988 2.906546 4.313526
47.025 1.116656 -1.709058 2.854186 4.313808
47.125 1.116274 -1.708933 2.817534 4.314209
47.225 1.116143 -1.708886 2.784373 4.314349
47.325 1.112324 -1.707363 2.763429 4.318460
47.425 1.104912 -1.704443 2.769014 4.326427
47.525 1.097576 -1.701604 2.775995 4.334292
47.625 1.083513 -1.696307 2.790307 4.349320
47.725 1.076022 -1.693599 2.799208 4.357286
47.825 1.068604 -1.691046 2.813345 4.365131
47.926 1.058951 -1.687831 2.823992 4.375306
48.025 1.047490 -1.684140 2.834813 4.387346
48.127 1.042429 -1.682413 2.785944 4.392693
48.225 1.042457 -1.682432 2.675988 4.392727
48.325 1.042073 -1.682227 2.583486 4.393163
48.425 1.042105 -1.682251 2.496219 4.393204
48.525 1.042114 -1.682272 2.358338 4.393227
48.625 1.042109 -1.682274 2.222202 4.393232
48.725 1.042010 -1.682124 2.108756 4.393411
48.825 1.054139 -1.738226 1.942535 4.450809
48.925 1.061221 -1.777091 1.799152 4.490315
49.025 1.060103 -1.771710 1.759010 4.495811
49.125 1.059281 -1.767071 1.746793 4.500522
49.225 1.056328 -1.750872 1.753774 4.516988
49.326 1.038336 -1.705417 1.822352 4.565874
49.425 1.034471 -1.692718 1.841152 4.579148
49.527 1.030395 -1.678958 1.869077 4.593499
49.625 1.025269 -1.663464 1.902239 4.609819
49.725 1.021417 -1.652790 1.921437 4.621167
49.826 1.017154 -1.641648 1.944127 4.633096
49.925 1.008983 -1.622629 2.006958 4.653797
50.025 1.003806 -1.612100 2.041865 4.665530
50.125 0.996732 -1.598834 2.064554 4.680564
50.225 0.987947 -1.583294 2.097715 4.698414
50.325 0.982269 -1.573657 2.106442 4.709600
50.425 0.976742 -1.564428 2.111678 4.720358
50.525 0.966076 -1.547477 2.155311 4.740385
50.626 0.959232 -1.537505 2.184982 4.752480
50.725 0.952262 -1.527846 2.197199 4.764391
50.825 0.943516 -1.515777 2.198945 4.779296
50.925 0.880959 -1.535470 2.378427 4.844880
51.025 0.872186 -1.527085 2.380172 4.857015
51.125 0.857078 -1.512740 2.382092 4.877849
51.225 0.848440 -1.504539 2.382092 4.889759
51.325 0.840000 -1.496403 2.364639 4.901483
51.425 0.831702 -1.488086 2.346837 4.913231
51.525 0.817019 -1.472750 2.338285 4.934463
51.625 0.809325 -1.464819 2.345266 4.945513
51.725 0.795402 -1.450305 2.319086 4.965625
51.825 0.788058 -1.442172 2.298142 4.976584
51.926 0.780750 -1.434090 2.319086 4.987480
52.025 0.766585 -1.419284 2.350502 5.007970
52.125 0.758353 -1.411259 2.383663 5.019466
52.225 0.750174 -1.403813 2.414904 5.030527
52.325 0.736422 -1.392370 2.470930 5.048417
52.426 0.728944 -1.386709 2.505836 5.057796
52.525 0.720592 -1.380571 2.500426 5.068161
52.625 0.704996 -1.368880 2.495015 5.087653
52.725 0.695934 -1.362039 2.495015 5.099007
52.826 0.686991 -1.355289 2.495015 5.110211
52.928 0.675182 -1.346330 2.489605 5.125034
53.025 0.661040 -1.335293 2.471977 5.142974
53.125 0.651977 -1.328041 2.466741 5.154581
53.225 0.640174 -1.318589 2.464821 5.169702
53.329 0.626250 -1.307403 2.464821 5.187563
53.425 0.617078 -1.300064 2.466741 5.199310
53.525 0.606433 -1.291546 2.466741 5.212943
53.625 0.595157 -1.282540 2.468486 5.227373
53.725 0.588441 -1.277180 2.468486 5.235967
53.825 0.577540 -1.268512 2.470406 5.249894
53.925 0.570729 -1.263104 2.470406 5.258591
54.025 0.564479 -1.258140 2.470406 5.266572
54.125 0.482045 -1.283631 2.447355 5.352858
54.225 0.467861 -1.272186 2.478596 5.371083
54.325 0.458529 -1.265244 2.520659 5.382714
54.425 0.441869 -1.254527 2.607925 5.402524
54.525 0.431646 -1.248810 2.639341 5.414237
54.625 0.421259 -1.243341 2.667266 5.425976
54.725 0.407605 -1.236642 2.693795 5.441184
54.825 0.392097 -1.229502 2.719801 5.458257
54.925 0.381969 -1.225018 2.728877 5.469334
55.025 0.370304 -1.220016 2.741443 5.482026
55.125 0.355934 -1.214292 2.783331 5.497494
55.225 0.345399 -1.210594 2.816492 5.508659
55.325 0.332426 -1.206565 2.853144 5.522243
55.425 0.315490 -1.201711 2.870772 5.539861
55.525 0.304549 -1.198870 2.900442 5.551164
55.625 0.291494 -1.196019 2.944076 5.564527
55.725 0.274877 -1.193181 2.991200 5.581385
55.825 0.262703 -1.191590 3.024361 5.593663
55.925 0.251509 -1.190496 3.057522 5.604910
56.025 0.232190 -1.189401 3.108137 5.624260
56.125 0.221001 -1.189233 3.137807 5.635450
56.225 0.206775 -1.215410 -3.031585 5.665243
56.325 0.186147 -1.221659 -2.982743 5.686796
56.426 0.175016 -1.223481 -2.975761 5.698076
56.525 0.157884 -1.226348 -2.975761 5.715446
56.625 0.144067 -1.228685 -2.974016 5.729460
56.725 0.132568 -1.230646 -2.972271 5.741124
56.825 0.121373 -1.232571 -2.970525 5.752484
56.925 0.101319 -1.236066 -2.967035 5.772840
57.025 0.090710 -1.237937 -2.967035 5.783613
57.125 0.079545 -1.239921 -2.965289 5.794952
57.225 0.059017 -1.243605 -2.963544 5.815808
57.325 0.048023 -1.245598 -2.961799 5.826981
57.427 0.037103 -1.247597 -2.960053 5.838083
57.526 0.017758 -1.251184 -2.956563 5.857758
57.625 0.006314 -1.253336 -2.954817 5.869402
57.725 -0.005347 -1.255556 -2.953072 5.881273
57.825 -0.025353 -1.259506 -2.942600 5.901665
57.925 -0.037031 -1.261871 -2.940855 5.913580
58.025 -0.048497 -1.264251 -2.935619 5.925290
58.125 -0.067422 -1.268312 -2.923402 5.944647
58.225 -0.077354 -1.270568 -2.916420 5.954832
58.325 -0.087657 -1.273025 -2.900712 5.965423
58.425 -0.107791 -1.278294 -2.876103 5.986235
58.525 -0.119450 -1.281531 -2.868947 5.998335
58.625 -0.135965 -1.286327 -2.852890 6.015533
58.725 -0.148266 -1.290037 -2.843989 6.028381
58.825 -0.156816 -1.292719 -2.834913 6.037341
58.925 -0.166685 -1.295870 -2.831248 6.047701
59.028 -0.186071 -1.302156 -2.825663 6.068081
59.126 -0.197099 -1.305783 -2.821998 6.079690
59.225 -0.209737 -1.309985 -2.818333 6.093009
59.326 -0.217976 -1.384329 -2.704419 6.167807
59.425 -0.225625 -1.409528 -2.661971 6.194142
59.525 -0.235947 -1.414862 -2.672443 6.205761
59.625 -0.250568 -1.421759 -2.724628 6.221927
59.726 -0.259287 -1.425411 -2.757964 6.231379
59.825 -0.269901 -1.429382 -2.801597 6.242712
59.925 -0.279726 -1.432704 -2.810149 6.253084
60.025 -0.281353 -1.433266 -2.804913 6.254805
60.125 -0.286497 -1.435208 -2.768087 6.260303
60.225 -0.301968 -1.442293 -2.672093 6.277319
60.329 -0.312094 -1.447936 -2.609436 6.288912
60.425 -0.324584 -1.456091 -2.532467 6.303828
60.526 -0.338344 -1.466753 -2.448866 6.321236
60.626 -0.346814 -1.474282 -2.394761 6.332568
60.725 -0.356844 -1.484347 -2.331754 6.346778
60.825 -0.368340 -1.497443 -2.263861 6.364203
60.925 -0.375265 -1.506217 -2.227034 6.375381
61.026 -0.382904 -1.516601 -2.188812 6.388272
61.125 -0.374430 -1.534836 -2.067411 6.408381
61.225 -0.374525 -1.545012 -2.019458 6.418557
61.325 -0.380813 -1.558739 -1.989787 6.433655
61.426 -0.387247 -1.574045 -1.954881 6.450259
61.525 -0.391266 -1.584769 -1.912993 6.461711
61.625 -0.395196 -1.596742 -1.869360 6.474313
61.725 -0.400330 -1.616403 -1.794310 6.494633
61.825 -0.402689 -1.628187 -1.754168 6.506650
61.925 -0.404483 -1.639552 -1.712280 6.518156
62.025 -0.406620 -1.658760 -1.658175 6.537483
62.125 -0.407432 -1.670527 -1.630249 6.549278
62.229 -0.407902 -1.681143 -1.604069 6.559905
62.347 -0.410710 -1.693396 -1.578176 6.572475
62.425 -0.412225 -1.713847 -1.542863 6.592982
62.525 -0.411509 -1.730339 -1.511447 6.609489
62.625 -0.410627 -1.741799 -1.483522 6.620983
62.726 -0.408900 -1.759825 -1.467814 6.639092
62.825 -0.408001 -1.768005 -1.457342 6.647322
62.925 -0.405585 -1.786426 -1.431162 6.665900
63.025 -0.404022 -1.796903 -1.417199 6.676493
63.125 -0.401406 -1.812551 -1.398001 6.692358
63.225 -0.399373 -1.823547 -1.384038 6.703541
63.326 -0.396314 -1.838423 -1.357684 6.718728
63.425 -0.393627 -1.850144 -1.340056 6.730752
63.525 -0.391034 -1.860455 -1.317367 6.741385
63.625 -0.386491 -1.876917 -1.290838 6.758463
63.726 -0.384111 -1.884985 -1.280366 6.766874
63.825 -0.378973 -1.901378 -1.255757 6.784053
63.925 -0.375579 -1.911563 -1.247030 6.794789
64.025 -0.371578 -1.923005 -1.229402 6.806911
64.125 -0.364256 -1.942928 -1.215265 6.828136
64.225 -0.360129 -1.954012 -1.211600 6.839963
64.325 -0.353782 -1.967833 -1.206934 6.855172
64.428 -0.310898 -2.026727 -1.153738 6.928025
64.525 -0.306816 -2.036005 -1.157404 6.938161
64.625 -0.302740 -2.045389 -1.162989 6.948393
64.726 -0.297620 -2.057372 -1.170319 6.961423
64.825 -0.294388 -2.065053 -1.173984 6.969756
64.926 -0.291469 -2.072234 -1.201910 6.977508
65.025 -0.290786 -2.074139 -1.296157 6.979532
65.125 -0.290714 -2.074412 -1.374697 6.979814
65.225 -0.290834 -2.073534 -1.461964 6.980700
65.325 -0.290841 -2.072663 -1.615553 6.981571
65.425 -0.290819 -2.072404 -1.702819 6.981831
65.525 -0.290754 -2.072016 -1.790086 6.982224
65.625 -0.290606 -2.071530 -1.941929 6.982733
65.725 -0.290794 -2.071937 -2.025705 6.983182
65.825 -0.290887 -2.072024 -2.158175 6.983309
65.927 -0.291413 -2.072734 -2.273542 6.984193
66.028 -0.240784 -2.156302 -2.484658 7.081901
66.125 -0.244224 -2.158528 -2.608751 7.085999
66.228 -0.247879 -2.160486 -2.671583 7.090145
66.325 -0.257570 -2.164437 -2.805973 7.100611
66.425 -0.306166 -2.169242 -2.827640 7.149443
66.525 -0.313816 -2.171331 -2.900944 7.157374
66.625 -0.323191 -2.173083 -3.012645 7.166911
66.725 -0.326254 -2.173368 -3.070241 7.169987
66.825 -0.327372 -2.173422 -3.124346 7.171107
66.925 -0.328676 -2.173356 3.064592 7.172412
67.025 -0.329416 -2.173274 3.015722 7.173156
67.125 -0.331154 -2.171430 2.973046 7.175691
67.225 -0.349172 -2.152318 2.949896 7.201957
67.325 -0.356927 -2.150599 2.911498 7.209899
67.425 -0.367492 -2.147837 2.871356 7.220820
67.525 -0.385971 -2.142079 2.813585 7.240175
67.625 -0.395839 -2.138478 2.778679 7.250680
67.725 -0.405970 -2.134437 2.754244 7.261587
67.825 -0.429898 -2.133145 2.720046 7.285550
67.925 -0.452635 -2.131176 2.695437 7.308372
68.025 -0.464702 -2.125175 2.674493 7.321849
68.125 -0.474971 -2.119984 2.672574 7.333355
68.228 -0.491048 -2.111876 2.674493 7.351361
68.325 -0.503564 -2.105564 2.674493 7.365379
68.425 -0.512961 -2.100825 2.674493 7.375903
68.525 -0.525553 -2.094712 2.700673 7.389901
68.625 -0.540897 -2.087839 2.739245 7.406714
68.725 -0.551215 -2.083579 2.756698 7.417877
68.825 -0.564356 -2.078550 2.790034 7.431947
68.925 -0.580182 -2.073239 2.838903 7.448640
69.025 -0.593765 -2.069340 2.875555 7.462772
69.125 -0.604881 -2.066343 2.879221 7.474284
69.225 -0.616254 -2.063339 2.884631 7.486048
69.325 -0.633042 -2.059083 2.898943 7.503366
69.425 -0.647462 -2.055607 2.911335 7.518199
69.525 -0.663758 -2.052131 2.947986 7.534862
69.626 -0.675476 -2.050095 2.981148 7.546755
69.725 -0.690203 -2.048052 3.017800 7.561623
69.826 -0.707620 -2.046370 3.061433 7.579122
69.925 -0.716238 -2.045667 3.059688 7.587769
70.025 -0.718236 -2.045503 3.059688 7.589773
70.125 -0.747561 -2.067538 -3.131468 7.626454
70.225 -0.759644 -2.068325 -3.122587 7.638563
70.325 -0.773316 -2.068609 -3.119097 7.652238
70.425 -0.784940 -2.068881 -3.117351 7.663865
70.525 -0.799239 -2.069227 -3.117351 7.678169
70.625 -0.800556 -2.069259 -3.117351 7.679486
70.725 -0.804469 -2.069354 -3.117351 7.683400
70.825 -0.813734 -2.069579 -3.117351 7.692668
70.925 -0.832051 -2.070046 -3.115606 7.710990
71.025 -0.844277 -2.070381 -3.113861 7.723221
71.125 -0.856805 -2.070728 -3.113861 7.735755
71.225 -0.858322 -2.070770 -3.113861 7.737272
71.325 -0.858245 -2.070768 -3.113861 7.737349
71.425 -0.858064 -2.070763 -3.113861 7.737529
71.525 -0.858064 -2.070763 -3.113861 7.737529
71.625 -0.858064 -2.070763 -3.113861 7.737529
71.725 -0.858064 -2.070763 -3.113861 7.737529
71.825 -0.858064 -2.070763 -3.113861 7.737529
71.927 -0.858064 -2.070763 -3.113861 7.737529
72.025 -0.858064 -2.070763 -3.113861 7.737529
72.125 -0.858064 -2.070763 -3.113861 7.737529
72.225 -0.858064 -2.070763 -3.113861 7.737529
72.325 -0.858064 -2.070763 -3.113861 7.737529
72.425 -0.858064 -2.070763 -3.113861 7.737529
72.525 -0.858064 -2.070763 -3.113861 7.737529
72.625 -0.858064 -2.070763 -3.113861 7.737529
72.725 -0.858064 -2.070763 -3.113861 7.737529
72.825 -0.858064 -2.070763 -3.113861 7.737529
72.925 -0.858064 -2.070763 -3.113861 7.737529
73.025 -0.858064 -2.070763 -3.113861 7.737529
73.125 -0.858064 -2.070763 -3.113861 7.737529
73.225 -0.858064 -2.070763 -3.113861 7.737529
73.325 -0.827365 -2.076221 -3.066773 7.768710
73.425 -0.827365 -2.076221 -3.066773 7.768710
73.525 -0.827365 -2.076221 -3.066773 7.768710
73.625 -0.827365 -2.076221 -3.066773 7.768710
73.737 -0.827365 -2.076221 -3.066773 7.768710
73.825 -0.827346 -2.076219 -3.066773 7.768729
73.926 -0.832710 -2.076642 -3.061537 7.774110
74.025 -0.840924 -2.077371 -3.049319 7.782356
74.125 -0.853539 -2.078667 -3.030121 7.795037
74.225 -0.868816 -2.080606 -3.007431 7.810437
74.325 -0.874833 -2.081418 -3.007431 7.816508
74.425 -0.876390 -2.081628 -3.007431 7.818079
74.525 -0.883900 -2.082869 -2.969034 7.825691
74.625 -0.891029 -2.084230 -2.944599 7.832949
74.725 -0.900691 -2.086259 -2.934127 7.842821
74.825 -0.901374 -2.086403 -2.934127 7.843519
74.925 -0.904936 -2.087179 -2.923656 7.847165
75.025 -0.918533 -2.090404 -2.897476 7.861140
75.125 -0.932832 -2.094028 -2.892240 7.875891
75.225 -0.939524 -2.095753 -2.887004 7.882801
75.325 -0.954177 -2.099621 -2.883513 7.897956
75.425 -0.967079 -2.103046 -2.881768 7.911305
75.525 -0.975124 -2.105215 -2.878277 7.919637
75.625 -0.977205 -2.105776 -2.878277 7.921792
75.725 -0.983963 -2.107710 -2.853842 7.928822
75.825 -0.993060 -2.110567 -2.824172 7.938357
75.925 -1.003461 -2.114239 -2.791010 7.949387
76.025 -1.022055 -2.121810 -2.726259 7.969464
76.125 -1.033567 -2.127091 -2.707060 7.982129
76.225 -1.049082 -2.134554 -2.685593 7.999346
76.325 -1.061436 -2.140963 -2.645450 8.013263
76.425 -1.073986 -2.161312 -2.578576 8.037170
76.525 -1.093372 -2.199554 -2.462706 8.080046
76.625 -1.104057 -2.208592 -2.426054 8.094040
76.725 -1.112182 -2.215828 -2.410172 8.104920
76.825 -1.123185 -2.226069 -2.383643 8.119952
76.925 -1.131681 -2.234456 -2.346991 8.131890
77.025 -1.138561 -2.241816 -2.308593 8.141965
77.125 -1.148012 -2.252398 -2.290791 8.156153
77.226 -1.158511 -2.264712 -2.264611 8.172335
77.325 -1.165279 -2.272951 -2.256059 8.182998
77.425 -1.173935 -2.283593 -2.250648 8.196716
77.525 -1.184395 -2.296596 -2.249078 8.213403
77.625 -1.192113 -2.306145 -2.250998 8.225682
77.726 -1.199641 -2.315450 -2.250998 8.237651
77.825 -1.212192 -2.330965 -2.250998 8.257607
77.925 -1.217599 -2.337675 -2.249078 8.266224
78.025 -1.231015 -2.354324 -2.249078 8.287605
78.125 -1.238314 -2.363333 -2.252568 8.299200
78.225 -1.247782 -2.374923 -2.257979 8.314166
78.325 -1.258711 -2.388257 -2.257979 8.331407
78.425 -1.266224 -2.397412 -2.257979 8.343250
78.525 -1.273665 -2.406512 -2.256233 8.355004
78.625 -1.286886 -2.422689 -2.256233 8.375897
78.725 -1.294210 -2.431682 -2.252568 8.387495
78.825 -1.303375 -2.442983 -2.250648 8.402045
78.925 -1.312989 -2.454853 -2.252568 8.417320
79.025 -1.318570 -2.461717 -2.254314 8.426167
79.125 -1.324308 -2.468742 -2.256233 8.435238
79.225 -1.332765 -2.479069 -2.257979 8.448586
79.326 -1.335915 -2.482916 -2.256233 8.453557
79.425 -1.336338 -2.483436 -2.254314 8.454228
79.525 -1.297219 -2.547096 -2.255398 8.528947
79.625 -1.284379 -2.568086 -2.255755 8.553552
79.725 -1.284379 -2.568086 -2.255755 8.553552
79.825 -1.284379 -2.568086 -2.255755 8.553552
79.925 -1.284379 -2.568086 -2.255755 8.553552
80.031 -1.284379 -2.568086 -2.255755 8.553552
80.125 -1.284379 -2.568086 -2.255755 8.553552
80.225 -1.284379 -2.568086 -2.255755 8.553552
80.325 -1.284379 -2.568086 -2.255755 8.553552
80.425 -1.284379 -2.568086 -2.255755 8.553552
80.525 -1.284379 -2.568086 -2.255755 8.553552
80.625 -1.284379 -2.568086 -2.259420 8.553552
80.725 -1.284598 -2.568327 -2.346686 8.553879
80.825 -1.284523 -2.568257 -2.395381 8.553982
80.925 -1.284281 -2.568069 -2.510747 8.554288
81.025 -1.284200 -2.568008 -2.643392 8.554390
81.126 -1.285187 -2.568467 -2.734150 8.555478
81.225 -1.286259 -2.568853 -2.847596 8.556618
81.325 -1.286115 -2.568840 -2.978496 8.556762
81.426 -1.286155 -2.568845 -3.067507 8.556802
81.525 -1.288104 -2.568843 3.114449 8.558751
81.625 -1.291893 -2.568446 2.995766 8.562561
81.725 -1.316068 -2.570882 2.874938 8.586858
81.825 -1.342654 -2.566929 2.741216 8.613736
81.925 -1.357738 -2.559137 2.615552 8.630714
82.030 -1.367082 -2.553149 2.543994 8.641812
82.125 -1.375899 -2.546688 2.489889 8.652743
82.225 -1.392930 -2.532265 2.400877 8.675061
82.325 -1.426936 -2.546369 2.369223 8.711875
82.425 -1.440781 -2.531661 2.290683 8.732075
82.525 -1.448492 -2.522205 2.233088 8.744276
82.625 -1.458285 -2.508365 2.156293 8.761231
82.725 -1.465627 -2.496517 2.103933 8.775169
82.825 -1.471534 -2.485922 2.065536 8.787299
82.925 -1.514383 -2.483384 2.034925 8.830223
83.025 -1.520261 -2.470783 1.991292 8.844128
83.129 -1.524639 -2.460445 1.958131 8.855355
83.226 -1.529477 -2.447759 1.919734 8.868932
83.325 -1.535083 -2.430832 1.870864 8.886764
83.425 -1.538965 -2.417143 1.835958 8.900992
83.525 -1.541803 -2.406065 1.815014 8.912428
83.625 -1.544362 -2.395119 1.792325 8.923668
83.725 -1.548325 -2.374765 1.741710 8.944405
83.825 -1.556732 -2.367899 1.730645 8.955260
83.925 -1.566745 -2.361375 1.734923 8.967210
84.025 -1.569688 -2.341773 1.705252 8.987033
84.125 -1.571061 -2.330981 1.691290 8.997911
84.225 -1.572181 -2.320112 1.665110 9.008838
84.325 -1.573835 -2.299012 1.633694 9.030003
84.425 -1.574378 -2.287984 1.617986 9.041044
84.525 -1.575190 -2.269393 1.611005 9.059653
84.625 -1.575730 -2.255349 1.607514 9.073707
84.725 -1.576169 -2.242955 1.604023 9.086109
84.825 -1.576635 -2.228412 1.602103 9.100660
84.925 -1.577107 -2.213324 1.602103 9.115754
85.025 -1.577590 -2.195702 1.593377 9.133384
85.125 -1.577914 -2.180792 1.591457 9.148297
85.225 -1.578209 -2.166503 1.591457 9.162589
85.325 -1.578451 -2.154555 1.591457 9.174540
85.426 -1.578689 -2.142769 1.591457 9.186328
85.525 -1.579111 -2.121880 1.591457 9.207221
85.625 -1.579316 -2.110135 1.587792 9.218968
85.725 -1.579503 -2.098557 1.586046 9.230547
85.825 -1.579728 -2.081137 1.582556 9.247968
85.925 -1.579978 -2.063240 1.586221 9.265867
86.025 -1.580115 -2.054366 1.586221 9.274743
86.125 -1.580442 -2.036096 1.589886 9.293016
86.225 -1.580823 -2.018378 1.593551 9.310737
86.325 -1.581150 -2.004031 1.593551 9.325088
86.425 -1.581412 -1.992704 1.595471 9.336419
86.525 -1.581798 -1.978093 1.597216 9.351034
86.625 -1.582352 -1.960694 1.607863 9.368442
86.732 -1.582950 -1.947826 1.623571 9.381324
86.825 -1.583786 -1.933183 1.630552 9.395991
86.925 -1.648787 -1.921788 1.627901 9.461983
87.025 -1.656418 -1.910781 1.627041 9.475376
87.125 -1.657351 -1.893581 1.623550 9.492601
87.225 -1.657786 -1.885063 1.621805 9.501131
87.325 -1.658675 -1.867642 1.621805 9.518574
87.433 -1.659602 -1.849477 1.621805 9.536763
87.526 -1.660345 -1.834934 1.621805 9.551324
87.625 -1.660950 -1.823074 1.621805 9.563200
87.725 -1.661734 -1.808138 1.623550 9.578157
87.825 -1.662695 -1.790417 1.625295 9.595904
87.925 -1.663336 -1.778672 1.625295 9.607666
88.025 -1.664292 -1.761252 1.625295 9.625112
88.126 -1.665088 -1.746658 1.625295 9.639728
88.225 -1.665677 -1.735494 1.623550 9.650907
88.325 -1.666483 -1.720627 1.623550 9.665796
88.425 -1.667425 -1.703736 1.628786 9.682714
88.525 -1.668165 -1.691877 1.634022 9.694595
88.625 -1.669360 -1.674610 1.641003 9.711904
88.725 -1.670017 -1.665560 1.644494 9.720978
88.825 -1.671331 -1.647981 1.646239 9.738606
88.925 -1.672718 -1.630240 1.649730 9.756401
89.025 -1.673417 -1.621595 1.651475 9.765074
89.125 -1.674915 -1.603594 1.654966 9.783137
89.225 -1.676419 -1.586128 1.658457 9.800668
89.325 -1.677194 -1.577304 1.658457 9.809527
89.425 -1.678807 -1.559471 1.665438 9.827432
89.525 -1.680512 -1.542705 1.675910 9.844285
89.625 -1.681454 -1.534187 1.684637 9.852854
89.725 -1.683602 -1.516453 1.698599 9.870718
89.825 -1.686014 -1.498386 1.696854 9.888945
89.925 -1.687003 -1.490322 1.691618 9.897070
90.027 -1.688951 -1.473521 1.689873 9.913983
90.126 -1.739989 -1.335087 1.717508 10.061526
90.225 -1.742977 -1.322405 1.725017 10.074555
90.325 -1.745206 -1.306919 1.709309 10.090201
90.425 -1.746729 -1.295559 1.702328 10.101662
90.525 -1.748380 -1.282667 1.691856 10.114660
90.625 -1.749310 -1.274852 1.686620 10.122530
90.725 -1.750198 -1.267005 1.681384 10.130427
90.825 -1.751112 -1.258962 1.723271 10.138522
90.925 -1.751037 -1.259395 1.770395 10.138961
91.025 -1.751063 -1.259278 1.822755 10.139080
91.125 -1.751126 -1.259074 1.890823 10.139294
91.225 -1.751223 -1.258826 1.964127 10.139561
91.325 -1.751065 -1.259172 2.023468 10.139941
91.427 -1.751121 -1.259067 2.081064 10.140061
91.525 -1.751121 -1.259067 2.117716 10.140061
91.625 -1.751067 -1.259150 2.156113 10.140160
91.725 -1.751258 -1.258888 2.218945 10.140484
91.825 -1.751032 -1.259170 2.257342 10.140845
91.925 -1.751141 -1.259049 2.293994 10.141008
92.026 -1.756630 -1.391381 2.473031 10.273453
92.125 -1.755062 -1.392467 2.563614 10.275361
92.225 -1.753078 -1.393604 2.652800 10.277648
92.329 -1.750178 -1.394819 2.809880 10.280792
92.425 -1.748743 -1.395230 2.897146 10.282285
92.525 -1.748321 -1.395316 2.984413 10.282716
92.626 -1.749485 -1.395229 3.097859 10.283884
92.725 -1.751635 -1.395339 -3.056172 10.286036
92.825 -1.749185 -1.374521 -2.977400 10.306998
92.925 -1.730890 -1.283019 -2.867839 10.400311
93.025 -1.735212 -1.284496 -2.785809 10.404878
93.125 -1.744227 -1.288488 -2.695051 10.414738
93.225 -1.758587 -1.296769 -2.564152 10.431315
93.325 -1.772047 -1.306882 -2.447215 10.448150
93.428 -1.771351 -1.294628 -2.387804 10.460424
93.526 -1.756512 -1.243228 -2.296815 10.513923
93.625 -1.763654 -1.252122 -2.214784 10.525329
93.725 -1.766610 -1.256272 -2.176387 10.530423
93.825 -1.771932 -1.264737 -2.111635 10.540423
93.929 -1.775024 -1.270078 -2.083710 10.546594
94.025 -1.777196 -1.268549 -2.068027 10.549251
94.125 -1.777004 -1.251436 -2.057354 10.566365
94.225 -1.777711 -1.252784 -2.053863 10.567888
94.325 -1.779141 -1.255537 -2.048627 10.570990
94.425 -1.783403 -1.263925 -2.031174 10.580398
94.525 -1.787485 -1.272779 -1.987540 10.590148
94.625 -1.789968 -1.278747 -1.956125 10.596612
94.725 -1.791182 -1.281877 -1.924709 10.599969
94.825 -1.792704 -1.286431 -1.879330 10.604770
94.925 -1.794157 -1.291279 -1.853150 10.609832
95.026 -1.796866 -1.301642 -1.807772 10.620543
95.125 -1.798916 -1.311260 -1.765884 10.630377
95.225 -1.800330 -1.319331 -1.732722 10.638571
95.325 -1.801745 -1.329019 -1.701306 10.648361
95.425 -1.799214 -1.351321 -1.742668 10.670807
95.525 -1.799526 -1.353107 -1.744413 10.672620
95.625 -1.800052 -1.356151 -1.740923 10.675709
95.725 -1.801393 -1.364337 -1.726960 10.684004
95.825 -1.803493 -1.379518 -1.693799 10.699330
95.925 -1.804971 -1.394164 -1.655401 10.714050
96.025 -1.805758 -1.405826 -1.632712 10.725738
96.125 -1.806268 -1.419798 -1.590824 10.739720
96.225 -1.806435 -1.428830 -1.590824 10.748754
96.325 -1.806417 -1.428102 -1.596060 10.749482
96.425 -1.806408 -1.427918 -1.592570 10.749666
96.525 -1.806506 -1.432737 -1.589079 10.754486
96.625 -1.806575 -1.436641 -1.589079 10.758391
96.725 -1.806558 -1.435743 -1.590824 10.759289
96.825 -1.806527 -1.434286 -1.590824 10.760747
96.925 -1.806603 -1.439055 -1.583843 10.765517
97.025 -1.806639 -1.445033 -1.571626 10.771495
97.125 -1.805996 -1.466682 -1.527992 10.793154
97.225 -1.805332 -1.477742 -1.500067 10.804233
97.325 -1.804311 -1.489888 -1.475633 10.816423
97.425 -1.802801 -1.503554 -1.459925 10.830172
97.525 -1.802513 -1.506143 -1.459925 10.832776
97.625 -1.802286 -1.508137 -1.456434 10.834783
97.725 -1.801007 -1.518901 -1.447707 10.845623
97.825 -1.799755 -1.528377 -1.435490 10.855182
97.925 -1.797518 -1.543234 -1.409310 10.870206
98.025 -1.794467 -1.560469 -1.388366 10.887709
98.125 -1.792174 -1.572278 -1.375974 10.899739
98.225 -1.789723 -1.583914 -1.362012 10.911630
98.325 -1.786652 -1.597938 -1.341068 10.925987
98.425 -1.759639 -1.623891 -1.260313 10.963446
98.525 -1.753424 -1.642889 -1.253157 10.983435
98.625 -1.749444 -1.655010 -1.259964 10.996193
98.725 -1.745847 -1.666370 -1.265549 11.008109
98.825 -1.741584 -1.679947 -1.260488 11.022339
98.926 -1.736148 -1.696483 -1.248096 11.039746
99.025 -1.732425 -1.707492 -1.244780 11.051368
99.125 -1.727587 -1.721729 -1.242860 11.066403
99.228 -1.722085 -1.738115 -1.258568 11.083689
99.325 -1.718871 -1.748300 -1.265549 11.094369
99.425 -1.715055 -1.760904 -1.281606 11.107538
99.525 -1.710155 -1.777690 -1.292253 11.125024
99.626 -1.707105 -1.788489 -1.295918 11.136246
99.725 -1.703432 -1.801512 -1.295918 11.149777
99.825 -1.698850 -1.817931 -1.299583 11.166823
99.926 -1.695766 -1.828927 -1.295918 11.178243
100.026 -1.691788 -1.843117 -1.297838 11.192981
100.126 -1.687355 -1.859006 -1.297838 11.209476
100.225 -1.684410 -1.869618 -1.301503 11.220489
100.325 -1.681576 -1.879938 -1.303248 11.231191
100.426 -1.676541 -1.898459 -1.306913 11.250384
100.525 -1.673619 -1.909295 -1.306913 11.261608
100.625 -1.669339 -1.925299 -1.310404 11.278175
100.725 -1.666818 -1.934763 -1.310404 11.287968
100.825 -1.663616 -1.946780 -1.310404 11.300405
100.925 -1.658978 -1.964188 -1.310404 11.318420
101.026 -1.655949 -1.975556 -1.310404 11.330185
101.125 -1.653269 -1.985614 -1.310404 11.340594
101.225 -1.648612 -2.003235 -1.313895 11.358819
101.326 -1.645522 -2.014998 -1.313895 11.370982
101.432 -1.642604 -2.026065 -1.312149 11.382427
101.526 -1.572635 -2.048210 -1.391937 11.455817
101.625 -1.570809 -2.058311 -1.391937 11.466082
101.731 -1.568849 -2.069151 -1.391937 11.477097
101.825 -1.565217 -2.089241 -1.391937 11.497513
101.925 -1.563276 -2.100139 -1.395428 11.508583
102.025 -1.561314 -2.111211 -1.395428 11.519827
102.125 -1.558157 -2.131796 -1.432080 11.540652
102.225 -1.557020 -2.140569 -1.447788 11.549499
102.325 -1.555038 -2.161367 -1.494912 11.570391
102.425 -1.554285 -2.172852 -1.512365 11.581901
102.525 -1.553456 -2.185857 -1.505384 11.594933
102.625 -1.552257 -2.202596 -1.496657 11.611714
102.725 -1.551330 -2.213632 -1.480949 11.622789
102.825 -1.550292 -2.224455 -1.472222 11.633662
102.925 -1.547993 -2.244443 -1.446042 11.653782
103.025 -1.546376 -2.256219 -1.428589 11.665668
103.125 -1.544262 -2.270229 -1.414626 11.679837
103.225 -1.541242 -2.287498 -1.384956 11.697368
103.325 -1.538976 -2.298409 -1.355111 11.708512
103.428 -1.536368 -2.309447 -1.327360 11.719853
103.525 -1.532070 -2.325379 -1.292279 11.736355
103.625 -1.529259 -2.334807 -1.278316 11.746193
103.725 -1.525735 -2.346123 -1.264005 11.758045
103.825 -1.519501 -2.365513 -1.258419 11.778413
103.931 -1.516232 -2.375635 -1.258419 11.789050
104.028 -1.513014 -2.385538 -1.256674 11.799462
104.125 -1.507028 -2.403845 -1.254754 11.818723
104.225 -1.504570 -2.411362 -1.254754 11.826631
104.325 -1.498650 -2.429152 -1.247424 11.845380
104.425 -1.495126 -2.439528 -1.236952 11.856339
104.525 -1.491154 -2.450091 -1.201871 11.867624
104.625 -1.403538 -2.481404 -1.037163 11.960668
104.726 -1.397570 -2.490917 -0.997020 11.971897
104.825 -1.391464 -2.499920 -0.962114 11.982776
104.925 -1.383684 -2.510589 -0.918481 11.995980
105.025 -1.379146 -2.516307 -0.890555 12.003280
105.125 -1.374248 -2.522152 -0.866121 12.010906
105.225 -1.366856 -2.530534 -0.845177 12.022082
105.325 -1.366063 -2.531429 -0.846922 12.023277
105.425 -1.366191 -2.531285 -0.846922 12.023470
105.525 -1.366217 -2.531255 -0.846922 12.023509
105.625 -1.366270 -2.531195 -0.845177 12.023589
105.725 -1.366296 -2.531166 -0.843431 12.023628
105.825 -1.366469 -2.530971 -0.841686 12.023889
105.925 -1.366535 -2.530898 -0.839941 12.023988
106.025 -1.366642 -2.530779 -0.834705 12.024148
106.125 -1.366669 -2.530749 -0.827723 12.024188
106.225 -1.366629 -2.530793 -0.825978 12.024248
106.325 -1.366519 -2.530911 -0.820742 12.024408
106.425 -1.366369 -2.531071 -0.815506 12.024628
106.525 -1.366259 -2.531187 -0.806779 12.024788
106.625 -1.366301 -2.531144 -0.803289 12.024848
106.725 -1.365991 -2.531463 -0.803289 12.025292
106.825 -1.365392 -2.532085 -0.803289 12.026156
106.925 -1.361547 -2.536058 -0.801543 12.031685
107.025 -1.351462 -2.546478 -0.801543 12.046186
107.125 -1.346365 -2.551743 -0.801543 12.053515
107.225 -1.340465 -2.557837 -0.801543 12.061996
107.325 -1.330845 -2.567751 -0.799798 12.075810
107.425 -1.325534 -2.573218 -0.799798 12.083432
107.525 -1.319835 -2.579083 -0.799798 12.091610
107.625 -1.310186 -2.589014 -0.799798 12.105456
107.725 -1.269904 -2.573997 -0.760622 12.148447
107.826 -1.264208 -2.579431 -0.762368 12.156319
107.925 -1.254229 -2.588937 -0.762368 12.170101
108.025 -1.248358 -2.594510 -0.758877 12.178196
108.125 -1.242319 -2.600237 -0.760622 12.186518
108.225 -1.235243 -2.606946 -0.758877 12.196269
108.325 -1.227999 -2.613816 -0.758877 12.206253
108.425 -1.218122 -2.623168 -0.758877 12.219855
108.525 -1.212222 -2.628749 -0.758877 12.227976
108.625 -1.205015 -2.635569 -0.755386 12.237899
108.725 -1.196251 -2.643831 -0.755386 12.249943
108.825 -1.190681 -2.649077 -0.755386 12.257595
108.925 -1.183656 -2.655692 -0.755386 12.267244
109.025 -1.175329 -2.663533 -0.755386 12.278682
109.125 -1.169263 -2.669246 -0.755386 12.287014
109.225 -1.161838 -2.676239 -0.753641 12.297214
109.325 -1.154809 -2.682835 -0.753641 12.306853
109.425 -1.146014 -2.691107 -0.755386 12.318927
109.525 -1.138738 -2.697959 -0.755386 12.328921
109.632 -1.133033 -2.703332 -0.755386 12.336759
109.727 -1.124055 -2.711766 -0.755386 12.349077
109.825 -1.119647 -2.715913 -0.753641 12.355129
109.925 -1.110957 -2.724030 -0.751896 12.367020
110.025 -1.101853 -2.732548 -0.753641 12.379488
110.125 -1.097797 -2.736345 -0.753641 12.385044
110.225 -1.088783 -2.744790 -0.753641 12.397396
110.325 -1.080483 -2.752550 -0.751896 12.408759
110.425 -1.076072 -2.756665 -0.750150 12.414791
110.526 -1.067591 -2.764565 -0.750150 12.426381
110.625 -1.059179 -2.772404 -0.750150 12.437879
110.725 -1.054823 -2.776468 -0.750150 12.443836
110.825 -1.049053 -2.781834 -0.748405 12.451716
110.925 -0.973455 -2.749750 -0.754137 12.533841
111.026 -0.973542 -2.749668 -0.755882 12.533960
111.125 -0.973601 -2.749612 -0.759373 12.534041
111.225 -0.973529 -2.749681 -0.762863 12.534141
111.325 -0.973486 -2.749722 -0.766354 12.534201
111.426 -0.973428 -2.749778 -0.766354 12.534281
111.525 -0.973284 -2.749917 -0.771590 12.534481
111.625 -0.973341 -2.749861 -0.773335 12.534561
111.725 -0.973413 -2.749791 -0.778571 12.534662
111.825 -0.973441 -2.749763 -0.780317 12.534701
111.925 -0.973413 -2.749791 -0.787298 12.534742
112.025 -0.973455 -2.749749 -0.794279 12.534802
112.125 -0.973315 -2.749892 -0.799515 12.535002
112.225 -0.973398 -2.749806 -0.801261 12.535122
112.325 -0.973496 -2.749704 -0.804751 12.535263
112.425 -0.973661 -2.749532 -0.811733 12.535501
112.525 -0.973771 -2.749415 -0.815223 12.535662
112.625 -0.973907 -2.749269 -0.820459 12.535862
112.725 -0.974005 -2.749163 -0.827441 12.536006
112.825 -0.974127 -2.749030 -0.834422 12.536186
112.925 -0.974046 -2.749121 -0.843149 12.536306
113.025 -0.973967 -2.749209 -0.846639 12.536425
113.125 -0.974007 -2.749164 -0.850130 12.536485
113.225 -0.974139 -2.749012 -0.855366 12.536687
113.325 -0.973970 -2.749208 -0.855366 12.536946
113.429 -0.969745 -2.754069 -0.855366 12.543385
113.525 -0.960479 -2.764715 -0.855366 12.557499
113.626 -0.955641 -2.770283 -0.855366 12.564876
113.726 -0.950319 -2.776385 -0.853621 12.572972
113.832 -0.943845 -2.783798 -0.853621 12.582814
113.926 -0.912168 -2.847997 -0.829262 12.654403
114.025 -0.893844 -2.882967 -0.814335 12.693884
114.125 -0.889605 -2.887472 -0.817826 12.700069
# not grasped
