# t_sec x y yaw_rad cum_dist_m
0.102 0.001565 -0.000656 0.006250 0.000000
0.202 0.001565 -0.000656 0.006250 0.000000
0.302 0.001565 -0.000656 0.006250 0.000000
0.401 0.001565 -0.000656 0.006250 0.000000
0.505 0.001565 -0.000656 0.006250 0.000000
0.602 0.001565 -0.000656 0.006250 0.000000
0.702 0.001565 -0.000656 0.006250 0.000000
0.801 0.001565 -0.000656 0.006250 0.000000
0.902 0.001565 -0.000656 0.006250 0.000000
1.002 0.001518 -0.000657 0.011661 0.000046
1.102 0.001541 -0.000654 0.043076 0.000069
1.203 0.001580 -0.000653 0.067686 0.000108
1.302 0.001239 -0.000681 0.092120 0.000451
1.402 0.002071 -0.000583 0.130343 0.001288
1.502 0.001550 -0.000663 0.158443 0.001815
1.602 0.001573 -0.000657 0.186368 0.001838
1.705 0.002238 -0.000518 0.233492 0.002518
1.802 0.002180 -0.000533 0.256356 0.002578
1.903 0.002158 -0.000539 0.289342 0.002601
2.004 0.002202 -0.000527 0.329660 0.002647
2.102 0.011444 0.002450 0.364032 0.012357
2.202 0.044271 0.013070 0.431668 0.046859
2.302 0.044598 0.013227 0.475301 0.047221
2.402 0.044704 0.013284 0.503227 0.047342
2.501 0.044669 0.013261 0.532897 0.047383
2.602 0.044274 0.013022 0.571294 0.047846
2.702 0.044606 0.013248 0.614928 0.048248
2.802 0.044428 0.013119 0.634126 0.048468
2.902 0.044558 0.013216 0.674094 0.048630
3.002 0.044556 0.013214 0.716157 0.048633
3.102 0.044661 0.013308 0.749318 0.048774
3.201 0.044675 0.013323 0.789461 0.048795
3.302 0.044783 0.013437 0.815640 0.048952
3.402 0.044810 0.013467 0.845311 0.048991
3.502 0.044892 0.013560 0.871491 0.049116
3.604 0.082927 0.022686 0.883386 0.088231
3.702 0.083250 0.023093 0.907821 0.088749
3.802 0.083110 0.022901 0.942727 0.088986
3.902 0.083154 0.022969 0.975888 0.089068
4.001 0.083231 0.023082 1.009050 0.089204
4.104 0.083229 0.023083 1.042211 0.089206
4.202 0.083414 0.023416 1.077118 0.089587
4.306 0.083442 0.023468 1.106788 0.089646
4.407 0.083489 0.023576 1.157403 0.089764
4.502 0.083466 0.023518 1.181837 0.089827
4.602 0.083400 0.023350 1.204527 0.090007
4.711 0.083454 0.023501 1.246414 0.090168
4.802 0.083575 0.023902 1.286383 0.090587
4.902 0.083617 0.024052 1.305930 0.090743
5.009 0.083607 0.024017 1.339266 0.090779
5.102 0.083580 0.023902 1.381154 0.090898
5.201 0.083636 0.024219 1.403843 0.091220
5.302 0.094993 0.024802 1.440921 0.102592
5.402 0.120096 0.027008 1.463153 0.127792
5.502 0.120113 0.027188 1.480606 0.127972
5.602 0.120089 0.026906 1.527730 0.128254
5.702 0.120096 0.027158 1.553910 0.128506
5.802 0.120099 0.027056 1.583581 0.128608
5.902 0.120086 0.027390 1.618487 0.128942
6.002 0.120095 0.027303 1.655139 0.129029
6.102 0.120089 0.027345 1.684810 0.129071
6.202 0.120074 0.027469 1.723207 0.129196
6.302 0.120105 0.027288 1.754623 0.129379
6.402 0.120080 0.027407 1.780803 0.129500
6.502 0.119978 0.027860 1.822691 0.129965
6.601 0.120089 0.027462 1.854107 0.130379
6.702 0.120004 0.027732 1.880287 0.130662
6.803 0.119919 0.027985 1.904721 0.130929
6.902 0.114758 0.035554 1.937995 0.140090
7.002 0.104608 0.050746 1.930807 0.158361
7.102 0.104614 0.050735 1.958732 0.158373
7.202 0.104434 0.051137 2.005856 0.158813
7.302 0.104426 0.051154 2.032036 0.158833
7.402 0.104520 0.050977 2.079335 0.159033
7.502 0.104296 0.051360 2.107260 0.159477
7.602 0.104484 0.051055 2.130124 0.159836
7.702 0.104449 0.051097 2.173931 0.159891
7.802 0.104345 0.051245 2.201857 0.160072
7.903 0.104224 0.051404 2.229782 0.160271
8.001 0.104410 0.051171 2.252646 0.160569
8.101 0.104343 0.051244 2.301515 0.160668
8.202 0.104154 0.051449 2.324379 0.160947
8.302 0.104086 0.051520 2.354049 0.161046
8.402 0.104260 0.051347 2.401348 0.161291
8.502 0.103873 0.051692 2.422117 0.161809
8.602 0.115332 0.071904 2.433447 0.185043
8.702 0.115314 0.071918 2.482141 0.185066
8.802 0.115409 0.071847 2.510241 0.185185
8.902 0.115504 0.071779 2.550384 0.185301
9.006 0.115186 0.071983 2.583545 0.185679
9.102 0.115323 0.071901 2.609725 0.185838
9.203 0.115039 0.072050 2.653533 0.186159
9.302 0.114973 0.072088 2.684948 0.186235
9.402 0.115370 0.071902 2.716364 0.186673
9.502 0.115169 0.071988 2.740799 0.186892
9.602 0.115056 0.072034 2.784432 0.187013
9.702 0.114812 0.072122 2.808867 0.187273
9.802 0.114851 0.072109 2.840283 0.187314
9.902 0.114551 0.072188 2.883916 0.187625
10.002 0.114547 0.072189 2.904860 0.187629
10.102 0.114840 0.072126 2.936276 0.187928
10.202 0.097816 0.050942 2.904052 0.215105
10.302 0.097494 0.051016 2.933722 0.215435
10.402 0.097531 0.051001 2.973865 0.215474
10.502 0.097251 0.051041 3.007026 0.215757
10.602 0.097410 0.051024 3.031461 0.215918
10.702 0.097348 0.051027 3.073349 0.215980
10.802 0.097212 0.051037 3.106510 0.216116
10.909 0.097367 0.051032 3.136180 0.216272
11.002 0.096778 0.051029 -3.108433 0.216860
11.102 0.097331 0.051054 -3.073526 0.217414
11.202 0.096868 0.051015 -3.045776 0.217878
11.303 0.096731 0.051002 -3.005633 0.218016
11.402 0.097005 0.051044 -2.968807 0.218294
11.502 0.096611 0.050967 -2.942627 0.218695
11.602 0.096725 0.050996 -2.907546 0.218813
11.702 0.096916 0.051041 -2.876130 0.219010
11.802 0.096834 0.050324 -2.846922 0.219731
11.902 0.102935 0.031550 -2.825851 0.239473
12.001 0.102440 0.031375 -2.790944 0.239997
12.105 0.102351 0.031342 -2.769651 0.240093
12.202 0.102627 0.031454 -2.729334 0.240391
12.302 0.102208 0.031260 -2.699663 0.240852
12.403 0.102262 0.031287 -2.666327 0.240913
12.506 0.102356 0.031336 -2.629676 0.241018
12.603 0.102322 0.031321 -2.598085 0.241056
12.702 0.102270 0.031287 -2.575570 0.241117
12.801 0.102173 0.031218 -2.530192 0.241237
12.902 0.102140 0.031192 -2.498776 0.241279
13.004 0.101982 0.031071 -2.470851 0.241478
13.102 0.102241 0.031287 -2.430708 0.241815
13.202 0.102047 0.031112 -2.397547 0.242076
13.302 0.101711 0.030795 -2.374857 0.242537
13.402 0.101809 0.030894 -2.346932 0.242676
13.502 0.107825 0.074659 -2.172886 0.286853
13.602 0.107891 0.074759 -2.151942 0.286973
13.702 0.107858 0.074700 -2.111800 0.287041
13.802 0.107731 0.074478 -2.076893 0.287297
13.901 0.107835 0.074674 -2.055949 0.287519
14.003 0.107829 0.074658 -2.028024 0.287536
14.102 0.107737 0.074480 -1.984391 0.287736
14.202 0.107823 0.074678 -1.956466 0.287953
14.302 0.107655 0.074239 -1.921559 0.288423
14.402 0.107711 0.074403 -1.884907 0.288596
14.502 0.107688 0.074327 -1.855236 0.288676
14.602 0.107677 0.074289 -1.823821 0.288714
14.702 0.107584 0.073879 -1.783678 0.289135
14.802 0.107576 0.073841 -1.759243 0.289174
14.904 0.107607 0.074018 -1.729573 0.289353
15.004 0.107564 0.073698 -1.685940 0.289676
15.102 0.107556 0.073643 -1.664821 0.289731
15.207 0.107585 0.074005 -1.636896 0.290095
15.302 0.117015 0.075717 -1.469182 0.299678
15.404 0.116998 0.075857 -1.439511 0.299819
15.502 0.117014 0.075741 -1.413157 0.299936
15.602 0.117028 0.075672 -1.366207 0.300006
15.702 0.117011 0.075750 -1.340027 0.300086
15.802 0.117097 0.075413 -1.304946 0.300433
15.902 0.117046 0.075586 -1.275276 0.300613
16.002 0.117202 0.075126 -1.236878 0.301099
16.102 0.117219 0.075069 -1.198481 0.301157
16.202 0.117075 0.075421 -1.174046 0.301537
16.302 0.117181 0.075184 -1.132159 0.301797
16.402 0.117160 0.075222 -1.102488 0.301840
16.502 0.117163 0.075220 -1.072817 0.301844
16.603 0.117352 0.074895 -1.032675 0.302220
16.708 0.117123 0.075267 -0.996023 0.302657
16.802 0.117244 0.075084 -0.983806 0.302876
16.902 0.109787 0.071997 -0.891369 0.310947
17.002 0.109609 0.072211 -0.854717 0.311225
17.103 0.110050 0.071722 -0.826792 0.311883
17.202 0.109768 0.072018 -0.795376 0.312292
17.302 0.110028 0.071773 -0.755233 0.312650
17.402 0.110194 0.071619 -0.729053 0.312877
17.502 0.110055 0.071736 -0.687166 0.313059
17.602 0.110180 0.071638 -0.650514 0.313218
17.701 0.110138 0.071669 -0.629570 0.313270
17.802 0.110122 0.071681 -0.599899 0.313290
17.904 0.110270 0.071580 -0.563247 0.313470
18.002 0.110317 0.071552 -0.533577 0.313525
18.102 0.110538 0.071424 -0.493434 0.313780
18.202 0.110428 0.071482 -0.461669 0.313904
18.302 0.110748 0.071329 -0.435489 0.314258
18.404 0.103040 0.069241 -0.376592 0.322244
18.502 0.097641 0.067535 -0.327498 0.327905
18.601 0.097810 0.067480 -0.294336 0.328082
18.703 0.097483 0.067575 -0.274963 0.328422
18.802 0.097715 0.067515 -0.248783 0.328661
18.902 0.097465 0.067562 -0.198169 0.328915
19.002 0.097250 0.067603 -0.170243 0.329134
19.102 0.097528 0.067560 -0.145634 0.329414
19.202 0.097623 0.067541 -0.108982 0.329512
19.302 0.097386 0.067568 -0.112473 0.329751
19.402 0.097365 0.067571 -0.112473 0.329771
19.502 0.097365 0.067571 -0.112473 0.329771
19.602 0.097365 0.067571 -0.112473 0.329771
19.702 0.097365 0.067571 -0.112473 0.329771
19.802 0.097365 0.067571 -0.112473 0.329771
19.902 0.097365 0.067571 -0.112473 0.329771
20.002 0.097365 0.067571 -0.112473 0.329771
20.102 0.097365 0.067571 -0.112473 0.329771
20.202 0.097365 0.067571 -0.112473 0.329771
20.302 0.097365 0.067571 -0.112473 0.329771
20.402 0.097365 0.067571 -0.112473 0.329771
20.502 0.097365 0.067571 -0.112473 0.329771
20.602 0.097365 0.067571 -0.112473 0.329771
20.702 0.097365 0.067571 -0.112473 0.329771
20.802 0.097365 0.067571 -0.112473 0.329771
20.902 0.097365 0.067571 -0.112473 0.329771
21.002 0.097365 0.067571 -0.112473 0.329771
21.102 0.098866 0.067401 -0.112473 0.331282
21.204 0.103959 0.066826 -0.112473 0.336407
21.302 0.118543 0.065205 -0.108982 0.351080
21.402 0.130701 0.063909 -0.103746 0.363308
21.503 0.142237 0.062729 -0.100256 0.374904
21.602 0.143922 0.053126 -0.072171 0.384653
21.702 0.158925 0.050351 -0.063025 0.399911
21.802 0.169587 0.049433 -0.092696 0.410613
21.902 0.181266 0.048141 -0.122367 0.422363
22.002 0.201189 0.045861 -0.106659 0.442416
22.102 0.212096 0.044756 -0.097932 0.453379
22.202 0.229490 0.043295 -0.071578 0.470834
22.303 0.239432 0.042681 -0.053950 0.480795
22.401 0.249809 0.042219 -0.038242 0.491182
22.502 0.263946 0.041835 -0.015552 0.505324
22.602 0.279666 0.041689 -0.003161 0.521045
22.703 0.290370 0.041782 0.014293 0.531750
22.801 0.304330 0.041981 0.014293 0.545711
22.902 0.322271 0.042238 0.014293 0.563654
23.002 0.333147 0.042450 0.021274 0.574532
23.102 0.350318 0.042909 0.028255 0.591709
23.202 0.362591 0.043256 0.028255 0.603987
23.302 0.374260 0.043585 0.028255 0.615660
23.402 0.393740 0.044117 0.026510 0.635148
23.502 0.404358 0.044399 0.026510 0.645769
23.601 0.416102 0.044710 0.026510 0.657517
23.702 0.436236 0.045244 0.026510 0.677659
23.801 0.446727 0.045522 0.026510 0.688153
23.902 0.457352 0.045804 0.026510 0.698782
24.002 0.477063 0.046327 0.026510 0.718499
24.102 0.488660 0.046634 0.026510 0.730101
24.202 0.500453 0.046947 0.026510 0.741898
24.302 0.521284 0.047530 0.028255 0.762737
24.402 0.533207 0.047867 0.028255 0.774665
24.502 0.550448 0.048375 0.030001 0.791914
24.603 0.559045 0.048623 0.030001 0.800514
24.702 0.571141 0.068698 0.085220 0.823952
24.802 0.565845 0.119883 0.223615 0.875410
24.902 0.573731 0.121666 0.220125 0.883495
25.003 0.590765 0.125166 0.192199 0.900885
25.102 0.604135 0.127559 0.164100 0.914467
25.202 0.621143 0.129876 0.113485 0.931632
25.302 0.632729 0.130968 0.083815 0.943270
25.402 0.643996 0.131768 0.061125 0.954565
25.502 0.664509 0.132445 0.014001 0.975089
25.602 0.675201 0.132445 -0.005197 0.985781
25.701 0.685888 0.132200 -0.031377 0.996471
25.802 0.705465 0.131210 -0.066284 1.016073
25.902 0.716688 0.130386 -0.078501 1.027326
26.002 0.727953 0.129435 -0.088973 1.038631
26.102 0.742612 0.128018 -0.099620 1.053358
26.202 0.759875 0.125940 -0.131036 1.070746
26.302 0.771370 0.124364 -0.138017 1.082349
26.402 0.789559 0.121637 -0.155470 1.100741
26.502 0.799694 0.119964 -0.176414 1.111013
26.602 0.811867 0.117401 -0.221793 1.123453
26.702 0.831501 0.112051 -0.288115 1.143803
26.802 0.842757 0.108491 -0.316040 1.155609
26.902 0.853805 0.104660 -0.347456 1.167302
27.002 0.871051 0.097579 -0.420760 1.185945
27.103 0.880599 0.093008 -0.460903 1.196531
27.202 0.891094 0.087486 -0.495809 1.208390
27.302 0.976960 0.064001 -0.660199 1.297409
27.402 0.994206 0.052198 -0.709592 1.318308
27.502 1.003138 0.044296 -0.732456 1.330234
27.602 1.013820 0.034248 -0.767362 1.344899
27.702 1.026131 0.021790 -0.810996 1.362413
27.802 1.033502 0.013888 -0.828449 1.373219
27.902 1.045576 0.000107 -0.866846 1.391542
28.001 1.052520 -0.008323 -0.889536 1.402463
28.102 1.059312 -0.016932 -0.908734 1.413430
28.203 1.069178 -0.030002 -0.938405 1.429805
28.302 1.075039 -0.038168 -0.952367 1.439857
28.402 1.081669 -0.047678 -0.966330 1.451449
28.502 1.088460 -0.057639 -0.976802 1.463505
28.601 1.099821 -0.075128 -1.009963 1.484360
28.702 1.105724 -0.084685 -1.022181 1.495593
28.802 1.111396 -0.094093 -1.032653 1.506579
28.902 1.128171 -0.062816 -1.023325 1.542070
29.001 1.133899 -0.072389 -1.033797 1.553225
29.102 1.142302 -0.086813 -1.049505 1.569918
29.202 1.148181 -0.097230 -1.061723 1.581880
29.302 1.153013 -0.105970 -1.070449 1.591867
29.402 1.160464 -0.119894 -1.086157 1.607659
29.502 1.166371 -0.131183 -1.093313 1.620400
29.602 1.170575 -0.139376 -1.098724 1.629608
29.702 1.176780 -0.151647 -1.106054 1.643359
29.802 1.183013 -0.164170 -1.111639 1.657347
29.902 1.187660 -0.173611 -1.113384 1.667871
30.002 1.194915 -0.188227 -1.107974 1.684187
30.102 1.200976 -0.200261 -1.102389 1.697662
30.205 1.206441 -0.210999 -1.098724 1.709711
30.302 1.214285 -0.226137 -1.089648 1.726761
30.402 1.220224 -0.237365 -1.080747 1.739462
30.502 1.225141 -0.246401 -1.066784 1.749749
30.602 1.232548 -0.259219 -1.033623 1.764553
30.702 1.239017 -0.269672 -1.007443 1.776847
30.802 1.243371 -0.276443 -0.993480 1.784896
30.902 1.250529 -0.286910 -0.946356 1.797577
31.002 1.257900 -0.296475 -0.892251 1.809652
31.102 1.264145 -0.303775 -0.845127 1.819259
31.201 1.273188 -0.313172 -0.775314 1.832301
31.301 1.281381 -0.320633 -0.717718 1.843382
31.402 1.288122 -0.326305 -0.688048 1.852192
31.502 1.295435 -0.332099 -0.661868 1.861521
31.602 1.298643 -0.334595 -0.659948 1.865586
31.701 1.299732 -0.335440 -0.659948 1.866965
31.801 1.301506 -0.336817 -0.659948 1.869210
31.902 1.324214 -0.338802 -0.663075 1.892005
32.002 1.353192 -0.340775 -0.667182 1.921050
32.102 1.354438 -0.341757 -0.667182 1.922637
32.202 1.356356 -0.343268 -0.667182 1.925078
32.301 1.357621 -0.344259 -0.663692 1.926685
32.402 1.359667 -0.345859 -0.663692 1.929282
32.505 1.361008 -0.346908 -0.663692 1.930985
32.602 1.362111 -0.347771 -0.663692 1.932385
32.702 1.363910 -0.349175 -0.661772 1.934668
32.802 1.365381 -0.350320 -0.661772 1.936531
32.902 1.366455 -0.351157 -0.661772 1.937893
33.002 1.368144 -0.352473 -0.661772 1.940035
33.104 1.370165 -0.354047 -0.661772 1.942596
33.202 1.371588 -0.355156 -0.661772 1.944400
33.304 1.373329 -0.356513 -0.663692 1.946607
33.402 1.374242 -0.357227 -0.663692 1.947766
33.501 1.376366 -0.358920 -0.694933 1.950482
33.602 1.376967 -0.359450 -0.754449 1.951284
33.702 1.376890 -0.359360 -0.822517 1.951403
33.802 1.376941 -0.359420 -0.878367 1.951482
33.902 1.376919 -0.359388 -0.967379 1.951520
34.003 1.376943 -0.359417 -1.030211 1.951558
34.102 1.376934 -0.359419 -1.117477 1.951568
34.202 1.376932 -0.359424 -1.196017 1.951573
34.302 1.377056 -0.359785 -1.258849 1.951955
34.404 1.378609 -0.365308 -1.309463 1.957692
34.502 1.377378 -0.380393 -1.390605 1.972828
34.602 1.372935 -0.393173 -1.437711 1.986357
34.702 1.374365 -0.404807 -1.458829 1.998080
34.801 1.376341 -0.424129 -1.476632 2.017502
34.902 1.377280 -0.435092 -1.490594 2.028505
35.001 1.378126 -0.445968 -1.494085 2.039414
35.102 1.379549 -0.465988 -1.506302 2.059484
35.202 1.380217 -0.477591 -1.516774 2.071107
35.302 1.380775 -0.491442 -1.537718 2.084969
35.402 1.381161 -0.508092 -1.556917 2.101624
35.502 1.381201 -0.519025 -1.576115 2.112557
35.602 1.381021 -0.530115 -1.593569 2.123648
35.702 1.380169 -0.550839 -1.621494 2.144389
35.801 1.379538 -0.562113 -1.630221 2.155681
35.905 1.378562 -0.575923 -1.649419 2.169525
36.002 1.377088 -0.592777 -1.663382 2.186444
36.102 1.375664 -0.606867 -1.675599 2.200606
36.202 1.374382 -0.618796 -1.679090 2.212603
36.304 1.372349 -0.636567 -1.700034 2.230490
36.402 1.370566 -0.647720 -1.750648 2.241785
36.504 1.403595 -0.679931 -1.816782 2.287920
36.602 1.400175 -0.691912 -1.869142 2.300380
36.701 1.397023 -0.701091 -1.921502 2.310085
36.802 1.392804 -0.712700 -1.923247 2.322436
36.902 1.386849 -0.728962 -1.918011 2.339755
37.002 1.382915 -0.740122 -1.905794 2.351588
37.102 1.378181 -0.754044 -1.888341 2.366293
37.202 1.373247 -0.769396 -1.877869 2.382418
37.302 1.370154 -0.779611 -1.858670 2.393091
37.401 1.365223 -0.796339 -1.856925 2.410531
37.510 1.361079 -0.810571 -1.853434 2.425354
37.603 1.357820 -0.821793 -1.853434 2.437039
37.702 1.353642 -0.836178 -1.853434 2.452019
37.802 1.349028 -0.852152 -1.851689 2.468646
37.903 1.346096 -0.862315 -1.851689 2.479224
38.002 1.342724 -0.873976 -1.853434 2.491362
38.102 1.338853 -0.887231 -1.855180 2.505171
38.202 1.336619 -0.894824 -1.856925 2.513085
38.303 1.334585 -0.901602 -1.872633 2.520163
38.403 1.333991 -0.903363 -1.972117 2.522021
38.502 1.334010 -0.903311 -2.052402 2.522076
38.602 1.334129 -0.903110 -2.139668 2.522310
38.702 1.334078 -0.903169 -2.296748 2.522388
38.802 1.334030 -0.903222 -2.387505 2.522460
38.902 1.334048 -0.903209 -2.471281 2.522482
39.002 1.334159 -0.903132 -2.596945 2.522617
39.101 1.343108 -0.908401 -2.684032 2.533002
39.202 1.377306 -0.925737 -2.843059 2.571343
39.303 1.377133 -0.925790 -2.907811 2.571524
39.403 1.376938 -0.925829 -2.960171 2.571723
39.504 1.377137 -0.925802 -3.007295 2.571923
39.602 1.375959 -0.927706 -3.031161 2.574162
39.702 1.367679 -0.934896 -3.021864 2.585128
39.802 1.367690 -0.934889 -3.082950 2.585142
39.902 1.367649 -0.934893 -3.119602 2.585183
40.005 1.368089 -0.934888 -3.128329 2.585623
40.102 1.369318 -0.934872 -3.126584 2.586852
40.205 1.369364 -0.934895 -3.074224 2.586904
40.302 1.365901 -0.935269 -3.014883 2.590386
40.402 1.358421 -0.936780 -2.892709 2.598018
40.502 1.351860 -0.943562 -2.794576 2.607454
40.602 1.349202 -0.958920 -2.634162 2.623040
40.703 1.333803 -0.969041 -2.511989 2.641467
40.802 1.324521 -0.976274 -2.461200 2.653234
40.903 1.314979 -0.984498 -2.410760 2.665831
41.002 1.304301 -0.994843 -2.346183 2.680699
41.102 1.293033 -1.007379 -2.272879 2.697555
41.207 1.285835 -1.016370 -2.227501 2.709072
41.302 1.275799 -1.030766 -2.147215 2.726621
41.402 1.274352 -1.045838 -2.010713 2.741762
41.502 1.270071 -1.055354 -1.989769 2.752197
41.602 1.262863 -1.072990 -1.939155 2.771249
41.702 1.258750 -1.084241 -1.911229 2.783229
41.802 1.255062 -1.095103 -1.893776 2.794700
41.902 1.248829 -1.114936 -1.860615 2.815489
42.002 1.245652 -1.126268 -1.836180 2.827257
42.102 1.242529 -1.138367 -1.820472 2.839753
42.202 1.237926 -1.158616 -1.776839 2.860518
42.302 1.235544 -1.170752 -1.757640 2.872886
42.402 1.233642 -1.181562 -1.738442 2.883862
42.501 1.231452 -1.195238 -1.720989 2.897712
42.602 1.229377 -1.210341 -1.696554 2.912957
42.702 1.226956 -1.231980 -1.705127 2.934732
42.802 1.224108 -1.254248 -1.686196 2.957181
42.902 1.222909 -1.265493 -1.672233 2.968490
43.002 1.222006 -1.275691 -1.649544 2.978727
43.102 1.221094 -1.288617 -1.633836 2.991685
43.202 1.220279 -1.306224 -1.607656 3.009312
43.303 1.219973 -1.318421 -1.588458 3.021512
43.402 1.219835 -1.332550 -1.572750 3.035642
43.501 1.219890 -1.348313 -1.565768 3.051405
43.602 1.219907 -1.353469 -1.567514 3.056561
43.702 1.219927 -1.357937 -1.565768 3.061030
43.802 1.220039 -1.368172 -1.553551 3.071265
43.901 1.220369 -1.379354 -1.537843 3.082451
44.003 1.220944 -1.395154 -1.530862 3.098262
44.102 1.221397 -1.406021 -1.527371 3.109138
44.203 1.222187 -1.423052 -1.520390 3.126188
44.302 1.222716 -1.433242 -1.516899 3.136391
44.401 1.223336 -1.444547 -1.515154 3.147714
44.502 1.224179 -1.458019 -1.506427 3.161212
44.602 1.225282 -1.472988 -1.494210 3.176221
44.702 1.226082 -1.483007 -1.490719 3.186273
44.802 1.227245 -1.496824 -1.483563 3.200138
44.902 1.228711 -1.513197 -1.479898 3.216577
45.002 1.229576 -1.522471 -1.476233 3.225891
45.102 1.230761 -1.534449 -1.470822 3.237928
45.202 1.232523 -1.551229 -1.460001 3.254800
45.303 1.233845 -1.562609 -1.452845 3.266257
45.402 1.235384 -1.575340 -1.445690 3.279080
45.503 1.266638 -1.594456 -1.390116 3.315716
45.602 1.332891 -1.607074 -1.269394 3.383160
45.702 1.337994 -1.623299 -1.263984 3.400169
45.802 1.341237 -1.633343 -1.256653 3.410723
45.903 1.344588 -1.643457 -1.245832 3.421378
46.002 1.351069 -1.662628 -1.242167 3.441615
46.102 1.355111 -1.674483 -1.242167 3.454140
46.202 1.358553 -1.684575 -1.242167 3.464803
46.302 1.362399 -1.695856 -1.242167 3.476722
46.402 1.368903 -1.714913 -1.242167 3.496858
46.502 1.372713 -1.726086 -1.242167 3.508663
46.602 1.378146 -1.742021 -1.242167 3.525499
46.701 1.383786 -1.758561 -1.240422 3.542974
46.802 1.386701 -1.767075 -1.240422 3.551973
46.902 1.392593 -1.784120 -1.236756 3.570007
47.002 1.397981 -1.799549 -1.234837 3.586350
47.102 1.400627 -1.807085 -1.231171 3.594337
47.201 1.406624 -1.823911 -1.225761 3.612200
47.302 1.411755 -1.838118 -1.223841 3.627306
47.402 1.415890 -1.849554 -1.223841 3.639465
47.504 1.421911 -1.866130 -1.220176 3.657101
47.602 1.427797 -1.882048 -1.212845 3.674073
47.703 1.430879 -1.890273 -1.211100 3.682856
47.805 1.436053 -1.903934 -1.207435 3.697464
47.902 1.442431 -1.920613 -1.203770 3.715321
48.004 1.446468 -1.931054 -1.201850 3.726515
48.102 1.451609 -1.944207 -1.198185 3.740638
48.202 1.458171 -1.960802 -1.192774 3.758483
48.302 1.462620 -1.971942 -1.190854 3.770478
48.402 1.466836 -1.982244 -1.180033 3.781610
48.502 1.475100 -2.001391 -1.157344 3.802464
48.603 1.479803 -2.011958 -1.148617 3.814030
48.702 1.576967 -2.005677 -1.029774 3.911397
48.802 1.588889 -2.019331 -1.020438 3.929523
48.902 1.594777 -2.028907 -1.022184 3.940765
49.002 1.600674 -2.038981 -1.051854 3.952438
49.102 1.606779 -2.050408 -1.097233 3.965393
49.202 1.610349 -2.057727 -1.130394 3.973537
49.312 1.615224 -2.068940 -1.182754 3.985764
49.402 1.618551 -2.077476 -1.208759 3.994926
49.502 1.621315 -2.085125 -1.233368 4.003058
49.602 1.625099 -2.096771 -1.275431 4.015304
49.702 1.627183 -2.103671 -1.265133 4.022511
49.802 1.627535 -2.104755 -1.235463 4.023651
49.902 1.627539 -2.104709 -1.179612 4.023697
50.002 1.627454 -2.104556 -1.127252 4.023872
50.106 1.627591 -2.104818 -1.087110 4.024168
50.202 1.626592 -2.103165 -0.998098 4.026099
50.302 1.624884 -2.100834 -0.889888 4.028989
50.402 1.623295 -2.099034 -0.823565 4.031390
50.503 1.621747 -2.097524 -0.739789 4.033552
50.606 1.619695 -2.095830 -0.640306 4.036213
50.702 1.617856 -2.094456 -0.568418 4.038510
50.802 1.635710 -2.080544 -0.417728 4.061144
50.902 1.632673 -2.079496 -0.267804 4.064357
51.002 1.630580 -2.079035 -0.180538 4.066500
51.102 1.627669 -2.078728 -0.053129 4.069427
51.201 1.625271 -2.078764 0.058572 4.071826
51.302 1.549007 -2.106271 0.118332 4.152898
51.402 1.546899 -2.106636 0.209089 4.155038
51.503 1.544421 -2.107409 0.367914 4.157634
51.603 1.542475 -2.108266 0.451515 4.159760
51.702 1.540705 -2.109257 0.537211 4.161789
51.804 1.537681 -2.111425 0.690800 4.165510
51.902 1.526598 -2.113726 0.816998 4.176829
52.002 1.524872 -2.115878 0.949643 4.179587
52.102 1.524020 -2.117219 1.059599 4.181176
52.203 1.523917 -2.117424 1.146866 4.181405
52.304 1.524708 -2.115079 1.270610 4.183880
52.402 1.516875 -2.109395 1.393651 4.193558
52.507 1.517901 -2.101294 1.475856 4.201724
52.602 1.518129 -2.086103 1.603265 4.216916
52.702 1.516599 -2.070667 1.713221 4.232429
52.802 1.514257 -2.058745 1.791761 4.244578
52.901 1.532561 -2.055021 1.845197 4.263257
53.002 1.528194 -2.041537 1.911519 4.277431
53.102 1.524697 -2.032664 1.967370 4.286968
53.202 1.517689 -2.018018 2.052891 4.303204
53.302 1.612026 -2.016969 2.072246 4.397547
53.402 1.607281 -2.008800 2.114134 4.406994
53.502 1.598576 -1.995832 2.201401 4.422613
53.602 1.591604 -1.986718 2.239798 4.434088
53.702 1.580193 -1.973640 2.311357 4.451444
53.802 1.570214 -1.963320 2.358480 4.465799
53.901 1.561687 -1.955230 2.398623 4.477554
54.002 1.548228 -1.943502 2.443827 4.495406
54.102 1.522831 -1.911342 2.446762 4.536385
54.202 1.511583 -1.902340 2.478178 4.550792
54.302 1.503408 -1.896153 2.504358 4.561044
54.402 1.488035 -1.885480 2.553227 4.579758
54.501 1.478797 -1.879558 2.581152 4.590732
54.602 1.463610 -1.870241 2.598780 4.608549
54.702 1.453287 -1.864202 2.618153 4.620508
54.802 1.442853 -1.858361 2.639097 4.632466
54.902 1.424797 -1.848925 2.670513 4.652839
55.002 1.415444 -1.844346 2.694948 4.663253
55.102 1.403641 -1.838798 2.712576 4.676295
55.202 1.390395 -1.833022 2.740675 4.690745
55.302 1.381142 -1.829235 2.758303 4.700743
55.401 1.368275 -1.824139 2.767030 4.714583
55.501 1.355078 -1.819016 2.774360 4.728739
55.602 1.343496 -1.814761 2.795479 4.741078
55.702 1.333366 -1.811237 2.809616 4.751804
55.801 1.294758 -1.798918 2.803727 4.792329
55.902 1.279997 -1.794031 2.835318 4.807879
56.002 1.266209 -1.789891 2.861497 4.822274
56.102 1.255584 -1.786988 2.884187 4.833289
56.202 1.243622 -1.784059 2.913857 4.845604
56.302 1.229247 -1.781028 2.943528 4.860296
56.402 1.219792 -1.779259 2.962727 4.869914
56.505 1.208340 -1.777262 2.974944 4.881539
56.602 1.192007 -1.774834 3.009850 4.898052
56.702 1.182023 -1.773642 3.030794 4.908107
56.802 1.172607 -1.772663 3.046502 4.917573
56.905 1.161311 -1.771728 3.070937 4.928908
57.002 1.149324 -1.771110 3.098862 4.940911
57.102 1.134836 -1.770791 3.130278 4.955402
57.202 1.116540 -1.770719 -3.133709 4.973699
57.302 1.104888 -1.770888 -3.118001 4.985351
57.402 1.090958 -1.771283 -3.107529 4.999287
57.502 1.075510 -1.772019 -3.076113 5.014753
57.602 1.069075 -1.772489 -3.063895 5.021205
57.704 1.061143 -1.773240 -3.039461 5.029172
57.801 1.047445 -1.775032 -2.990592 5.042987
57.902 1.038840 -1.776511 -2.960921 5.051718
58.004 1.027796 -1.778742 -2.927760 5.062985
58.102 1.014002 -1.782062 -2.892679 5.077173
58.202 1.009241 -1.804756 -2.843539 5.100361
58.302 1.012050 -1.872417 -2.719410 5.168081
58.402 0.999645 -1.878385 -2.675777 5.181846
58.502 0.987514 -1.884926 -2.628479 5.195629
58.602 0.978119 -1.890453 -2.597237 5.206529
58.706 0.968966 -1.896169 -2.572628 5.217321
58.801 0.952721 -1.907278 -2.518523 5.237001
58.901 0.943782 -1.913917 -2.494088 5.248135
59.002 0.935611 -1.920236 -2.474890 5.258464
59.103 0.922121 -1.931265 -2.439634 5.275889
59.202 0.914971 -1.937383 -2.432478 5.285299
59.302 0.906148 -1.945082 -2.416421 5.297009
59.401 0.897525 -1.953040 -2.386751 5.308744
59.502 0.892444 -1.957758 -2.414676 5.315677
59.602 0.891520 -1.958544 -2.494961 5.316889
59.702 0.891670 -1.958433 -2.602997 5.317076
59.802 0.891814 -1.958366 -2.679966 5.317234
59.905 0.871913 -1.977058 -2.741058 5.344537
60.002 0.864211 -1.982822 -2.787783 5.354157
60.101 0.860759 -1.984016 -2.838572 5.357810
60.202 0.860645 -1.984047 -2.931074 5.357928
60.301 0.860617 -1.984064 -3.058483 5.357961
60.402 0.860788 -1.984058 -3.123060 5.358132
60.501 0.860528 -1.984044 3.036207 5.358393
60.602 0.860419 -1.984024 2.943704 5.358504
60.701 0.826516 -2.001073 2.797492 5.396452
60.801 0.826795 -2.001185 2.743387 5.396753
60.901 0.827023 -2.001297 2.694518 5.397007
61.004 0.827047 -2.001306 2.652630 5.397032
61.101 0.826742 -2.001137 2.602015 5.397381
61.219 0.826628 -2.001060 2.544245 5.397518
61.302 0.826055 -2.000657 2.504277 5.398219
61.404 0.861947 -1.967119 2.508699 5.447342
61.502 0.862121 -1.967253 2.479029 5.447562
61.602 0.862720 -1.967725 2.475538 5.448324
61.702 0.864780 -1.969327 2.491595 5.450934
61.802 0.864933 -1.969442 2.550762 5.451125
61.902 0.862845 -1.968200 2.659147 5.453555
62.002 0.859310 -1.966563 2.734021 5.457450
62.103 0.855993 -1.965314 2.810990 5.460994
62.202 0.849086 -1.963422 2.919201 5.468156
62.303 0.844795 -1.962633 2.985523 5.472519
62.402 0.841752 -1.962266 3.097224 5.475584
62.501 0.846041 -1.972247 -3.086503 5.486447
62.601 0.851635 -1.996229 -2.933149 5.511073
62.702 0.850036 -1.996668 -2.835410 5.512731
62.802 0.849094 -1.997004 -2.774324 5.513730
62.902 0.848551 -1.997246 -2.714808 5.514326
63.002 0.837487 -2.003257 -2.610088 5.526917
63.103 0.829468 -2.008379 -2.552667 5.536432
63.202 0.818134 -1.987308 -2.512147 5.560358
63.302 0.803519 -1.994134 -2.426870 5.576489
63.402 0.794524 -2.002452 -2.378000 5.588740
63.502 0.786977 -2.010145 -2.330877 5.599518
63.603 0.773703 -2.025395 -2.257398 5.619735
63.704 0.766588 -2.034600 -2.213765 5.631369
63.802 0.759978 -2.043683 -2.185665 5.642603
63.902 0.749082 -2.060154 -2.131560 5.662352
64.002 0.742058 -2.076951 -2.099232 5.680559
64.101 0.732825 -2.106833 -2.065349 5.711834
64.202 0.724605 -2.122931 -2.021715 5.729909
64.302 0.720117 -2.132391 -2.007753 5.740380
64.402 0.715481 -2.142662 -1.983318 5.751649
64.502 0.708101 -2.160314 -1.943175 5.770782
64.601 0.704785 -2.169383 -1.906524 5.780438
64.702 0.701860 -2.178338 -1.875108 5.789859
64.802 0.698208 -2.191352 -1.826238 5.803375
64.902 0.694680 -2.206896 -1.768643 5.819314
65.002 0.692940 -2.216351 -1.740717 5.828929
65.103 0.691192 -2.228300 -1.702320 5.841005
65.204 0.689460 -2.244865 -1.656941 5.857660
65.302 0.688606 -2.257358 -1.629016 5.870182
65.402 0.706197 -2.277685 -1.591450 5.897064
65.502 0.706168 -2.296195 -1.558289 5.915574
65.601 0.706427 -2.307440 -1.546071 5.926822
65.702 0.707014 -2.321622 -1.521637 5.941016
65.802 0.707909 -2.336101 -1.498948 5.955523
65.902 0.708693 -2.345874 -1.483240 5.965327
66.002 0.710712 -2.364925 -1.450078 5.984485
66.101 0.712113 -2.375730 -1.434370 5.995380
66.202 0.713526 -2.385252 -1.418662 6.005007
66.302 0.716527 -2.403201 -1.402605 6.023204
66.403 0.718526 -2.414781 -1.398940 6.034956
66.506 0.720517 -2.426096 -1.395275 6.046445
66.602 0.723692 -2.443286 -1.382534 6.063926
66.701 0.727052 -2.460610 -1.375204 6.081572
66.802 0.728719 -2.469001 -1.373458 6.090128
66.902 0.732200 -2.486158 -1.367873 6.107634
67.009 0.735742 -2.503345 -1.366128 6.125182
67.102 0.737533 -2.511892 -1.364208 6.133915
67.202 0.740576 -2.526409 -1.364208 6.148747
67.303 0.744201 -2.543627 -1.360543 6.166343
67.402 0.746751 -2.555501 -1.356878 6.178487
67.507 0.749897 -2.569931 -1.355132 6.193256
67.603 0.753766 -2.587644 -1.355132 6.211387
67.704 0.756869 -2.601832 -1.353213 6.225910
67.802 0.759287 -2.612412 -1.344311 6.236763
67.902 0.762265 -2.625117 -1.338726 6.249812
68.003 0.765751 -2.641995 -1.380614 6.267047
68.102 0.767739 -2.653672 -1.415521 6.278892
68.203 0.769918 -2.666539 -1.398068 6.291942
68.302 0.772578 -2.681290 -1.385501 6.306931
68.439 0.774614 -2.691341 -1.366477 6.317186
68.506 0.815968 -2.736959 -1.284043 6.378758
68.602 0.819687 -2.749211 -1.284043 6.391562
68.702 0.822695 -2.759461 -1.287708 6.402244
68.802 0.826686 -2.773197 -1.291024 6.416549
68.902 0.830763 -2.787587 -1.298006 6.431506
69.002 0.836204 -2.807630 -1.314063 6.452273
69.102 0.839122 -2.818885 -1.319473 6.463900
69.202 0.841966 -2.830066 -1.323138 6.475438
69.306 0.845635 -2.844709 -1.330294 6.490533
69.402 0.849342 -2.859823 -1.330294 6.506095
69.501 0.851774 -2.869740 -1.330294 6.516306
69.602 0.854080 -2.879185 -1.333959 6.526029
69.707 0.857235 -2.892293 -1.335879 6.539511
69.802 0.858197 -2.896653 -1.377593 6.543976
69.902 0.858192 -2.896462 -1.456307 6.544168
70.002 0.858224 -2.896920 -1.510412 6.544627
70.101 0.858229 -2.897065 -1.568008 6.544772
70.202 0.858222 -2.897093 -1.667492 6.544801
70.302 0.858253 -2.896915 -1.726833 6.544983
70.402 0.858274 -2.896773 -1.756504 6.545125
70.503 0.858329 -2.896585 -1.828062 6.545321
70.602 0.858786 -2.895206 -1.920565 6.546775
70.702 0.860203 -2.891998 -2.044483 6.550281
70.802 0.903231 -2.867234 -2.206576 6.599927
70.902 0.903233 -2.867238 -2.293842 6.599931
71.002 0.902636 -2.867761 -2.429978 6.600725
71.102 0.898571 -2.870801 -2.544995 6.605801
71.207 0.894801 -2.873088 -2.628945 6.610210
71.302 0.888722 -2.875920 -2.758100 6.616916
71.402 0.879831 -2.878845 -2.862820 6.626276
71.502 0.870903 -2.880896 -2.948341 6.635437
71.603 0.894820 -2.889946 -3.024898 6.661009
71.702 0.886538 -2.890531 -3.096456 6.669311
71.803 0.873434 -2.890246 3.082009 6.682418
71.902 0.859421 -2.888729 3.001724 6.696513
72.003 0.780622 -2.901118 2.879867 6.776280
72.105 0.769571 -2.897716 2.820526 6.787843
72.202 0.754782 -2.892083 2.745302 6.803668
72.302 0.745297 -2.887725 2.692942 6.814106
72.402 0.730051 -2.879643 2.626794 6.831362
72.503 0.717682 -2.872095 2.572689 6.845852
72.602 0.709666 -2.866394 2.536146 6.855688
72.702 0.724360 -2.867806 2.536414 6.870450
72.802 0.710871 -2.857853 2.484054 6.887213
72.902 0.702535 -2.851096 2.447402 6.897944
73.002 0.694425 -2.844062 2.410750 6.908679
73.102 0.685947 -2.836023 2.363452 6.920362
73.202 0.680454 -2.830448 2.340588 6.928189
73.302 0.675030 -2.824656 2.310917 6.936124
73.408 0.667160 -2.815311 2.242849 6.948342
73.505 0.663076 -2.809941 2.207943 6.955088
73.603 0.656732 -2.801266 2.197471 6.965835
73.702 0.648362 -2.796637 2.185450 6.975400
73.802 0.589281 -2.817439 2.167395 7.038036
73.902 0.580879 -2.804637 2.146451 7.053349
74.002 0.579564 -2.802615 2.148196 7.055762
74.102 0.579627 -2.802713 2.134234 7.055879
74.202 0.579941 -2.803230 2.097582 7.056484
74.308 0.580037 -2.803401 2.066166 7.056679
74.402 0.580074 -2.803474 2.026023 7.056762
74.501 0.579324 -2.801774 1.984135 7.058620
74.602 0.576593 -2.795370 1.964937 7.065582
74.702 0.572850 -2.786218 1.954465 7.075470
74.802 0.567770 -2.773537 1.947483 7.089130
74.902 0.561281 -2.757206 1.957955 7.106704
75.002 0.555769 -2.743891 1.968427 7.121115
75.102 0.550030 -2.730527 1.978899 7.135659
75.202 0.545253 -2.719531 1.982390 7.147647
75.302 0.539466 -2.706434 1.994607 7.161966
75.402 0.533196 -2.693256 2.026023 7.176559
75.502 0.528787 -2.684509 2.041731 7.186355
75.602 0.522586 -2.672393 2.045222 7.199966
75.702 0.516597 -2.660798 2.048713 7.213016
75.802 0.514330 -2.656411 2.046967 7.217954
75.902 0.513315 -2.654488 2.059185 7.220129
76.002 0.507150 -2.643037 2.069656 7.233134
76.102 0.501571 -2.632985 2.085364 7.244630
76.202 0.492305 -2.617423 2.120271 7.262742
76.302 0.486358 -2.608142 2.151687 7.273765
76.402 0.476854 -2.594135 2.183103 7.290692
76.502 0.468834 -2.583081 2.211028 7.304348
76.602 0.429261 -2.566436 2.272600 7.347280
76.701 0.392896 -2.552420 2.322831 7.386252
76.804 0.384668 -2.543655 2.326497 7.398274
76.902 0.370403 -2.528602 2.330162 7.419012
77.002 0.362774 -2.520565 2.330162 7.430094
77.102 0.351233 -2.508399 2.328242 7.446863
77.202 0.343224 -2.499962 2.330162 7.458496
77.302 0.331221 -2.487284 2.328242 7.475954
77.402 0.321558 -2.477065 2.328242 7.490019
77.502 0.314097 -2.469175 2.328242 7.500878
77.602 0.304174 -2.458658 2.328242 7.515338
77.702 0.292141 -2.445910 2.329987 7.532867
77.802 0.283914 -2.437353 2.338888 7.544738
77.902 0.273677 -2.426918 2.349709 7.559356
78.002 0.261376 -2.414442 2.349709 7.576876
78.102 0.253306 -2.406266 2.349709 7.588364
78.202 0.240952 -2.393695 2.346044 7.605989
78.301 0.230574 -2.383118 2.349360 7.620808
78.402 0.222627 -2.375218 2.361752 7.632013
78.502 0.209840 -2.362755 2.372573 7.649868
78.603 0.199060 -2.352354 2.376238 7.664848
78.702 0.190304 -2.343958 2.378158 7.676979
78.802 0.181404 -2.335470 2.379904 7.689278
78.902 0.166921 -2.321747 2.383569 7.709230
79.003 0.158470 -2.313778 2.385489 7.720846
79.108 0.147620 -2.303604 2.389154 7.735719
79.202 0.136829 -2.293508 2.390899 7.750497
79.303 0.124440 -2.282029 2.399975 7.767387
79.405 0.113424 -2.272104 2.414287 7.782214
79.502 0.104819 -2.264531 2.421617 7.793677
79.601 0.091578 -2.252974 2.425282 7.811252
79.702 0.009221 -2.287878 2.462707 7.900701
79.802 0.000880 -2.281193 2.468292 7.911390
79.902 -0.009829 -2.272690 2.471957 7.925064
80.002 -0.023711 -2.261679 2.470037 7.942783
80.101 -0.033489 -2.253907 2.470037 7.955273
80.202 -0.042203 -2.246949 2.468292 7.966424
80.302 -0.058494 -2.233898 2.464627 7.987298
80.402 -0.067710 -2.226484 2.462707 7.999126
80.502 -0.076788 -2.219141 2.460961 8.010803
80.602 -0.092480 -2.206407 2.457296 8.031011
80.702 -0.101277 -2.199230 2.457296 8.042364
80.802 -0.111719 -2.190692 2.455376 8.055852
80.902 -0.124727 -2.180027 2.453631 8.072674
81.002 -0.133690 -2.172645 2.451711 8.084285
81.102 -0.144774 -2.163466 2.449966 8.098677
81.202 -0.157246 -2.153102 2.446301 8.114893
81.302 -0.165427 -2.146263 2.444381 8.125556
81.402 -0.176634 -2.136767 2.437225 8.140245
81.502 -0.189910 -2.125415 2.433560 8.157713
81.602 -0.197880 -2.118572 2.431640 8.168218
81.702 -0.205322 -2.112176 2.431640 8.178031
81.802 -0.220610 -2.098946 2.426229 8.198248
81.902 -0.229272 -2.091377 2.422564 8.209751
82.002 -0.237897 -2.083805 2.420644 8.221229
82.101 -0.253576 -2.069935 2.415234 8.242162
82.202 -0.262222 -2.062239 2.413314 8.253737
82.302 -0.270841 -2.054539 2.411569 8.265294
82.402 -0.285987 -2.040911 2.407903 8.285668
82.501 -0.294687 -2.033037 2.404238 8.297403
82.602 -0.304290 -2.024282 2.400573 8.310398
82.702 -0.316113 -2.013419 2.398653 8.326453
82.802 -0.351836 -2.038237 2.357394 8.369952
82.902 -0.360346 -2.029732 2.355474 8.381984
83.002 -0.373390 -2.016648 2.355474 8.400459
83.102 -0.380982 -2.009025 2.355474 8.411217
83.202 -0.389282 -2.000721 2.355474 8.422958
83.302 -0.403238 -1.986783 2.357394 8.442682
83.402 -0.411374 -1.978627 2.353728 8.454202
83.502 -0.421144 -1.968810 2.353728 8.468052
83.602 -0.434062 -1.955880 2.355474 8.486330
83.705 -0.442194 -1.947768 2.357394 8.497817
83.802 -0.450546 -1.939481 2.361059 8.509581
83.902 -0.463125 -1.927038 2.361059 8.527275
84.002 -0.470993 -1.919267 2.362804 8.538334
84.102 -0.484406 -1.905996 2.357394 8.557202
84.207 -0.492793 -1.897592 2.353728 8.569076
84.302 -0.501184 -1.889130 2.350063 8.580993
84.402 -0.513823 -1.876219 2.340988 8.599060
84.502 -0.520789 -1.868959 2.333657 8.609121
84.602 -0.527336 -1.862067 2.328247 8.618628
84.702 -0.535337 -1.853487 2.315506 8.630359
84.802 -0.543175 -1.844871 2.304685 8.642007
84.904 -0.548608 -1.838818 2.299449 8.650141
85.002 -0.551084 -1.836058 2.302939 8.653848
85.102 -0.550407 -1.836811 2.302939 8.654861
85.202 -0.550353 -1.836871 2.302939 8.654941
85.302 -0.550353 -1.836871 2.302939 8.654941
85.402 -0.550353 -1.836871 2.302939 8.654941
85.502 -0.550648 -1.836543 2.302939 8.655382
85.602 -0.554439 -1.832569 2.344827 8.660874
85.702 -0.561635 -1.825683 2.400678 8.670835
85.802 -0.569749 -1.818837 2.461764 8.681451
85.902 -0.596836 -1.814236 2.545499 8.708926
86.002 -0.639350 -1.817772 2.608678 8.751587
86.102 -0.646340 -1.813912 2.652312 8.759572
86.202 -0.656149 -1.809130 2.708162 8.770484
86.302 -0.674293 -1.801999 2.807471 8.789979
86.402 -0.685851 -1.798418 2.861751 8.802080
86.502 -0.702036 -1.794555 2.936800 8.818719
86.602 -0.712625 -1.792678 2.980434 8.829473
86.704 -0.726679 -1.790842 3.031048 8.843646
86.815 -0.743246 -1.789665 3.097371 8.860256
86.902 -0.754722 -1.789479 3.139259 8.871733
87.002 -0.756285 -1.797816 -3.091551 8.880215
87.102 -0.767718 -1.806972 -3.013535 8.894863
87.204 -0.777315 -1.808197 -3.020516 8.904538
87.302 -0.787611 -1.809442 -3.022261 8.914909
87.405 -0.804024 -1.810482 -3.114764 8.931355
87.501 -0.812592 -1.810452 3.121298 8.939923
87.602 -0.830773 -1.809015 3.018323 8.958161
87.702 -0.840938 -1.807359 2.957237 8.968460
87.802 -0.851248 -1.805059 2.901386 8.979023
87.902 -0.866933 -1.800385 2.817610 8.995389
88.002 -0.881889 -1.794638 2.744307 9.011411
88.102 -0.999492 -1.803431 2.608435 9.129343
88.202 -1.012463 -1.798059 2.561112 9.143382
88.302 -1.028987 -1.786300 2.494615 9.163663
88.401 -1.038350 -1.778711 2.440684 9.175715
88.502 -1.047029 -1.770884 2.386579 9.187402
88.602 -1.061092 -1.756601 2.325318 9.207446
88.702 -1.068829 -1.748066 2.295473 9.218967
88.802 -1.076071 -1.739594 2.271038 9.230112
88.902 -1.088445 -1.734090 2.251260 9.243654
89.002 -1.094568 -1.742937 2.274092 9.254414
89.101 -1.105291 -1.729920 2.251228 9.271278
89.202 -1.116304 -1.715733 2.212831 9.289238
89.302 -1.121571 -1.708550 2.198868 9.298145
89.402 -1.131365 -1.694651 2.174433 9.315148
89.502 -1.139213 -1.683084 2.160471 9.329126
89.602 -1.145651 -1.673173 2.143018 9.340945
89.702 -1.154694 -1.658512 2.111602 9.358170
89.802 -1.161581 -1.646945 2.102875 9.371633
89.902 -1.166895 -1.637808 2.095894 9.382202
90.002 -1.175133 -1.623175 2.074950 9.398995
90.102 -1.182218 -1.609931 2.057496 9.414014
90.202 -1.187632 -1.599688 2.055751 9.425601
90.302 -1.195891 -1.583958 2.052260 9.443367
90.401 -1.202104 -1.571441 2.024335 9.457341
90.501 -1.206970 -1.561006 1.996410 9.468855
90.602 -1.213940 -1.545475 1.992919 9.485878
90.702 -1.219960 -1.532072 1.992919 9.500571
90.802 -1.224788 -1.521346 1.994665 9.512334
90.902 -1.232247 -1.504879 1.996410 9.530411
91.002 -1.237197 -1.499730 2.009521 9.537554
91.101 -1.240699 -1.500833 2.030273 9.541225
91.201 -1.248009 -1.486103 2.032018 9.557669
91.302 -1.253903 -1.474304 2.035509 9.570859
91.402 -1.258992 -1.464131 2.035509 9.582233
91.503 -1.267274 -1.447612 2.035509 9.600712
91.602 -1.272643 -1.436902 2.035509 9.612692
91.702 -1.280405 -1.421352 2.033764 9.630072
91.802 -1.286989 -1.408115 2.032018 9.644857
91.902 -1.293584 -1.394808 2.030273 9.659708
92.002 -1.298758 -1.384374 2.032018 9.671354
92.102 -1.306350 -1.369121 2.033764 9.688392
92.202 -1.312955 -1.355888 2.033764 9.703182
92.302 -1.318308 -1.345176 2.035509 9.715157
92.402 -1.325652 -1.330296 2.025037 9.731750
92.502 -1.331571 -1.318055 2.018056 9.745348
92.604 -1.336428 -1.307917 2.016310 9.756589
92.702 -1.344008 -1.292020 2.014565 9.774201
92.802 -1.348993 -1.281581 2.016310 9.785769
92.901 -1.356775 -1.265334 2.018056 9.803783
93.002 -1.363041 -1.252211 2.016310 9.818326
93.102 -1.368280 -1.241168 2.012820 9.830549
93.202 -1.375663 -1.225614 2.014565 9.847766
93.302 -1.381910 -1.212474 2.014565 9.862315
93.402 -1.388479 -1.198704 2.016310 9.877571
93.502 -1.393660 -1.187904 2.019801 9.889550
93.602 -1.401185 -1.172241 2.018056 9.906927
93.702 -1.406199 -1.161764 2.018056 9.918542
93.803 -1.413750 -1.145701 2.007584 9.936291
93.902 -1.419828 -1.132392 1.991876 9.950923
94.002 -1.424321 -1.122489 1.997112 9.961797
94.101 -1.462405 -1.115286 1.995341 10.000557
94.202 -1.500868 -1.112284 1.991046 10.039136
94.301 -1.505526 -1.102003 2.001518 10.050423
94.402 -1.512122 -1.087386 1.989301 10.066460
94.502 -1.517419 -1.075097 1.971848 10.079842
94.602 -1.521788 -1.064373 1.952649 10.091421
94.702 -1.526013 -1.053309 1.924724 10.103265
94.802 -1.532476 -1.034607 1.888072 10.123051
94.902 -1.535745 -1.024320 1.870619 10.133846
95.002 -1.539027 -1.013417 1.858401 10.145232
95.102 -1.544773 -0.993050 1.832221 10.166393
95.202 -1.547435 -0.982889 1.825240 10.176898
95.302 -1.551166 -0.967577 1.799060 10.192658
95.402 -1.554171 -0.954214 1.788588 10.206355
95.502 -1.556782 -0.942063 1.779862 10.218783
95.602 -1.558991 -0.931564 1.778116 10.229511
95.702 -1.562603 -0.914312 1.776371 10.247138
95.802 -1.564596 -0.904750 1.776371 10.256905
95.902 -1.566563 -0.895235 1.774626 10.266622
96.002 -1.568885 -0.884463 1.809532 10.277641
96.102 -1.569126 -0.883514 1.826985 10.278620
96.202 -1.568851 -0.884240 1.947413 10.279397
96.302 -1.567931 -0.886270 2.032934 10.281625
96.402 -1.567035 -0.887879 2.116710 10.283467
96.502 -1.564797 -0.890927 2.266808 10.287249
96.602 -1.563558 -0.892251 2.357565 10.289062
96.702 -1.562331 -0.893328 2.449893 10.290695
96.802 -1.559617 -0.895169 2.608893 10.293974
96.902 -1.556677 -0.884819 2.719214 10.304733
97.001 -1.555192 -0.885402 2.809971 10.306329
97.102 -1.558598 -0.884612 2.970542 10.309826
97.202 -1.561172 -0.884303 3.056063 10.312418
97.302 -1.564520 -0.884210 -3.138111 10.315767
97.402 -1.579863 -0.892247 -3.022373 10.333088
97.502 -1.598256 -0.898065 -2.884782 10.352379
97.602 -1.608374 -0.901300 -2.801006 10.363002
97.706 -1.626004 -0.909267 -2.654224 10.382348
97.802 -1.635557 -0.914867 -2.586331 10.393422
97.902 -1.648835 -0.924340 -2.478121 10.409732
98.009 -1.680609 -0.937878 -2.427388 10.444270
98.102 -1.692989 -0.949857 -2.336631 10.461497
98.202 -1.702717 -0.960747 -2.280606 10.476099
98.301 -1.709736 -0.969316 -2.242383 10.487176
98.403 -1.720209 -0.983582 -2.175886 10.504874
98.502 -1.696857 -0.941637 -2.209170 10.552881
98.605 -1.703292 -0.950810 -2.165537 10.564085
98.702 -1.709820 -0.961133 -2.113177 10.576300
98.803 -1.717817 -0.975514 -2.057326 10.592755
98.902 -1.723263 -0.986344 -2.024165 10.604877
99.002 -1.727998 -0.996596 -1.991004 10.616169
99.102 -1.735428 -1.014559 -1.942135 10.635608
99.202 -1.743054 -1.025040 -1.929579 10.648570
99.302 -1.747058 -1.036365 -1.898163 10.660582
99.402 -1.752861 -1.055335 -1.844058 10.680420
99.502 -1.755535 -1.065632 -1.812642 10.691059
99.602 -1.757957 -1.076265 -1.782971 10.701964
99.702 -1.761416 -1.094564 -1.737593 10.720588
99.802 -1.763136 -1.105888 -1.714903 10.732041
99.902 -1.764551 -1.116834 -1.690469 10.743078
100.008 -1.766302 -1.131698 -1.688723 10.758045
100.103 -1.766418 -1.132674 -1.688723 10.759028
100.202 -1.767080 -1.138670 -1.678251 10.765060
100.302 -1.769097 -1.158815 -1.660798 10.785306
100.402 -1.769955 -1.169511 -1.646836 10.796036
100.501 -1.770730 -1.180855 -1.634618 10.807407
100.602 -1.771586 -1.200736 -1.597966 10.827306
100.702 -1.771726 -1.211566 -1.577022 10.838137
100.816 -1.771778 -1.218557 -1.578768 10.845128
100.902 -1.771799 -1.220917 -1.578768 10.847488
101.002 -1.771105 -1.230881 -1.569495 10.857476
101.102 -1.768411 -1.248235 -1.552827 10.875038
101.202 -1.767885 -1.265359 -1.531883 10.892170
101.302 -1.767012 -1.283446 -1.514430 10.910278
101.402 -1.766446 -1.292137 -1.503958 10.918988
101.502 -1.765003 -1.309774 -1.479523 10.936684
101.601 -1.763427 -1.325635 -1.465561 10.952622
101.702 -1.762521 -1.333873 -1.460150 10.960910
101.803 -1.760591 -1.349432 -1.437112 10.976589
101.902 -1.758512 -1.364339 -1.428210 10.991640
102.002 -1.757174 -1.373143 -1.415819 11.000545
102.102 -1.753718 -1.393316 -1.394526 11.021012
102.207 -1.751723 -1.404395 -1.390860 11.032269
102.302 -1.749662 -1.415417 -1.385450 11.043483
102.402 -1.746496 -1.431973 -1.378120 11.060339
102.501 -1.744306 -1.443172 -1.376374 11.071749
102.602 -1.740544 -1.461833 -1.367473 11.090786
102.705 -1.738279 -1.472512 -1.360492 11.101702
102.801 -1.735880 -1.483510 -1.351416 11.112959
102.902 -1.731466 -1.502959 -1.342689 11.132902
103.004 -1.728816 -1.514149 -1.337453 11.144402
103.102 -1.726162 -1.525139 -1.333788 11.155708
103.202 -1.721334 -1.545124 -1.335533 11.176268
103.302 -1.719246 -1.553887 -1.337453 11.185276
103.402 -1.714554 -1.573433 -1.333963 11.205378
103.503 -1.711900 -1.584432 -1.333963 11.216692
103.602 -1.709370 -1.594911 -1.333963 11.227472
103.705 -1.706206 -1.608023 -1.333963 11.240961
103.801 -1.702319 -1.624733 -1.348274 11.258117
103.902 -1.699801 -1.635979 -1.351940 11.269641
104.002 -1.695580 -1.655444 -1.359270 11.289558
104.102 -1.693175 -1.666768 -1.362935 11.301135
104.208 -1.690743 -1.678553 -1.372011 11.313168
104.302 -1.530364 -1.695718 -1.307960 11.474463
104.402 -1.527533 -1.706473 -1.313371 11.485585
104.502 -1.524638 -1.717612 -1.317036 11.497094
104.602 -1.521090 -1.731568 -1.324366 11.511494
104.703 -1.516888 -1.748954 -1.336758 11.529380
104.802 -1.514400 -1.760767 -1.380392 11.541452
104.902 -1.512494 -1.771995 -1.415473 11.552841
105.002 -1.509765 -1.796327 -1.495758 11.577325
105.102 -1.509284 -1.804772 -1.523683 11.585784
105.202 -1.509064 -1.822735 -1.584770 11.603749
105.303 -1.509163 -1.831201 -1.581279 11.612215
105.402 -1.509239 -1.836046 -1.588260 11.617061
105.502 -1.509853 -1.852456 -1.619676 11.633482
105.602 -1.511047 -1.870177 -1.654583 11.651243
105.702 -1.511899 -1.879252 -1.670291 11.660358
105.802 -1.514058 -1.896880 -1.705197 11.678117
105.902 -1.516882 -1.914545 -1.747085 11.696007
106.002 -1.518494 -1.922987 -1.766284 11.704602
106.102 -1.520692 -1.934044 -1.766284 11.715875
106.202 -1.523052 -1.945837 -1.769775 11.727902
106.305 -1.524820 -1.954603 -1.769775 11.736844
106.402 -1.528416 -1.971855 -1.781992 11.754467
106.505 -1.507346 -2.013292 -1.842768 11.800953
106.603 -1.511889 -2.029491 -1.846258 11.817777
106.702 -1.514971 -2.040269 -1.849749 11.828987
106.802 -1.518054 -2.051731 -1.830550 11.840857
106.902 -1.522649 -2.070348 -1.799134 11.860032
107.002 -1.524794 -2.079919 -1.786917 11.869841
107.102 -1.526804 -2.089656 -1.765973 11.879783
107.202 -1.529206 -2.102785 -1.745029 11.893130
107.302 -1.532092 -2.120601 -1.720595 11.911178
107.402 -1.533933 -2.132381 -1.727576 11.923101
107.502 -1.536258 -2.146645 -1.738048 11.937554
107.602 -1.538705 -2.163482 -1.701396 11.954568
107.703 -1.539992 -2.174762 -1.671725 11.965921
107.802 -1.541606 -2.192952 -1.654272 11.984182
107.902 -1.542701 -2.207729 -1.636819 11.998999
108.006 -1.543168 -2.217744 -1.607148 12.009025
108.102 -1.543294 -2.236220 -1.558279 12.027502
108.202 -1.543008 -2.246233 -1.532099 12.037518
108.302 -1.542469 -2.255607 -1.502428 12.046908
108.403 -1.540964 -2.271133 -1.453559 12.062508
108.503 -1.539043 -2.284988 -1.415162 12.076495
108.603 -1.537274 -2.295293 -1.390727 12.086951
108.701 -1.534142 -2.310351 -1.347094 12.102331
108.802 -1.530425 -2.325136 -1.308697 12.117576
108.901 -1.528313 -2.332592 -1.287753 12.125325
109.001 -1.523768 -2.346957 -1.247436 12.140392
109.102 -1.498237 -2.365342 -1.219517 12.171854
109.202 -1.459154 -2.382325 -1.138035 12.214467
109.302 -1.456669 -2.387274 -1.076948 12.220005
109.402 -1.453788 -2.392323 -1.040296 12.225818
109.502 -1.446928 -2.403196 -0.989682 12.238675
109.602 -1.440977 -2.412013 -0.965247 12.249311
109.702 -1.436226 -2.418737 -0.947794 12.257545
109.802 -1.430266 -2.426805 -0.926850 12.267576
109.902 -1.422285 -2.437074 -0.897179 12.280581
110.002 -1.415879 -2.445127 -0.897179 12.290872
110.102 -1.408203 -2.454744 -0.897179 12.303176
110.201 -1.395797 -2.470178 -0.891943 12.322978
110.302 -1.388928 -2.478655 -0.890198 12.333889
110.401 -1.378776 -2.491438 -0.905906 12.350212
110.502 -1.370517 -2.502110 -0.918123 12.363707
110.602 -1.364547 -2.510029 -0.932086 12.373624
110.702 -1.356488 -2.521106 -0.949539 12.387323
110.802 -1.349591 -2.530939 -0.965247 12.399333
110.902 -1.344622 -2.538246 -0.979210 12.408170
111.005 -1.337338 -2.548947 -0.968738 12.421115
111.102 -1.327415 -2.562996 -0.947794 12.438315
111.202 -1.321505 -2.571077 -0.930341 12.448326
111.302 -1.315712 -2.578725 -0.918123 12.457921
111.414 -1.273719 -2.580566 -0.902806 12.499954
111.502 -1.268200 -2.587437 -0.888843 12.508767
111.602 -1.259680 -2.597698 -0.874881 12.522104
111.701 -1.252779 -2.605926 -0.869645 12.532844
111.802 -1.250192 -2.609001 -0.871390 12.536862
111.902 -1.250535 -2.608592 -0.873135 12.537395
112.002 -1.251100 -2.607919 -0.871390 12.538274
112.102 -1.251255 -2.607734 -0.871390 12.538516
112.201 -1.251332 -2.607643 -0.871390 12.538635
112.303 -1.251332 -2.607643 -0.873135 12.538635
112.402 -1.251332 -2.607643 -0.874881 12.538635
112.502 -1.251319 -2.607658 -0.876626 12.538655
112.602 -1.251255 -2.607736 -0.880117 12.538756
112.702 -1.251267 -2.607720 -0.883607 12.538776
112.802 -1.251356 -2.607612 -0.887098 12.538916
112.902 -1.251356 -2.607612 -0.890589 12.538916
113.002 -1.251369 -2.607596 -0.894079 12.538937
113.102 -1.251582 -2.607329 -0.897570 12.539278
113.202 -1.251706 -2.607174 -0.901060 12.539476
113.302 -1.251892 -2.606938 -0.906296 12.539777
113.402 -1.251891 -2.606938 -0.913278 12.539777
113.501 -1.251830 -2.607017 -0.918514 12.539878
113.602 -1.251831 -2.607017 -0.920259 12.539879
113.703 -1.251939 -2.606874 -0.922004 12.540058
113.801 -1.251819 -2.607032 -0.922004 12.540256
113.902 -1.249158 -2.610517 -0.918514 12.544642
114.002 -1.241769 -2.620179 -0.918514 12.556805
114.101 -1.237273 -2.626049 -0.916768 12.564199
114.203 -1.230106 -2.635415 -0.916768 12.575992
114.301 -1.224148 -2.643199 -0.918514 12.585795
114.402 -1.219342 -2.649462 -0.916768 12.593689
114.502 -1.212988 -2.646216 -0.893688 12.600825
114.601 -1.205395 -2.655633 -0.893688 12.612921
114.702 -1.200318 -2.661927 -0.891943 12.621008
114.802 -1.195433 -2.667982 -0.891943 12.628788
114.903 -1.186592 -2.678952 -0.891943 12.642876
115.002 -1.181403 -2.685365 -0.890197 12.651126
115.102 -1.176497 -2.691431 -0.891943 12.658927
115.202 -1.167746 -2.702262 -0.891943 12.672852
115.301 -1.162954 -2.708213 -0.891943 12.680492
115.401 -1.157914 -2.714455 -0.890197 12.688515
115.502 -1.148995 -2.725476 -0.891943 12.702693
115.601 -1.144257 -2.731323 -0.888452 12.710219
115.701 -1.139230 -2.737510 -0.888452 12.718191
115.802 -1.130371 -2.748413 -0.888452 12.732239
115.902 -1.125129 -2.754865 -0.888452 12.740552
116.002 -1.120464 -2.760605 -0.888452 12.747948
116.102 -1.111416 -2.771740 -0.888452 12.762296
116.202 -1.106634 -2.777621 -0.886707 12.769876
116.301 -1.098998 -2.787001 -0.888452 12.781972
116.402 -1.092651 -2.794802 -0.888452 12.792028
116.502 -1.087628 -2.800967 -0.886707 12.799980
116.601 -1.080013 -2.810306 -0.884961 12.812030
116.701 -1.073848 -2.817851 -0.886707 12.821774
116.804 -1.067664 -2.825439 -0.886707 12.831563
116.902 -1.062836 -2.831360 -0.886707 12.839203
117.002 -1.055298 -2.840577 -0.886707 12.851109
117.102 -1.049157 -2.848071 -0.883216 12.860798
117.202 -1.044098 -2.854235 -0.883216 12.868773
117.302 -1.036651 -2.863308 -0.884961 12.880510
117.403 -1.031804 -2.869216 -0.883216 12.888152
117.502 -1.029777 -2.871679 -0.881471 12.891342
117.602 -1.029994 -2.871415 -0.883216 12.891684
117.702 -0.925307 -2.839610 -0.881411 13.001096
117.802 -0.925435 -2.839455 -0.883156 13.001297
117.902 -0.925587 -2.839269 -0.890137 13.001537
118.006 -0.925636 -2.839207 -0.891882 13.001616
118.103 -0.925524 -2.839347 -0.893628 13.001796
118.201 -0.925373 -2.839535 -0.897118 13.002037
118.302 -0.925298 -2.839629 -0.898864 13.002157
118.406 -0.925236 -2.839708 -0.902354 13.002257
118.503 -0.925162 -2.839802 -0.905845 13.002377
118.602 -0.925162 -2.839802 -0.909336 13.002377
118.702 -0.925053 -2.839943 -0.914572 13.002555
118.802 -0.924980 -2.840039 -0.921553 13.002675
118.902 -0.924968 -2.840055 -0.925044 13.002696
119.002 -0.924944 -2.840087 -0.926789 13.002736
119.102 -0.924824 -2.840248 -0.933770 13.002936
119.202 -0.924835 -2.840233 -0.939006 13.002954
119.301 -0.924894 -2.840152 -0.942497 13.003054
119.402 -0.925023 -2.839974 -0.947733 13.003274
119.503 -0.924988 -2.840023 -0.949478 13.003334
119.602 -0.924930 -2.840104 -0.952969 13.003435
119.702 -0.924883 -2.840169 -0.959950 13.003514
119.801 -0.924895 -2.840153 -0.963441 13.003534
119.902 -0.924906 -2.840136 -0.968677 13.003554
120.002 -0.924895 -2.840152 -0.972168 13.003574
120.104 -0.924940 -2.840087 -0.970422 13.003653
120.202 -0.922110 -2.844206 -0.968677 13.008651
120.302 -0.917414 -2.851026 -0.966932 13.016931
120.402 -0.910767 -2.860681 -0.968677 13.028654
120.502 -0.907281 -2.865754 -0.968677 13.034809
120.602 -0.902401 -2.872821 -0.965186 13.043397
120.702 -0.898061 -2.875393 -0.986300 13.048442
120.801 -0.895370 -2.876478 -0.997725 13.051344
