# t_sec x y yaw_rad cum_dist_m
0.102 0.001563 0.001398 0.001562 0.000000
0.204 0.001503 0.001398 0.022681 0.000059
0.302 0.002044 0.001412 0.033153 0.000600
0.402 0.001804 0.001399 0.068234 0.000840
0.502 0.001806 0.001399 0.099650 0.000842
0.602 0.002125 0.001435 0.129321 0.001163
0.702 0.002642 0.001522 0.167718 0.001687
0.802 0.002544 0.001504 0.200879 0.001786
0.902 0.002545 0.001504 0.225314 0.001787
1.002 0.002958 0.001607 0.267202 0.002213
1.102 0.002957 0.001605 0.296872 0.002216
1.202 0.003030 0.001633 0.337015 0.002294
1.302 0.003106 0.001662 0.368431 0.002375
1.402 0.003180 0.001692 0.399847 0.002455
1.502 0.003290 0.001741 0.436499 0.002576
1.602 0.003362 0.001776 0.472976 0.002656
1.701 0.003840 0.002031 0.509802 0.003198
1.802 0.003909 0.002072 0.529001 0.003278
1.904 0.003604 0.001883 0.569318 0.003637
2.002 0.003605 0.001884 0.598989 0.003638
2.102 0.040877 0.040774 0.639170 0.057505
2.202 0.041021 0.040880 0.670586 0.057684
2.302 0.040757 0.040666 0.696766 0.058025
2.402 0.041176 0.041035 0.735164 0.058583
2.502 0.040909 0.040775 0.773561 0.058955
2.602 0.041060 0.040932 0.799741 0.059173
2.704 0.041448 0.041343 0.832902 0.059739
2.802 0.041282 0.041145 0.874790 0.059997
2.906 0.041606 0.041560 0.916678 0.060524
3.002 0.041665 0.041636 0.937622 0.060620
3.106 0.041617 0.041588 0.984746 0.060687
3.202 0.041899 0.042026 1.009180 0.061207
3.303 0.041583 0.041496 1.047577 0.061824
3.401 0.041810 0.041916 1.084229 0.062301
3.502 0.093099 0.028554 1.128781 0.115302
3.602 0.093088 0.028532 1.149899 0.115327
3.708 0.093292 0.029013 1.191787 0.115849
3.802 0.093193 0.028751 1.226694 0.116129
3.904 0.093207 0.028793 1.256365 0.116174
4.002 0.093305 0.029103 1.273992 0.116499
4.102 0.093274 0.029025 1.328098 0.116583
4.202 0.093334 0.029280 1.352532 0.116845
4.302 0.093351 0.029379 1.389184 0.116946
4.402 0.093369 0.029483 1.418855 0.117051
4.502 0.093357 0.029384 1.464233 0.117150
4.602 0.093390 0.029764 1.493904 0.117531
4.702 0.093407 0.030042 1.527065 0.117810
4.802 0.093398 0.029683 1.556736 0.118169
4.902 0.107981 0.035846 1.593210 0.134001
5.017 0.130959 0.044870 1.622338 0.158687
5.102 0.130950 0.044991 1.648518 0.158809
5.202 0.130954 0.044956 1.672952 0.158844
5.305 0.130894 0.045393 1.723567 0.159285
5.403 0.130851 0.045649 1.748001 0.159544
5.502 0.130852 0.045627 1.793380 0.159566
5.602 0.130818 0.045763 1.819560 0.159706
5.702 0.130769 0.045937 1.863193 0.159887
5.802 0.130723 0.046077 1.899845 0.160034
5.902 0.130797 0.045878 1.926025 0.160246
6.002 0.130677 0.046168 1.960932 0.160560
6.102 0.130596 0.046354 2.001074 0.160763
6.202 0.130743 0.046049 2.030745 0.161102
6.302 0.130668 0.046191 2.062161 0.161262
6.402 0.130445 0.046597 2.102129 0.161726
6.502 0.130487 0.046532 2.130229 0.161803
6.602 0.124092 0.050967 2.112240 0.169585
6.702 0.123977 0.051149 2.145575 0.169800
6.802 0.123968 0.051164 2.176991 0.169817
6.902 0.123911 0.051241 2.213643 0.169914
7.003 0.123692 0.051516 2.255531 0.170265
7.102 0.123705 0.051499 2.278220 0.170285
7.202 0.123264 0.051989 2.316618 0.170944
7.302 0.123669 0.051574 2.351699 0.171524
7.402 0.123468 0.051767 2.376308 0.171803
7.502 0.123025 0.052175 2.412960 0.172404
7.602 0.123442 0.051819 2.451357 0.172952
7.702 0.122957 0.052205 2.479282 0.173572
7.802 0.122781 0.052339 2.508953 0.173792
7.902 0.122991 0.052180 2.557822 0.174055
8.002 0.122496 0.052496 2.584002 0.174643
8.107 0.115170 0.042434 2.598420 0.187089
8.202 0.109617 0.036031 2.636950 0.195566
8.302 0.109428 0.036135 2.664875 0.195781
8.402 0.109704 0.035995 2.689310 0.196090
8.502 0.109137 0.036251 2.741670 0.196711
8.602 0.109341 0.036169 2.764359 0.196931
8.702 0.109265 0.036197 2.790539 0.197011
8.801 0.109076 0.036262 2.823700 0.197212
8.902 0.108768 0.036350 2.867333 0.197532
9.002 0.108611 0.036393 2.893513 0.197695
9.102 0.108687 0.036372 2.935401 0.197774
9.201 0.108433 0.036420 2.963327 0.198033
9.302 0.108451 0.036419 2.996488 0.198052
9.402 0.108217 0.036445 3.036630 0.198287
9.509 0.108017 0.036466 3.066301 0.198488
9.603 0.108201 0.036454 3.097717 0.198672
9.702 0.107480 0.015417 -3.117246 0.219722
9.804 0.107600 0.015423 -3.089321 0.219842
9.902 0.107541 0.015417 -3.061396 0.219902
10.002 0.106961 0.015360 -3.024569 0.220484
10.102 0.107101 0.015378 -2.980936 0.220626
10.202 0.106874 0.015339 -2.961737 0.220856
10.302 0.107064 0.015377 -2.923340 0.221050
10.402 0.106537 0.015248 -2.884943 0.221593
10.502 0.106153 0.015140 -2.860508 0.221992
10.602 0.106424 0.015228 -2.808148 0.222277
10.702 0.106293 0.015180 -2.778478 0.222417
10.802 0.106049 0.015082 -2.754043 0.222679
10.902 0.106245 0.015174 -2.708665 0.222895
11.002 0.105941 0.015025 -2.680565 0.223234
11.102 0.105692 0.014897 -2.652814 0.223514
11.202 0.105638 0.014869 -2.603945 0.223575
11.302 0.105575 0.014828 -2.572529 0.223650
11.402 0.111278 0.017705 -2.539636 0.230038
11.502 0.113995 0.019107 -2.495350 0.233096
11.602 0.114121 0.019206 -2.467425 0.233255
11.703 0.113925 0.019039 -2.437754 0.233513
11.802 0.113397 0.018577 -2.397612 0.234214
11.902 0.113429 0.018603 -2.359215 0.234255
12.002 0.113271 0.018441 -2.334780 0.234481
12.102 0.113324 0.018502 -2.287656 0.234562
12.202 0.113044 0.018170 -2.259731 0.234997
12.302 0.112876 0.017961 -2.238787 0.235265
12.402 0.112990 0.018112 -2.191663 0.235455
12.503 0.112618 0.017568 -2.160247 0.236114
12.602 0.112687 0.017683 -2.132322 0.236248
12.702 0.112845 0.017939 -2.100906 0.236549
12.805 0.112426 0.017186 -2.059018 0.237410
12.902 0.112588 0.017509 -2.031093 0.237771
13.002 0.115988 0.041975 -1.913592 0.262472
13.102 0.115968 0.041918 -1.883921 0.262533
13.202 0.115975 0.041939 -1.859487 0.262554
13.302 0.115743 0.041086 -1.817599 0.263438
13.402 0.115907 0.041829 -1.773966 0.264199
13.502 0.115908 0.041828 -1.751276 0.264200
13.602 0.115844 0.041478 -1.707643 0.264557
13.702 0.115832 0.041313 -1.672737 0.264721
13.802 0.115794 0.040913 -1.650047 0.265123
13.902 0.115795 0.040908 -1.604494 0.265129
14.001 0.115790 0.040665 -1.564526 0.265371
14.102 0.115788 0.040708 -1.540091 0.265414
14.202 0.115799 0.040606 -1.498204 0.265517
14.302 0.115201 0.041480 -1.456609 0.266575
14.402 0.110575 0.051694 -1.387906 0.277788
14.502 0.110614 0.051496 -1.346018 0.277989
14.602 0.110623 0.051461 -1.323328 0.278026
14.704 0.110723 0.051116 -1.276205 0.278384
14.802 0.110753 0.051022 -1.250025 0.278483
14.904 0.110648 0.051325 -1.216863 0.278803
15.002 0.110901 0.050672 -1.185447 0.279503
15.103 0.110853 0.050781 -1.140069 0.279622
15.202 0.110896 0.050690 -1.119125 0.279723
15.302 0.110989 0.050511 -1.070256 0.279925
15.402 0.110975 0.050534 -1.038840 0.279953
15.505 0.111058 0.050398 -1.016151 0.280112
15.609 0.111168 0.050230 -0.979499 0.280313
15.702 0.111134 0.050277 -0.939356 0.280371
15.803 0.111291 0.050069 -0.913176 0.280632
15.902 0.103072 0.052909 -0.877661 0.289329
16.002 0.090291 0.057539 -0.816103 0.302922
16.107 0.090489 0.057339 -0.760427 0.303203
16.202 0.090515 0.057315 -0.742974 0.303239
16.302 0.090425 0.057394 -0.718365 0.303359
16.402 0.090377 0.057438 -0.681713 0.303424
16.502 0.090839 0.057084 -0.636334 0.304006
16.602 0.091033 0.056945 -0.611900 0.304244
16.702 0.090721 0.057154 -0.580484 0.304620
16.801 0.091147 0.056894 -0.535105 0.305119
16.902 0.091147 0.056893 -0.507180 0.305120
17.003 0.091253 0.056837 -0.475589 0.305240
17.105 0.091324 0.056800 -0.433701 0.305320
17.202 0.091413 0.056761 -0.407696 0.305417
17.302 0.075455 0.060875 -0.363081 0.321897
17.402 0.071581 0.061886 -0.322024 0.325901
17.501 0.071677 0.061857 -0.295844 0.326001
17.602 0.072312 0.061679 -0.250465 0.326660
17.702 0.072019 0.061747 -0.219049 0.326961
17.802 0.072273 0.061698 -0.189379 0.327220
17.902 0.072905 0.061590 -0.147491 0.327860
18.002 0.072825 0.061603 -0.116075 0.327941
18.102 0.073124 0.061570 -0.089720 0.328242
18.202 0.072917 0.061582 -0.049578 0.328448
18.302 0.073423 0.061566 -0.032124 0.328955
18.401 0.073745 0.061556 -0.032124 0.329276
18.501 0.073745 0.061556 -0.032124 0.329276
18.602 0.073745 0.061556 -0.032124 0.329276
18.702 0.073745 0.061556 -0.032124 0.329276
18.802 0.073745 0.061556 -0.032124 0.329276
18.902 0.073745 0.061556 -0.032124 0.329276
19.002 0.073745 0.061556 -0.032124 0.329276
19.102 0.073745 0.061556 -0.032124 0.329276
19.203 0.073745 0.061556 -0.032124 0.329276
19.302 0.073745 0.061556 -0.032124 0.329276
19.402 0.073745 0.061556 -0.032124 0.329276
19.504 0.073745 0.061556 -0.032124 0.329276
19.602 0.073745 0.061556 -0.032124 0.329276
19.701 0.073745 0.061556 -0.032124 0.329276
19.802 0.073745 0.061556 -0.032124 0.329276
19.902 0.073745 0.061556 -0.032124 0.329276
20.007 0.073745 0.061556 -0.032124 0.329276
20.102 0.073745 0.061556 -0.032124 0.329276
20.202 0.081149 0.061332 -0.028634 0.336684
20.302 0.091426 0.061041 -0.026888 0.346965
20.403 0.101259 0.060781 -0.026888 0.356801
20.502 0.054840 0.006830 0.027524 0.427973
20.602 0.061941 -0.000601 0.031874 0.438252
20.702 0.072971 -0.000250 0.031874 0.449288
20.802 0.085370 0.000293 0.049327 0.461699
20.902 0.097166 0.000964 0.063639 0.473513
21.003 0.114834 0.002111 0.067304 0.491218
21.103 0.129950 0.003141 0.067304 0.506369
21.202 0.141554 0.003933 0.069049 0.518000
21.302 0.159155 0.005135 0.069049 0.535642
21.402 0.173393 0.006119 0.069049 0.549914
21.502 0.185370 0.006948 0.069049 0.561921
21.603 0.202222 0.008113 0.069049 0.578813
21.702 0.213352 0.008863 0.067304 0.589968
21.802 0.230819 0.010013 0.065384 0.607473
21.906 0.245222 0.010914 0.061719 0.621904
22.002 0.259324 0.011776 0.059973 0.636032
22.102 0.269693 0.012399 0.059973 0.646420
22.202 0.287903 0.013503 0.061719 0.664663
22.302 0.302071 0.014390 0.063639 0.678858
22.402 0.313943 0.015173 0.067304 0.690756
22.502 0.325563 0.015972 0.069049 0.702404
22.602 0.345677 0.017321 0.065384 0.722563
22.702 0.356345 0.018001 0.063639 0.733253
22.802 0.374105 0.019132 0.063639 0.751049
22.902 0.388311 0.020027 0.061719 0.765283
23.001 0.399493 0.020708 0.059973 0.776485
23.102 0.416949 0.021750 0.058054 0.793973
23.202 0.428922 0.022436 0.056308 0.805966
23.302 0.445846 0.023389 0.056308 0.822916
23.402 0.459343 0.024150 0.056308 0.836434
23.502 0.470458 0.024787 0.056308 0.847568
23.602 0.488185 0.025736 0.052643 0.865321
23.702 0.568254 0.100592 0.073901 0.974931
23.802 0.579365 0.101375 0.068665 0.986070
23.902 0.596498 0.102368 0.047721 1.003231
24.002 0.610122 0.102817 0.021541 1.016863
24.102 0.620694 0.102891 0.000423 1.027435
24.202 0.637521 0.102576 -0.032739 1.044265
24.302 0.651622 0.101902 -0.056999 1.058382
24.402 0.662129 0.101138 -0.083353 1.068916
24.503 0.672568 0.100142 -0.102552 1.079403
24.602 0.693102 0.097696 -0.126986 1.100083
24.703 0.704165 0.096146 -0.149676 1.111254
24.804 0.715521 0.094106 -0.191564 1.122791
24.902 0.735061 0.089595 -0.245669 1.142846
25.002 0.746506 0.086541 -0.268358 1.154690
25.101 0.757493 0.083354 -0.289302 1.166130
25.202 0.777037 0.077398 -0.300123 1.186562
25.302 0.788406 0.073879 -0.300123 1.198463
25.402 0.799859 0.070273 -0.305534 1.210471
25.502 0.819046 0.064066 -0.333633 1.230636
25.602 0.830277 0.059913 -0.366795 1.242610
25.702 0.841403 0.055351 -0.399956 1.254636
25.802 0.857581 0.047775 -0.466278 1.272500
25.901 0.866675 0.042949 -0.501185 1.282795
26.002 0.881168 0.034418 -0.553545 1.299612
26.102 0.890725 0.028221 -0.588451 1.311002
26.202 0.904874 0.018148 -0.640811 1.328371
26.302 0.950633 0.011499 -0.742326 1.374611
26.403 1.007064 0.007964 -0.863574 1.431152
26.502 1.016822 -0.004150 -0.907207 1.446707
26.602 1.024778 -0.014776 -0.940368 1.459982
26.702 1.031139 -0.023810 -0.966548 1.471031
26.802 1.040986 -0.038733 -1.001455 1.488910
26.902 1.048727 -0.051346 -1.031125 1.503708
27.002 1.053617 -0.059756 -1.052069 1.513437
27.101 1.059563 -0.070624 -1.081740 1.525825
27.202 1.066889 -0.085051 -1.114901 1.542006
27.302 1.070729 -0.093161 -1.130609 1.550979
27.404 1.072708 -0.097345 -1.128864 1.555608
27.502 1.073848 -0.099765 -1.130609 1.558283
27.602 1.078104 -0.108981 -1.144572 1.568434
27.704 1.084901 -0.124594 -1.170752 1.585462
27.806 1.089751 -0.136410 -1.189950 1.598235
27.903 1.093276 -0.145421 -1.200422 1.607911
28.002 1.094797 -0.149320 -1.198677 1.612096
28.102 1.096762 -0.131831 -1.185583 1.629695
28.202 1.101647 -0.113153 -1.174425 1.649001
28.302 1.105299 -0.121932 -1.177916 1.658509
28.403 1.112329 -0.139457 -1.197115 1.677391
28.502 1.116534 -0.150421 -1.209332 1.689135
28.602 1.119998 -0.160008 -1.228705 1.699328
28.702 1.126073 -0.177617 -1.248078 1.717955
28.802 1.129304 -0.187424 -1.258725 1.728280
28.902 1.133743 -0.201512 -1.262041 1.743052
29.003 1.136411 -0.209843 -1.258550 1.751799
29.102 1.141932 -0.226768 -1.254885 1.769602
29.202 1.142733 -0.229203 -1.252965 1.772165
29.302 1.142888 -0.229675 -1.252965 1.772662
29.402 1.146705 -0.241168 -1.243890 1.784772
29.506 1.150506 -0.252185 -1.233068 1.796426
29.602 1.151716 -0.255612 -1.229578 1.800061
29.702 1.155426 -0.265921 -1.223993 1.811017
29.802 1.156389 -0.268586 -1.223993 1.813851
29.903 1.156396 -0.268605 -1.223993 1.813871
30.002 1.156382 -0.268567 -1.223993 1.813911
30.102 1.156382 -0.268567 -1.223993 1.813911
30.202 1.156382 -0.268567 -1.223993 1.813911
30.302 1.156382 -0.268567 -1.223993 1.813911
30.402 1.156382 -0.268567 -1.223993 1.813911
30.501 1.156382 -0.268567 -1.223993 1.813911
30.609 1.156382 -0.268567 -1.223993 1.813911
30.702 1.156382 -0.268567 -1.223993 1.813911
30.802 1.156382 -0.268567 -1.223993 1.813911
30.902 1.156382 -0.268567 -1.223993 1.813911
31.002 1.156382 -0.268567 -1.223993 1.813911
31.102 1.156382 -0.268567 -1.223993 1.813911
31.202 1.156382 -0.268567 -1.223993 1.813911
31.302 1.177732 -0.296326 -1.191511 1.848930
31.402 1.177732 -0.296326 -1.191511 1.848930
31.502 1.177732 -0.296326 -1.191511 1.848930
31.602 1.177732 -0.296326 -1.191511 1.848930
31.702 1.177732 -0.296326 -1.191511 1.848930
31.802 1.177732 -0.296326 -1.191511 1.848930
31.902 1.177732 -0.296326 -1.191511 1.848930
32.002 1.177732 -0.296326 -1.191511 1.848930
32.103 1.177732 -0.296326 -1.191511 1.848930
32.206 1.177732 -0.296326 -1.191511 1.848930
32.302 1.177732 -0.296326 -1.191511 1.848930
32.402 1.177732 -0.296326 -1.191511 1.848930
32.502 1.177732 -0.296326 -1.191511 1.848930
32.602 1.177732 -0.296326 -1.191511 1.848930
32.702 1.177732 -0.296326 -1.191511 1.848930
32.802 1.177732 -0.296326 -1.191511 1.848930
32.902 1.177732 -0.296326 -1.191511 1.848930
33.002 1.177732 -0.296326 -1.191511 1.848930
33.106 1.177732 -0.296326 -1.191511 1.848930
33.202 1.177732 -0.296326 -1.191511 1.848930
33.307 1.177732 -0.296326 -1.191511 1.848930
33.402 1.177732 -0.296326 -1.191511 1.848930
33.502 1.178603 -0.298503 -1.189766 1.851276
33.602 1.181109 -0.304698 -1.184356 1.857958
33.702 1.183992 -0.311568 -1.165157 1.865408
33.802 1.187465 -0.319265 -1.138977 1.873852
33.901 1.193813 -0.332338 -1.111052 1.888385
34.001 1.194045 -0.332807 -1.111052 1.888909
34.102 1.194179 -0.333078 -1.111052 1.889211
34.202 1.194117 -0.332951 -1.111052 1.889352
34.302 1.194080 -0.332877 -1.111052 1.889435
34.402 1.207083 -0.330771 -1.107825 1.902608
34.504 1.207083 -0.330771 -1.107825 1.902608
34.602 1.207083 -0.330771 -1.107825 1.902608
34.702 1.207083 -0.330771 -1.107825 1.902608
34.802 1.207083 -0.330771 -1.107825 1.902608
34.902 1.207083 -0.330771 -1.107825 1.902608
35.002 1.207083 -0.330771 -1.107825 1.902608
35.102 1.207083 -0.330771 -1.107825 1.902608
35.202 1.207083 -0.330771 -1.107825 1.902608
35.302 1.207083 -0.330771 -1.107825 1.902608
35.402 1.207083 -0.330771 -1.107825 1.902608
35.501 1.207083 -0.330771 -1.107825 1.902608
35.601 1.207083 -0.330771 -1.107825 1.902608
35.702 1.207083 -0.330771 -1.107825 1.902608
35.801 1.207083 -0.330771 -1.107825 1.902608
35.901 1.207083 -0.330771 -1.107825 1.902608
36.002 1.207083 -0.330771 -1.107825 1.902608
36.102 1.207083 -0.330771 -1.107825 1.902608
36.202 1.207083 -0.330771 -1.107825 1.902608
36.302 1.207083 -0.330771 -1.107825 1.902608
36.402 1.207083 -0.330771 -1.107825 1.902608
36.502 1.207083 -0.330771 -1.107825 1.902608
36.602 1.207083 -0.330771 -1.107825 1.902608
36.702 1.207083 -0.330771 -1.107825 1.902608
36.802 1.207083 -0.330771 -1.107825 1.902608
36.902 1.208599 -0.333892 -1.123533 1.906078
37.003 1.211006 -0.339002 -1.134005 1.911727
37.102 1.216513 -0.351403 -1.168912 1.925295
37.201 1.221762 -0.364578 -1.205564 1.939477
37.302 1.225843 -0.375875 -1.236980 1.951488
37.402 1.231201 -0.392358 -1.270141 1.968821
37.502 1.229430 -0.411620 -1.311729 1.988164
37.602 1.232232 -0.422472 -1.322201 1.999371
37.702 1.235967 -0.437901 -1.336338 2.015246
37.802 1.239296 -0.452331 -1.346984 2.030056
37.904 1.241916 -0.464067 -1.354315 2.042080
38.002 1.245228 -0.479711 -1.368452 2.058072
38.104 1.247389 -0.490714 -1.379098 2.069284
38.202 1.250562 -0.507674 -1.391839 2.086539
38.302 1.253036 -0.521639 -1.399170 2.100721
38.402 1.254741 -0.531696 -1.408071 2.110922
38.504 1.257122 -0.547256 -1.425524 2.126663
38.602 1.259157 -0.561790 -1.436171 2.141338
38.701 1.260557 -0.572736 -1.444897 2.152374
38.802 1.262251 -0.586741 -1.453624 2.166480
38.902 1.264165 -0.603592 -1.460605 2.183440
39.002 1.265419 -0.615239 -1.469332 2.195154
39.102 1.266824 -0.629379 -1.472823 2.209364
39.201 1.268139 -0.643101 -1.476313 2.223149
39.301 1.269649 -0.659500 -1.479804 2.239617
39.402 1.270925 -0.673921 -1.483295 2.254095
39.502 1.271923 -0.685535 -1.488531 2.265751
39.602 1.272882 -0.703629 -1.535654 2.283870
39.702 1.273069 -0.715624 -1.563580 2.295867
39.801 1.273160 -0.733281 -1.567070 2.313525
39.902 1.273189 -0.747794 -1.568816 2.328038
40.002 1.273197 -0.759788 -1.570561 2.340032
40.102 1.273206 -0.774528 -1.570561 2.354771
40.202 1.273240 -0.791568 -1.568816 2.371811
40.301 1.273289 -0.803477 -1.565325 2.383721
40.402 1.273490 -0.821161 -1.554853 2.401406
40.502 1.273770 -0.835304 -1.549617 2.415552
40.602 1.274012 -0.846092 -1.546126 2.426342
40.701 1.303916 -0.922488 -1.619487 2.508383
40.802 1.303245 -0.937100 -1.614251 2.523010
40.902 1.302769 -0.948648 -1.610761 2.534568
41.002 1.302232 -0.963056 -1.607270 2.548986
41.102 1.301659 -0.980433 -1.600289 2.566373
41.202 1.301382 -0.991057 -1.595053 2.577000
41.302 1.301141 -1.004528 -1.586326 2.590474
41.402 1.300937 -1.022399 -1.579345 2.608346
41.504 1.300867 -1.034129 -1.577599 2.620076
41.602 1.300599 -1.046083 -1.595053 2.632032
41.705 1.299792 -1.067492 -1.612506 2.653457
41.802 1.299315 -1.079289 -1.610761 2.665264
41.903 1.298877 -1.091162 -1.607270 2.677145
42.002 1.298394 -1.111017 -1.586326 2.697005
42.102 1.298300 -1.121907 -1.577599 2.707896
42.202 1.298282 -1.135520 -1.567127 2.721509
42.302 1.298489 -1.152046 -1.551419 2.738036
42.402 1.298753 -1.163965 -1.547754 2.749958
42.502 1.299180 -1.178457 -1.535188 2.764457
42.602 1.299877 -1.194962 -1.524367 2.780976
42.704 1.300438 -1.205285 -1.513720 2.791314
42.802 1.301141 -1.217280 -1.510055 2.803330
42.902 1.302406 -1.238167 -1.518782 2.824255
43.002 1.302888 -1.250275 -1.537980 2.836373
43.102 1.303071 -1.261792 -1.562415 2.847891
43.202 1.303229 -1.282006 -1.562415 2.868105
43.302 1.303269 -1.293801 -1.573062 2.879901
43.403 1.302797 -1.310712 -1.613204 2.896819
43.502 1.302147 -1.321848 -1.634148 2.907974
43.602 1.301113 -1.339704 -1.627167 2.925859
43.703 1.300284 -1.354971 -1.625421 2.941148
43.802 1.299641 -1.366369 -1.628912 2.952565
43.902 1.398580 -1.409319 -1.522185 3.060424
44.001 1.399433 -1.426858 -1.522185 3.077983
44.102 1.400005 -1.438630 -1.525676 3.089770
44.203 1.400450 -1.451965 -1.543129 3.103112
44.302 1.400772 -1.468664 -1.564073 3.119814
44.402 1.400604 -1.480180 -1.595489 3.131332
44.502 1.399936 -1.494667 -1.628650 3.145834
44.601 1.398876 -1.511828 -1.635632 3.163027
44.702 1.397807 -1.526867 -1.649594 3.178104
44.801 1.396765 -1.538653 -1.667048 3.189936
44.902 1.395520 -1.550088 -1.687992 3.201439
45.002 1.393152 -1.569731 -1.694973 3.221224
45.102 1.391704 -1.581131 -1.698464 3.232715
45.202 1.388972 -1.598718 -1.742097 3.250514
45.302 1.386854 -1.609851 -1.763041 3.261846
45.402 1.383411 -1.626463 -1.783985 3.278812
45.502 1.380297 -1.640336 -1.794457 3.293029
45.602 1.377763 -1.651115 -1.808419 3.304103
45.702 1.374498 -1.663925 -1.832854 3.317322
45.802 1.370681 -1.677503 -1.852053 3.331426
45.902 1.367946 -1.686587 -1.869506 3.340913
46.002 1.365042 -1.695786 -1.883468 3.350559
46.102 1.361342 -1.706868 -1.902667 3.362243
46.202 1.358848 -1.713923 -1.916630 3.369726
46.302 1.356076 -1.721549 -1.909648 3.377840
46.403 1.356028 -1.721669 -1.883468 3.377969
46.503 1.355902 -1.722151 -1.834599 3.378467
46.602 1.355922 -1.722070 -1.792711 3.378551
46.702 1.355859 -1.722383 -1.761295 3.378870
46.802 1.378403 -1.728294 -1.722151 3.402176
46.902 1.411489 -1.736576 -1.716693 3.436283
47.002 1.411580 -1.735486 -1.659097 3.437376
47.102 1.411692 -1.733766 -1.622445 3.439100
47.202 1.411719 -1.732051 -1.564849 3.440815
47.302 1.411668 -1.730471 -1.517725 3.442396
47.402 1.411596 -1.729577 -1.481074 3.443293
47.502 1.411470 -1.728491 -1.437440 3.444386
47.602 1.410926 -1.725458 -1.371118 3.447467
47.703 1.410458 -1.723429 -1.329230 3.449550
47.806 1.409978 -1.721648 -1.289087 3.451395
47.902 1.409029 -1.718767 -1.228001 3.454428
48.002 1.410083 -1.721265 -1.229655 3.457139
48.102 1.410999 -1.705979 -1.231612 3.472452
48.202 1.414714 -1.717408 -1.269835 3.484470
48.302 1.419377 -1.733919 -1.315388 3.501627
48.402 1.422099 -1.745401 -1.350295 3.513427
48.502 1.425784 -1.765134 -1.413127 3.533502
48.617 1.427966 -1.782240 -1.468977 3.550746
48.702 1.428912 -1.793390 -1.495157 3.561936
48.802 1.429561 -1.804881 -1.524828 3.573445
48.906 1.429863 -1.815730 -1.554498 3.584298
49.002 1.429716 -1.836642 -1.598132 3.605211
49.102 1.429260 -1.848334 -1.620821 3.616912
49.202 1.428664 -1.859184 -1.627802 3.627778
49.302 1.427297 -1.879957 -1.640019 3.648596
49.402 1.426346 -1.891574 -1.659218 3.660252
49.502 1.425176 -1.903644 -1.673181 3.672378
49.602 1.443450 -1.958445 -1.747249 3.730146
49.702 1.440442 -1.974524 -1.764702 3.746504
49.802 1.438618 -1.983499 -1.773429 3.755662
49.902 1.434100 -2.003480 -1.799609 3.776147
50.003 1.431405 -2.014917 -1.804845 3.787898
50.102 1.428599 -2.026580 -1.811826 3.799894
50.203 1.424925 -2.041139 -1.825789 3.814909
50.302 1.420438 -2.057755 -1.843242 3.832120
50.402 1.417328 -2.068525 -1.857205 3.843330
50.503 1.411820 -2.086069 -1.881639 3.861719
50.602 1.408338 -2.096581 -1.897347 3.872792
50.702 1.404630 -2.107382 -1.906074 3.884212
50.802 1.398415 -2.124890 -1.918291 3.902790
50.902 1.394833 -2.134621 -1.925272 3.913160
51.002 1.390674 -2.145826 -1.927018 3.925112
51.102 1.385093 -2.160646 -1.932254 3.940947
51.202 1.378258 -2.178795 -1.930508 3.960341
51.302 1.374057 -2.189954 -1.932254 3.972265
51.402 1.369868 -2.200903 -1.937490 3.983988
51.501 1.362435 -2.219846 -1.958434 4.004336
51.601 1.358345 -2.229417 -1.982868 4.014745
51.702 1.354105 -2.238799 -2.000322 4.025041
51.802 1.349472 -2.248888 -2.002067 4.036142
51.902 1.340658 -2.267504 -2.026502 4.056739
52.001 1.335311 -2.277910 -2.056172 4.068439
52.102 1.325516 -2.295709 -2.082352 4.088755
52.202 1.319741 -2.305995 -2.082352 4.100551
52.324 1.310562 -2.322223 -2.085843 4.119196
52.402 1.303563 -2.334620 -2.084097 4.133431
52.502 1.297706 -2.345043 -2.082352 4.145388
52.602 1.291945 -2.355316 -2.080607 4.157166
52.702 1.295835 -2.383883 -2.123001 4.185997
52.802 1.300081 -2.425181 -2.205428 4.227513
52.902 1.293374 -2.434433 -2.196702 4.238940
53.002 1.283302 -2.448461 -2.191466 4.256209
53.102 1.273128 -2.462769 -2.186230 4.273765
53.202 1.268060 -2.469937 -2.186230 4.282544
53.302 1.261314 -2.479496 -2.184484 4.294244
53.402 1.249105 -2.497042 -2.175758 4.315619
53.502 1.242584 -2.506526 -2.172267 4.327129
53.602 1.231714 -2.522451 -2.167031 4.346410
53.702 1.225570 -2.531513 -2.165286 4.357359
53.801 1.218935 -2.541458 -2.156559 4.369314
53.902 1.212421 -2.551341 -2.149578 4.381151
54.001 1.201111 -2.567837 -2.191466 4.401152
54.102 1.194468 -2.576760 -2.219391 4.412275
54.201 1.182729 -2.592798 -2.193211 4.432151
54.302 1.176131 -2.602044 -2.189720 4.443510
54.402 1.170300 -2.610419 -2.174012 4.453715
54.502 1.163149 -2.620949 -2.161795 4.466443
54.602 1.153829 -2.634991 -2.147832 4.483296
54.702 1.147716 -2.644436 -2.140851 4.494547
54.802 1.139923 -2.656967 -2.121652 4.509304
54.902 1.131062 -2.671797 -2.098963 4.526580
55.002 1.125405 -2.681610 -2.088491 4.537907
55.102 1.120348 -2.690616 -2.079765 4.548235
55.202 1.110965 -2.708267 -2.041367 4.568225
55.302 1.105636 -2.719074 -2.022169 4.580275
55.402 1.098178 -2.734459 -2.022169 4.597371
55.502 1.090356 -2.750595 -2.022169 4.615304
55.602 1.086504 -2.758541 -2.022169 4.624134
55.702 1.078850 -2.774321 -2.023914 4.641672
55.802 1.071924 -2.788409 -2.029150 4.657371
55.902 1.139423 -2.851320 -1.923686 4.749642
56.002 1.151847 -2.875430 -1.902325 4.776764
56.104 1.148032 -2.885543 -1.954685 4.787573
56.203 1.144911 -2.892667 -2.000063 4.795350
56.302 1.139772 -2.902722 -2.078603 4.806643
56.402 1.136555 -2.908068 -2.132708 4.812882
56.502 1.131923 -2.914831 -2.197285 4.821079
56.601 1.126540 -2.921654 -2.270589 4.829770
56.702 1.123163 -2.925426 -2.317713 4.834833
56.802 1.118784 -2.929850 -2.371818 4.841058
56.910 1.114753 -2.933532 -2.413706 4.846517
57.008 1.114518 -2.933742 -2.411786 4.846832
57.102 1.114853 -2.933442 -2.411786 4.847282
57.202 1.114985 -2.933324 -2.411786 4.847459
57.302 1.114985 -2.933324 -2.411786 4.847459
57.402 1.114985 -2.933324 -2.411786 4.847459
57.502 1.138330 -2.935154 -2.416177 4.870875
57.603 1.138330 -2.935154 -2.416177 4.870875
57.702 1.138330 -2.935154 -2.416177 4.870875
57.802 1.138330 -2.935154 -2.416177 4.870875
57.902 1.138330 -2.935154 -2.416177 4.870875
58.013 1.139292 -2.934371 -2.480928 4.872117
58.102 1.139598 -2.934145 -2.529623 4.872496
58.203 1.136354 -2.936205 -2.594375 4.876339
58.303 1.130343 -2.939553 -2.657207 4.883220
58.405 1.116938 -2.945421 -2.781125 4.897852
58.502 1.105552 -2.949165 -2.849193 4.909838
58.602 1.089303 -2.953017 -2.946931 4.926538
58.702 1.075214 -2.955110 -3.025471 4.940782
58.802 1.066542 -2.955854 -3.070850 4.949485
58.902 1.045759 -2.955952 3.097144 4.970268
59.002 1.034215 -2.955008 3.041293 4.981851
59.102 1.017078 -2.952486 2.962754 4.999173
59.202 1.003032 -2.949393 2.903412 5.013555
59.302 0.992721 -2.946598 2.859605 5.024237
59.402 0.962697 -2.910718 2.768116 5.071023
59.514 0.948308 -2.904576 2.714011 5.086668
59.606 0.937987 -2.899559 2.675439 5.098144
59.705 0.923784 -2.891846 2.621509 5.114306
59.802 0.914327 -2.886164 2.593583 5.125338
59.902 0.900192 -2.877194 2.563738 5.142079
60.002 0.894793 -2.882152 2.528885 5.149410
60.102 0.903658 -2.911282 2.508879 5.179859
60.202 0.892766 -2.902891 2.468737 5.193609
60.302 0.880906 -2.892926 2.425103 5.209099
60.410 0.868618 -2.881620 2.376060 5.225796
60.502 0.863960 -2.877025 2.357036 5.232339
60.602 0.855071 -2.867740 2.322129 5.245194
60.705 0.845932 -2.857470 2.285302 5.258941
60.804 0.838974 -2.849167 2.257552 5.269774
60.902 0.829269 -2.836684 2.213919 5.285586
61.002 0.823421 -2.828650 2.189484 5.295523
61.102 0.815441 -2.816989 2.158068 5.309653
61.202 0.808446 -2.806327 2.151087 5.322406
61.302 0.802156 -2.796742 2.152832 5.333869
61.402 0.794192 -2.784528 2.142360 5.348450
61.504 0.696972 -2.805734 2.099833 5.447956
61.602 0.691724 -2.796452 2.075399 5.458619
61.702 0.685037 -2.783712 2.040492 5.473007
61.802 0.679904 -2.773067 2.009076 5.484825
61.902 0.675935 -2.764162 1.977660 5.494574
62.012 0.670518 -2.750843 1.942754 5.508952
62.102 0.666260 -2.739225 1.907847 5.521327
62.202 0.662049 -2.726620 1.881667 5.534617
62.302 0.658456 -2.715139 1.867704 5.546646
62.402 0.654044 -2.699840 1.843270 5.562569
62.502 0.651415 -2.689830 1.818835 5.572918
62.602 0.648030 -2.675510 1.790910 5.587633
62.702 0.645748 -2.664681 1.769966 5.598700
62.802 0.643841 -2.654243 1.738550 5.609311
62.912 0.641853 -2.641780 1.719351 5.621931
63.002 0.641257 -2.637726 1.715861 5.626029
63.101 0.639494 -2.623933 1.682700 5.639934
63.202 0.638696 -2.616082 1.666992 5.647825
63.302 0.638067 -2.608608 1.647793 5.655326
63.402 0.637435 -2.599738 1.642557 5.664219
63.502 0.637436 -2.599746 1.642557 5.664227
63.602 0.637500 -2.600539 1.694917 5.665022
63.702 0.637480 -2.600343 1.782183 5.665219
63.805 0.637528 -2.600538 1.841524 5.665420
63.902 0.592026 -2.576839 1.882155 5.716724
64.002 0.590558 -2.573038 1.941496 5.720798
64.102 0.587721 -2.565815 1.946732 5.728558
64.202 0.584176 -2.556400 1.915316 5.738619
64.302 0.582081 -2.550208 1.885646 5.745155
64.402 0.578193 -2.536589 1.826304 5.759319
64.502 0.575979 -2.527306 1.793143 5.768862
64.604 0.572336 -2.507360 1.723330 5.789138
64.706 0.570441 -2.490751 1.662243 5.805855
64.801 0.569649 -2.479343 1.627337 5.817290
64.902 0.569302 -2.469334 1.594176 5.827305
65.001 0.569404 -2.454366 1.541816 5.842273
65.101 0.563672 -2.445532 1.467105 5.852804
65.202 0.554938 -2.436378 1.388786 5.865456
65.302 0.557537 -2.424211 1.341662 5.877898
65.402 0.559940 -2.414702 1.309897 5.887706
65.502 0.562192 -2.406814 1.283717 5.895909
65.602 0.565755 -2.395584 1.250556 5.907691
65.703 0.568958 -2.386360 1.229263 5.917454
65.802 0.571758 -2.378950 1.197847 5.925377
65.902 0.576075 -2.368460 1.164337 5.936719
66.009 0.576883 -2.366656 1.127859 5.938696
66.102 0.576622 -2.367179 1.085797 5.939280
66.202 0.576877 -2.366732 1.031866 5.939795
66.302 0.576865 -2.366750 0.996960 5.939816
66.401 0.576536 -2.367246 0.965544 5.940412
66.502 0.576699 -2.367019 0.913184 5.940691
66.602 0.549528 -2.354141 0.871242 5.970759
66.702 0.549396 -2.354281 0.831099 5.970952
66.802 0.547710 -2.355886 0.700200 5.973280
66.902 0.545664 -2.357417 0.612933 5.975835
67.002 0.544040 -2.358427 0.522176 5.977748
67.102 0.541125 -2.359767 0.363351 5.980956
67.207 0.539513 -2.360288 0.272594 5.982650
67.306 0.537313 -2.360773 0.185328 5.984902
67.403 0.533614 -2.361126 0.031739 5.988618
67.502 0.532734 -2.360075 -0.056211 5.989989
67.602 0.559768 -2.329535 -0.203271 6.030775
67.703 0.558383 -2.329138 -0.363841 6.032215
67.802 0.557830 -2.328902 -0.452853 6.032817
67.902 0.557936 -2.328956 -0.590734 6.032936
68.002 0.563684 -2.330136 -0.694273 6.038804
68.102 0.570818 -2.330979 -0.772530 6.045987
68.202 0.570162 -2.330159 -0.908666 6.047038
68.302 0.568518 -2.327716 -1.020367 6.049982
68.402 0.567638 -2.326072 -1.107633 6.051847
68.501 0.544461 -2.332187 -1.232991 6.075817
68.604 0.544709 -2.333225 -1.339631 6.076884
68.702 0.545332 -2.336665 -1.423407 6.080380
68.802 0.545864 -2.343714 -1.528127 6.087449
68.902 0.545409 -2.358871 -1.652045 6.102613
69.002 0.545810 -2.370847 -1.728449 6.114596
69.102 0.565893 -2.414878 -1.801752 6.162991
69.202 0.561285 -2.429903 -1.918689 6.178706
69.302 0.558078 -2.437734 -1.983266 6.187168
69.402 0.554498 -2.445228 -2.037371 6.195473
69.504 0.554162 -2.466412 -2.117998 6.216661
69.602 0.557076 -2.483553 -2.152479 6.234047
69.702 0.551415 -2.491568 -2.204838 6.243860
69.802 0.541952 -2.503229 -2.284949 6.258878
69.902 0.530910 -2.514879 -2.361918 6.274929
70.005 0.522018 -2.523130 -2.414278 6.287059
70.102 0.514784 -2.529198 -2.461402 6.296501
70.202 0.504363 -2.537146 -2.506780 6.309608
70.302 0.489818 -2.547132 -2.562631 6.327250
70.404 0.485526 -2.557157 -2.578719 6.338156
70.502 0.476685 -2.562483 -2.610135 6.348477
70.602 0.458833 -2.572213 -2.667731 6.368808
70.702 0.448314 -2.577340 -2.698972 6.380510
70.802 0.436708 -2.582456 -2.742606 6.393193
70.903 0.426436 -2.586444 -2.791649 6.404213
71.003 0.420700 -2.588380 -2.829872 6.410267
71.101 0.415803 -2.589825 -2.870189 6.415373
71.205 0.407459 -2.591826 -2.933021 6.423954
71.303 0.403074 -2.592645 -2.969673 6.428414
71.402 0.397623 -2.593507 -2.987126 6.433933
71.502 0.396146 -2.619058 -2.991059 6.459527
71.602 0.392730 -2.630052 -2.988165 6.471039
71.701 0.392792 -2.630042 -2.988165 6.471102
71.802 0.393029 -2.630005 -2.988165 6.471342
71.903 0.393068 -2.629999 -2.988165 6.471382
72.002 0.389567 -2.630516 -2.996891 6.474921
72.102 0.378020 -2.632052 -3.019581 6.486570
72.202 0.363509 -2.633742 -3.028307 6.501179
72.304 0.354832 -2.634694 -3.037034 6.509908
72.402 0.343920 -2.635843 -3.035289 6.520880
72.502 0.343132 -2.635927 -3.035289 6.521672
72.602 0.339395 -2.636332 -3.031798 6.525432
72.703 0.325552 -2.637858 -3.031798 6.539358
72.804 0.307649 -2.639863 -3.030053 6.557374
72.902 0.296139 -2.641152 -3.030053 6.568956
73.002 0.275957 -2.643443 -3.028307 6.589267
73.105 0.264134 -2.644794 -3.026562 6.601167
73.202 0.254850 -2.645866 -3.026562 6.610513
73.302 0.253964 -2.645969 -3.026562 6.611404
73.402 0.254183 -2.645943 -3.026562 6.611625
73.502 0.254203 -2.645941 -3.026562 6.611645
73.602 0.254203 -2.645941 -3.026562 6.611645
73.702 0.254203 -2.645941 -3.026562 6.611645
73.802 0.254203 -2.645941 -3.026562 6.611645
73.902 0.254203 -2.645941 -3.026562 6.611645
74.002 0.254203 -2.645941 -3.026562 6.611645
74.102 0.254203 -2.645941 -3.026562 6.611645
74.204 0.254203 -2.645941 -3.026562 6.611645
74.302 0.254203 -2.645941 -3.026562 6.611645
74.402 0.254203 -2.645941 -3.026562 6.611645
74.502 0.254203 -2.645941 -3.026562 6.611645
74.602 0.246068 -2.680898 -3.018937 6.647536
74.706 0.246068 -2.680898 -3.018937 6.647536
74.803 0.246068 -2.680898 -3.018937 6.647536
74.902 0.246068 -2.680898 -3.018937 6.647536
75.002 0.246068 -2.680898 -3.018937 6.647536
75.102 0.246068 -2.680898 -3.018937 6.647536
75.202 0.246068 -2.680898 -3.018937 6.647536
75.303 0.246068 -2.680898 -3.018937 6.647536
75.402 0.246068 -2.680898 -3.018937 6.647536
75.502 0.246068 -2.680898 -3.018937 6.647536
75.603 0.246068 -2.680898 -3.018937 6.647536
75.702 0.246068 -2.680898 -3.018937 6.647536
75.802 0.246068 -2.680898 -3.018937 6.647536
75.902 0.246068 -2.680898 -3.018937 6.647536
76.002 0.246068 -2.680898 -3.018937 6.647536
76.102 0.241421 -2.681463 -3.020683 6.652218
76.202 0.233501 -2.682414 -3.022428 6.660194
76.302 0.226134 -2.683293 -3.024173 6.667614
76.402 0.209390 -2.685258 -3.025919 6.684473
76.502 0.196935 -2.686699 -3.027664 6.697011
76.602 0.179596 -2.688679 -3.029409 6.714463
76.702 0.164710 -2.690356 -3.029409 6.729443
76.802 0.152828 -2.691673 -3.031155 6.741397
76.902 0.135550 -2.693578 -3.032900 6.758780
77.002 0.121740 -2.694720 -3.087005 6.772638
77.102 0.111492 -2.694963 -3.137620 6.782889
77.202 0.095746 -2.694325 3.068771 6.798647
77.305 0.076917 -2.691966 2.979759 6.817624
77.402 0.072119 -2.691130 2.965797 6.822493
77.502 0.056616 -2.687811 2.906455 6.838348
77.602 0.044671 -2.684570 2.859332 6.850725
77.704 0.034345 -2.681319 2.822680 6.861550
77.801 -0.016454 -2.695371 2.682986 6.914257
77.902 -0.028825 -2.688865 2.641098 6.928236
78.002 -0.038448 -2.683398 2.614918 6.939302
78.102 -0.051850 -2.675097 2.566049 6.955067
78.202 -0.062810 -2.667732 2.537949 6.968272
78.305 -0.071262 -2.661767 2.517005 6.978617
78.402 -0.083608 -2.652572 2.495538 6.994011
78.502 -0.094574 -2.644136 2.481226 7.007846
78.602 -0.103314 -2.637172 2.462027 7.019022
78.702 -0.116858 -2.625852 2.432357 7.036673
78.802 -0.127937 -2.616103 2.410889 7.051430
78.902 -0.136634 -2.608080 2.388200 7.063264
79.002 -0.145076 -2.599993 2.375808 7.074954
79.102 -0.159597 -2.585922 2.370397 7.095174
79.202 -0.167686 -2.577954 2.356260 7.106528
79.302 -0.203097 -2.593001 2.352104 7.145003
79.402 -0.215825 -2.579869 2.334302 7.163292
79.502 -0.223116 -2.572134 2.323481 7.173921
79.602 -0.230561 -2.564092 2.312834 7.184880
79.704 -0.244008 -2.549229 2.298697 7.204923
79.802 -0.251264 -2.540982 2.284734 7.215908
79.902 -0.258667 -2.532246 2.267281 7.227359
80.005 -0.271246 -2.516710 2.239356 7.247349
80.102 -0.278075 -2.507782 2.216667 7.258589
80.202 -0.284509 -2.499079 2.206195 7.269412
80.302 -0.296940 -2.482117 2.200959 7.290441
80.401 -0.303824 -2.472679 2.200959 7.302123
80.502 -0.310462 -2.463578 2.200959 7.313388
80.602 -0.322541 -2.447103 2.204449 7.333817
80.702 -0.329587 -2.437548 2.206195 7.345688
80.801 -0.336518 -2.428158 2.204449 7.357360
80.902 -0.348900 -2.411272 2.200959 7.378298
81.002 -0.355887 -2.401692 2.199213 7.390155
81.102 -0.362902 -2.392011 2.195723 7.402112
81.202 -0.374645 -2.375682 2.192232 7.422224
81.302 -0.381111 -2.366610 2.188741 7.433365
81.402 -0.390614 -2.353075 2.178269 7.449903
81.501 -0.398012 -2.342241 2.160816 7.463021
81.603 -0.404046 -2.333045 2.146853 7.474021
81.701 -0.413817 -2.317460 2.124164 7.492416
81.802 -0.419456 -2.308028 2.101475 7.503405
81.902 -0.427744 -2.293543 2.084022 7.520093
82.002 -0.434596 -2.281408 2.085767 7.534029
82.105 -0.440401 -2.271194 2.089258 7.545778
82.202 -0.447418 -2.258954 2.092748 7.559886
82.302 -0.484371 -2.218884 1.997044 7.614394
82.402 -0.489243 -2.208177 1.998789 7.626157
82.502 -0.495455 -2.194649 2.002280 7.641043
82.602 -0.502321 -2.179847 2.007516 7.657361
82.702 -0.506745 -2.170370 2.007516 7.667819
82.802 -0.511819 -2.159558 2.011007 7.679763
82.902 -0.516885 -2.148847 2.017988 7.691611
83.002 -0.517855 -2.146883 2.044168 7.693802
83.102 -0.517723 -2.147133 2.087801 7.694085
83.203 -0.518191 -2.146342 2.129689 7.695004
83.302 -0.518271 -2.146225 2.169832 7.695145
83.406 -0.518084 -2.146465 2.225682 7.695449
83.502 -0.518432 -2.146046 2.264079 7.695994
83.602 -0.518728 -2.145689 2.262334 7.696457
83.702 -0.518677 -2.145750 2.262334 7.696537
83.802 -0.518677 -2.145750 2.262334 7.696537
83.902 -0.518677 -2.145750 2.262334 7.696537
84.002 -0.520231 -2.143957 2.290259 7.698909
84.102 -0.529529 -2.134019 2.349775 7.712519
84.202 -0.535935 -2.127798 2.382936 7.721448
84.302 -0.543571 -2.120926 2.424824 7.731721
84.402 -0.558557 -2.108788 2.487656 7.751006
84.502 -0.568221 -2.101759 2.525879 7.762956
84.602 -0.577324 -2.095600 2.555724 7.773947
84.702 -0.592875 -2.085992 2.611400 7.792227
84.802 -0.601594 -2.081094 2.637754 7.802227
84.902 -0.610922 -2.076186 2.669170 7.812768
85.002 -0.689068 -2.120959 2.793194 7.902831
85.101 -0.699800 -2.117271 2.821294 7.914179
85.203 -0.713784 -2.112830 2.840667 7.928851
85.302 -0.729999 -2.108035 2.862134 7.945760
85.402 -0.740978 -2.105184 2.900706 7.957104
85.502 -0.751958 -2.102742 2.935613 7.968352
85.602 -0.770965 -2.099504 3.001935 7.987633
85.702 -0.781970 -2.098216 3.040332 7.998713
85.814 -0.795720 -2.097172 3.078730 8.012503
85.902 -0.811790 -2.096596 3.125854 8.028583
86.002 -0.822457 -2.096492 3.136326 8.039251
86.102 -0.835127 -2.096567 -3.131152 8.051921
86.202 -0.851416 -2.097050 -3.097991 8.068217
86.302 -0.862515 -2.097660 -3.080537 8.079333
86.402 -0.885854 -2.103094 -3.063225 8.103296
86.502 -0.911955 -2.107942 -3.022054 8.129843
86.602 -0.922809 -2.109282 -3.016818 8.140779
86.702 -0.934126 -2.110872 -2.995874 8.152208
86.802 -0.955045 -2.114108 -2.987148 8.173375
86.902 -0.966891 -2.115963 -2.985402 8.185366
87.002 -0.978018 -2.117774 -2.974930 8.196639
87.101 -0.992475 -2.120451 -2.948751 8.211342
87.201 -1.008719 -2.123711 -2.943515 8.227910
87.302 -1.020186 -2.126012 -2.943515 8.239605
87.402 -1.039146 -2.129980 -2.926061 8.258977
87.502 -1.048518 -2.132113 -2.912099 8.268588
87.602 -1.058642 -2.134626 -2.890980 8.279020
87.701 -1.072721 -2.138440 -2.866720 8.293606
87.803 -1.089073 -2.143356 -2.843856 8.310680
87.902 -1.100030 -2.146915 -2.817676 8.322201
88.002 -1.118145 -2.153185 -2.799874 8.341371
88.102 -1.127559 -2.156615 -2.789402 8.351391
88.202 -1.137526 -2.160329 -2.782072 8.362027
88.302 -1.150747 -2.165421 -2.771251 8.376194
88.402 -1.163252 -2.170360 -2.756939 8.389639
88.502 -1.168638 -2.172548 -2.755194 8.395453
88.602 -1.176965 -2.175944 -2.755194 8.404446
88.702 -1.177296 -2.176079 -2.755194 8.404803
88.802 -1.177240 -2.176056 -2.755194 8.404863
88.902 -1.177240 -2.176056 -2.755194 8.404863
89.004 -1.177240 -2.176056 -2.755194 8.404863
89.102 -1.177240 -2.176056 -2.755194 8.404863
89.202 -1.177240 -2.176056 -2.755194 8.404863
89.302 -1.177240 -2.176056 -2.755194 8.404863
89.402 -1.177240 -2.176056 -2.755194 8.404863
89.502 -1.176648 -2.182359 -2.746402 8.411193
89.602 -1.158578 -2.249782 -2.611365 8.480996
89.702 -1.169411 -2.256678 -2.545042 8.493837
89.802 -1.177283 -2.262244 -2.515371 8.503478
89.902 -1.187080 -2.269659 -2.482210 8.515765
90.002 -1.202885 -2.282692 -2.429850 8.536251
90.102 -1.211694 -2.290544 -2.400005 8.548051
90.202 -1.219583 -2.297918 -2.382552 8.558850
90.303 -1.232840 -2.311136 -2.342060 8.577571
90.402 -1.237512 -2.316088 -2.319371 8.584379
90.505 -1.247469 -2.327418 -2.275738 8.599462
90.602 -1.253093 -2.334219 -2.252874 8.608288
90.702 -1.259761 -2.342628 -2.231930 8.619019
90.802 -1.267245 -2.352447 -2.212731 8.631365
90.903 -1.272453 -2.359552 -2.198769 8.640174
91.002 -1.281966 -2.372627 -2.202259 8.656344
91.102 -1.287095 -2.379623 -2.204005 8.665019
91.203 -1.297065 -2.393054 -2.214477 8.681746
91.304 -1.306536 -2.405449 -2.231755 8.697344
91.403 -1.311314 -2.411515 -2.244322 8.705066
91.502 -1.320968 -2.423396 -2.261950 8.720376
91.602 -1.332299 -2.437352 -2.246242 8.738352
91.702 -1.337820 -2.444312 -2.240831 8.747236
91.802 -1.347758 -2.457121 -2.226694 8.763448
91.902 -1.354670 -2.466382 -2.205750 8.775004
92.001 -1.360874 -2.474944 -2.197023 8.785578
92.102 -1.365929 -2.497672 -2.176435 8.808861
92.204 -1.343662 -2.546158 -2.146569 8.862216
92.302 -1.353268 -2.561061 -2.141333 8.879947
92.402 -1.359120 -2.570115 -2.153550 8.890726
92.502 -1.365908 -2.580311 -2.162277 8.902975
92.602 -1.373765 -2.591835 -2.179730 8.916923
92.703 -1.378982 -2.599141 -2.195438 8.925901
92.803 -1.384366 -2.606346 -2.223363 8.934895
92.902 -1.393368 -2.617494 -2.272232 8.949224
93.003 -1.398471 -2.623309 -2.303648 8.956960
93.102 -1.403248 -2.628397 -2.335064 8.963939
93.202 -1.406148 -2.631456 -2.287940 8.968155
93.302 -1.406270 -2.631565 -2.176239 8.968319
93.402 -1.406168 -2.631412 -2.085482 8.968503
93.502 -1.406112 -2.631292 -1.931893 8.968635
93.604 -1.406198 -2.631530 -1.839391 8.968888
93.706 -1.406209 -2.631575 -1.748634 8.968934
93.802 -1.406206 -2.631591 -1.657876 8.968950
93.902 -1.406353 -2.640310 -1.565374 8.977670
94.002 -1.406081 -2.648409 -1.523486 8.985774
94.102 -1.376644 -2.622181 -1.360581 9.025200
94.202 -1.373287 -2.636410 -1.332656 9.039819
94.308 -1.370399 -2.647724 -1.316948 9.051496
94.402 -1.365455 -2.666269 -1.301066 9.070689
94.521 -1.362419 -2.677173 -1.297401 9.082008
94.601 -1.359570 -2.687192 -1.293735 9.092424
94.702 -1.340705 -2.743853 -1.360123 9.152143
94.802 -1.339455 -2.750216 -1.393109 9.158627
94.902 -1.339056 -2.752727 -1.433426 9.161170
95.005 -1.339020 -2.752592 -1.522438 9.161311
95.103 -1.338951 -2.749222 -1.644611 9.164681
95.202 -1.338827 -2.748235 -1.726642 9.165676
95.302 -1.338868 -2.748321 -1.833107 9.165772
95.403 -1.338988 -2.748617 -1.964006 9.166091
95.502 -1.339168 -2.748973 -2.054764 9.166490
95.602 -1.339264 -2.749124 -2.145521 9.166669
95.702 -1.340224 -2.750359 -2.292128 9.168233
95.802 -1.351845 -2.757265 -2.429130 9.181751
95.905 -1.354698 -2.758425 -2.546623 9.184831
96.002 -1.355231 -2.758758 -2.616436 9.185459
96.102 -1.354967 -2.758614 -2.649597 9.185760
96.202 -1.354556 -2.758396 -2.652913 9.186225
96.301 -1.355626 -2.748273 -2.670443 9.196405
96.402 -1.356590 -2.748803 -2.630300 9.197505
96.502 -1.359126 -2.750331 -2.579511 9.200466
96.602 -1.363613 -2.753585 -2.469730 9.206009
96.702 -1.367417 -2.756930 -2.392935 9.211074
96.802 -1.371194 -2.760789 -2.316141 9.216473
96.902 -1.376757 -2.767847 -2.180005 9.225461
97.002 -1.379664 -2.772513 -2.096229 9.230958
97.102 -1.382930 -2.778642 -2.028161 9.237903
97.202 -1.387465 -2.789938 -1.911224 9.250075
97.301 -1.389663 -2.797008 -1.844902 9.257479
97.402 -1.363835 -2.812195 -1.571043 9.287441
97.502 -1.363566 -2.819816 -1.511702 9.295067
97.602 -1.363054 -2.825832 -1.473304 9.301104
97.703 -1.362442 -2.830841 -1.434907 9.306151
97.802 -1.360839 -2.840033 -1.370330 9.315482
97.902 -1.350701 -2.842206 -1.389778 9.325851
98.003 -1.347430 -2.845918 -1.356424 9.330798
98.102 -1.345110 -2.854583 -1.272474 9.339768
98.202 -1.344737 -2.855767 -1.251705 9.341009
98.302 -1.345015 -2.854995 -1.181892 9.341830
98.402 -1.344936 -2.855181 -1.146985 9.342032
98.502 -1.344963 -2.855128 -1.108413 9.342091
98.603 -1.345031 -2.854981 -1.044010 9.342254
98.702 -1.344951 -2.855119 -1.010849 9.342414
98.805 -1.345026 -2.855000 -1.010849 9.342555
98.902 -1.344994 -2.855051 -1.010849 9.342614
99.002 -1.344994 -2.855051 -1.010849 9.342614
99.102 -1.390831 -2.841955 -0.993832 9.390285
99.202 -1.390831 -2.841955 -0.993832 9.390285
99.302 -1.390636 -2.842251 -0.988596 9.390639
99.404 -1.388165 -2.845801 -0.958925 9.394965
99.502 -1.386314 -2.848405 -0.948453 9.398160
99.601 -1.383325 -2.852488 -0.937981 9.403220
99.701 -1.382957 -2.852990 -0.934490 9.403842
99.802 -1.380650 -2.856058 -0.924018 9.407680
99.902 -1.379921 -2.857012 -0.917037 9.408881
100.002 -1.376297 -2.861561 -0.890857 9.414698
100.102 -1.373783 -2.864636 -0.873404 9.418669
100.202 -1.369868 -2.869086 -0.838497 9.424596
100.302 -1.367622 -2.871573 -0.833261 9.427947
100.402 -1.366541 -2.872748 -0.822789 9.429544
100.504 -1.365916 -2.873420 -0.822789 9.430462
100.602 -1.365915 -2.873422 -0.821044 9.430464
100.702 -1.365808 -2.873536 -0.819299 9.430620
100.802 -1.365780 -2.873566 -0.819299 9.430661
100.902 -1.365698 -2.873654 -0.817553 9.430781
101.001 -1.365657 -2.873697 -0.812317 9.430841
101.102 -1.365616 -2.873740 -0.808827 9.430900
101.202 -1.365642 -2.873713 -0.805336 9.430938
101.302 -1.365629 -2.873726 -0.798355 9.430957
101.402 -1.365545 -2.873812 -0.794864 9.431077
101.502 -1.365503 -2.873855 -0.791373 9.431137
101.603 -1.365516 -2.873842 -0.787883 9.431157
101.702 -1.365488 -2.873870 -0.791373 9.431197
101.802 -1.364318 -2.875050 -0.789628 9.432858
101.902 -1.359042 -2.880371 -0.789628 9.440352
102.001 -1.352090 -2.887387 -0.789628 9.450229
102.104 -1.345216 -2.894309 -0.789628 9.459984
102.202 -1.327849 -2.910520 -0.790615 9.483742
102.303 -1.320970 -2.917457 -0.788869 9.493510
102.402 -1.315528 -2.922937 -0.788869 9.501234
102.502 -1.307436 -2.931085 -0.788869 9.512717
102.602 -1.300329 -2.938242 -0.788869 9.522803
102.702 -1.294712 -2.943897 -0.788869 9.530774
102.802 -1.287829 -2.950829 -0.788869 9.540543
102.902 -1.279406 -2.959305 -0.788869 9.552492
103.001 -1.273769 -2.964991 -0.790615 9.560499
103.101 -1.265309 -2.973510 -0.788869 9.572505
103.201 -1.258535 -2.980332 -0.788869 9.582119
103.302 -1.251425 -2.987491 -0.788869 9.592209
103.402 -1.245822 -2.993128 -0.788869 9.600157
103.502 -1.240378 -2.998605 -0.787124 9.607879
103.602 -1.230712 -3.008305 -0.787124 9.621573
103.702 -1.225170 -3.013870 -0.787124 9.629426
103.802 -1.219402 -3.019653 -0.785379 9.637594
103.901 -1.209627 -3.029451 -0.788869 9.651434
104.002 -1.204019 -3.035079 -0.787124 9.659379
104.102 -1.198600 -3.040535 -0.788869 9.667069
104.202 -1.188756 -3.050423 -0.787124 9.681022
104.302 -1.182947 -3.056252 -0.787124 9.689251
104.401 -1.177586 -3.061636 -0.787124 9.696850
104.502 -1.167837 -3.071380 -0.787124 9.710633
104.603 -1.162333 -3.076869 -0.783633 9.718406
104.702 -1.158949 -3.080229 -0.781888 9.723174
104.802 -1.158637 -3.080539 -0.781888 9.723615
104.903 -1.158608 -3.080568 -0.783633 9.723656
105.002 -1.158579 -3.080597 -0.787124 9.723696
105.102 -1.158635 -3.080540 -0.790615 9.723776
105.202 -1.158663 -3.080512 -0.794105 9.723816
105.302 -1.145769 -3.073353 -0.800834 9.738564
105.402 -1.126055 -3.062495 -0.809246 9.761071
105.502 -1.126160 -3.062384 -0.812737 9.761223
105.602 -1.126202 -3.062339 -0.814482 9.761285
105.702 -1.126270 -3.062267 -0.817973 9.761384
105.802 -1.126325 -3.062208 -0.823209 9.761464
105.902 -1.126406 -3.062120 -0.826700 9.761584
106.002 -1.126528 -3.061986 -0.837172 9.761765
106.102 -1.126622 -3.061882 -0.840662 9.761905
106.202 -1.126608 -3.061899 -0.845898 9.761927
106.302 -1.126581 -3.061929 -0.849389 9.761967
106.402 -1.126568 -3.061944 -0.854625 9.761988
106.502 -1.126464 -3.062065 -0.861606 9.762147
106.602 -1.126410 -3.062127 -0.866842 9.762229
# not grasped