# t_sec x y yaw_rad cum_dist_m
0.102 -0.004683 -0.002547 0.009375 0.000000
0.202 -0.004723 -0.002547 0.009375 0.000040
0.302 -0.005046 -0.002552 0.023338 0.000363
0.401 -0.004567 -0.002530 0.058244 0.000842
0.504 -0.005067 -0.002568 0.084424 0.001343
0.601 -0.005587 -0.002620 0.112349 0.001865
0.707 -0.004852 -0.002526 0.153120 0.002606
0.802 -0.005012 -0.002553 0.185653 0.002769
0.901 -0.004789 -0.002506 0.211833 0.002997
1.001 -0.004846 -0.002523 0.244994 0.003056
1.103 -0.004987 -0.002558 0.285137 0.003201
1.202 -0.004510 -0.002412 0.321614 0.003700
1.301 -0.005125 -0.002630 0.363677 0.004352
1.402 -0.004401 -0.002343 0.384621 0.005131
1.502 -0.004831 -0.002531 0.417782 0.005601
1.601 -0.005001 -0.002602 0.463161 0.005784
1.701 -0.005037 -0.002622 0.489341 0.005826
1.802 -0.005020 -0.002612 0.515520 0.005845
1.901 -0.004402 -0.002237 0.569626 0.006568
2.004 -0.004884 -0.002558 0.594060 0.007147
2.118 -0.005130 -0.002728 0.618495 0.007446
2.207 -0.004857 -0.002526 0.646420 0.007785
2.302 0.039488 0.031058 0.711404 0.063412
2.401 0.039647 0.031201 0.737584 0.063626
2.501 0.039790 0.031335 0.779472 0.063821
2.601 0.039929 0.031479 0.823105 0.064022
2.701 0.039798 0.031334 0.844049 0.064217
2.802 0.039614 0.031121 0.866738 0.064499
2.902 0.039746 0.031277 0.919098 0.064703
3.002 0.039466 0.030896 0.950514 0.065176
3.101 0.039624 0.031127 0.974949 0.065456
3.201 0.039772 0.031336 1.025563 0.065712
3.302 0.039537 0.030937 1.053488 0.066176
3.406 0.039830 0.031488 1.104103 0.066799
3.502 0.039778 0.031380 1.128538 0.066919
3.609 0.056729 0.034353 1.157979 0.084129
3.702 0.080068 0.038298 1.194906 0.107799
3.802 0.080014 0.038158 1.226148 0.107948
3.902 0.080265 0.038934 1.266639 0.108763
4.002 0.080267 0.038938 1.289503 0.108768
4.103 0.080196 0.038682 1.314112 0.109034
4.228 0.080320 0.039206 1.354255 0.109573
4.302 0.080207 0.038637 1.385671 0.110154
4.401 0.080119 0.038102 1.429304 0.110696
4.502 0.080184 0.038658 1.472937 0.111255
4.602 0.080184 0.038658 1.488645 0.111255
4.708 0.080158 0.038341 1.534024 0.111573
4.801 0.080163 0.038282 1.582893 0.111632
4.901 0.080159 0.038339 1.607328 0.111689
5.008 0.080140 0.038713 1.640489 0.112063
5.101 0.093710 0.025606 1.693745 0.130928
5.202 0.093630 0.026181 1.723415 0.131508
5.302 0.093612 0.026303 1.747850 0.131632
5.411 0.093761 0.025545 1.794974 0.132404
5.501 0.093694 0.025812 1.824644 0.132680
5.608 0.093722 0.025716 1.863042 0.132780
5.702 0.093709 0.025753 1.892712 0.132819
5.801 0.093799 0.025505 1.924128 0.133083
5.902 0.093775 0.025562 1.950308 0.133144
6.002 0.093563 0.026070 1.995687 0.133694
6.102 0.093844 0.025471 2.023612 0.134356
6.201 0.093446 0.026231 2.062009 0.135215
6.301 0.093601 0.025962 2.088189 0.135525
6.404 0.093835 0.025564 2.119605 0.135987
6.502 0.093874 0.025519 2.161493 0.136046
6.602 0.093897 0.025485 2.189418 0.136087
6.702 0.093367 0.026202 2.215773 0.136979
6.804 0.089654 0.024321 2.243156 0.141141
6.901 0.089783 0.024163 2.257467 0.141345
7.008 0.089753 0.024188 2.295865 0.141385
7.101 0.089660 0.024292 2.311747 0.141524
7.201 0.089852 0.024088 2.344734 0.141804
7.302 0.090047 0.023901 2.388367 0.142075
7.414 0.090006 0.023934 2.426939 0.142128
7.501 0.089653 0.024231 2.454864 0.142589
7.603 0.089670 0.024220 2.489771 0.142609
7.701 0.089748 0.024154 2.529913 0.142710
7.801 0.089348 0.024428 2.557838 0.143195
7.902 0.089517 0.024321 2.580528 0.143395
8.002 0.089717 0.024193 2.620845 0.143632
8.102 0.089416 0.024360 2.666223 0.143976
8.202 0.075329 0.020382 2.701865 0.158613
8.301 0.074054 0.019930 2.712430 0.159967
8.401 0.074152 0.019886 2.757983 0.160075
8.502 0.073583 0.020102 2.796380 0.160684
8.604 0.074057 0.019943 2.824306 0.161184
8.701 0.073857 0.019998 2.867939 0.161391
8.802 0.073829 0.020008 2.890628 0.161420
8.902 0.074067 0.019948 2.920299 0.161664
9.002 0.073711 0.020022 2.965677 0.162027
9.101 0.074047 0.019969 2.998839 0.162366
9.201 0.073886 0.019989 3.026764 0.162528
9.301 0.073915 0.019993 3.065161 0.162557
9.401 0.074338 0.019965 3.080869 0.162981
9.508 0.073571 0.019975 3.133229 0.163748
9.602 0.074255 0.019989 -3.109814 0.164432
9.702 0.074316 0.019992 -3.085379 0.164493
9.801 0.073963 0.019966 -3.053963 0.164848
9.901 0.099583 0.010113 -3.002977 0.192297
10.002 0.098913 0.010007 -2.975052 0.192975
10.102 0.099031 0.010031 -2.941891 0.193095
10.201 0.099191 0.010064 -2.912220 0.193258
10.301 0.099036 0.010024 -2.871903 0.193417
10.402 0.099285 0.010098 -2.845897 0.193676
10.502 0.099340 0.010116 -2.798774 0.193735
10.601 0.099073 0.010016 -2.767358 0.194020
10.702 0.098853 0.009928 -2.753221 0.194257
10.802 0.099040 0.010008 -2.700861 0.194461
10.904 0.099005 0.009990 -2.672761 0.194501
11.001 0.099190 0.010090 -2.646581 0.194711
11.101 0.098997 0.009978 -2.599632 0.194934
11.201 0.099174 0.010090 -2.571706 0.195143
11.301 0.099245 0.010130 -2.542036 0.195225
11.401 0.098669 0.009724 -2.498228 0.195931
11.502 0.095415 0.010825 -2.454714 0.199366
11.601 0.092434 0.011219 -2.404497 0.202373
11.703 0.092391 0.011179 -2.376571 0.202432
11.801 0.092099 0.010883 -2.334683 0.202848
11.902 0.092166 0.010954 -2.317056 0.202945
12.002 0.092224 0.011019 -2.268361 0.203032
12.102 0.092142 0.010921 -2.247417 0.203159
12.203 0.092230 0.011034 -2.212510 0.203302
12.301 0.092160 0.010932 -2.165386 0.203426
12.401 0.092182 0.010965 -2.151424 0.203466
12.501 0.092172 0.010946 -2.113027 0.203488
12.610 0.092022 0.010689 -2.064157 0.203785
12.704 0.092211 0.011055 -2.039723 0.204196
12.804 0.092229 0.011091 -2.025760 0.204236
12.902 0.091994 0.010610 -1.962928 0.204771
13.002 0.079615 0.030038 -1.943213 0.227808
13.102 0.071280 0.042321 -1.921882 0.242652
13.201 0.071324 0.042454 -1.876504 0.242792
13.304 0.071327 0.042458 -1.850324 0.242797
13.403 0.071406 0.042768 -1.818908 0.243117
13.501 0.071478 0.043088 -1.773529 0.243445
13.602 0.071446 0.042929 -1.747349 0.243607
13.702 0.071492 0.043205 -1.717679 0.243887
13.801 0.071407 0.042529 -1.668809 0.244568
13.902 0.071437 0.042889 -1.639139 0.244929
14.001 0.071422 0.042605 -1.605978 0.245213
14.104 0.071423 0.042992 -1.572816 0.245600
14.201 0.071431 0.042988 -1.534419 0.245608
14.301 0.071444 0.042676 -1.523947 0.245921
14.401 0.071392 0.043125 -1.469842 0.246373
14.502 0.071421 0.042939 -1.429699 0.246561
14.603 0.071457 0.042700 -1.398283 0.246802
14.701 0.027122 0.052030 -1.330072 0.292109
14.804 0.019090 0.053610 -1.279156 0.300295
14.902 0.019072 0.053669 -1.228542 0.300356
15.004 0.019152 0.053455 -1.203933 0.300585
15.101 0.019147 0.053461 -1.176007 0.300593
15.201 0.019004 0.053792 -1.149827 0.300954
15.302 0.019111 0.053580 -1.100958 0.301192
15.402 0.019129 0.053545 -1.069542 0.301231
15.501 0.018920 0.053911 -1.032890 0.301653
15.604 0.019136 0.053565 -1.010359 0.302061
15.701 0.019119 0.053589 -0.994493 0.302091
15.801 0.019118 0.053592 -0.973549 0.302093
15.906 0.019141 0.053559 -0.964823 0.302133
16.001 0.018725 0.054121 -0.915953 0.302833
16.101 0.018828 0.053996 -0.889773 0.302995
16.202 0.018967 0.053822 -0.842650 0.303218
16.302 -0.016292 0.050984 -0.780040 0.338591
16.402 -0.016119 0.050815 -0.767823 0.338832
16.501 -0.015948 0.050658 -0.739898 0.339064
16.601 -0.015642 0.050386 -0.704991 0.339473
16.702 -0.015649 0.050389 -0.677066 0.339480
16.801 -0.015838 0.050538 -0.640239 0.339721
16.904 -0.015525 0.050319 -0.605333 0.340102
17.002 -0.015037 0.049995 -0.573917 0.340688
17.101 -0.015210 0.050096 -0.533774 0.340888
17.201 -0.015366 0.050186 -0.519812 0.341068
17.302 -0.014909 0.049941 -0.481415 0.341587
17.404 -0.014516 0.049742 -0.456980 0.342027
17.501 -0.014949 0.049945 -0.418583 0.342506
17.603 -0.014652 0.049824 -0.380185 0.342827
17.701 -0.014178 0.049639 -0.345279 0.343335
17.802 -0.014414 0.049721 -0.306707 0.343585
17.903 -0.014490 0.049745 -0.271975 0.343664
18.002 -0.014180 0.049663 -0.244050 0.343984
18.110 -0.055554 0.016687 -0.154013 0.396892
18.203 -0.055633 0.016699 -0.132894 0.396972
18.301 -0.055379 0.016672 -0.103398 0.397228
18.401 -0.055077 0.016636 -0.059590 0.397532
18.501 -0.055515 0.016655 -0.029920 0.397971
18.601 -0.054653 0.016646 -0.000249 0.398833
18.701 -0.054553 0.016647 0.029421 0.398933
18.802 -0.054507 0.016653 0.074800 0.398979
18.901 -0.053592 0.016724 0.076545 0.399897
19.001 -0.053175 0.016756 0.074800 0.400315
19.106 -0.053175 0.016756 0.074800 0.400315
19.202 -0.053175 0.016756 0.074800 0.400315
19.304 -0.053175 0.016756 0.074800 0.400315
19.401 -0.053175 0.016756 0.074800 0.400315
19.501 -0.053175 0.016756 0.074800 0.400315
19.603 -0.053175 0.016756 0.074800 0.400315
19.701 -0.053175 0.016756 0.074800 0.400315
19.802 -0.053175 0.016756 0.074800 0.400315
19.901 -0.053175 0.016756 0.074800 0.400315
20.001 -0.053175 0.016756 0.074800 0.400315
20.101 -0.053175 0.016756 0.074800 0.400315
20.202 -0.053175 0.016756 0.074800 0.400315
20.301 -0.053175 0.016756 0.074800 0.400315
20.401 -0.052133 0.016829 0.069564 0.401360
20.502 -0.045541 0.017212 0.053856 0.407963
20.601 -0.031124 0.018024 0.060837 0.422403
20.706 -0.017415 0.018950 0.074800 0.436143
20.801 -0.000025 0.020008 0.055601 0.453565
20.901 0.011478 0.020539 0.043384 0.465080
21.001 0.025627 0.021173 0.045129 0.479244
21.101 0.096769 0.002684 0.051415 0.552749
21.202 0.114596 0.003640 0.055080 0.570601
21.302 0.129341 0.004541 0.065552 0.585374
21.401 0.141383 0.005355 0.070788 0.597444
21.501 0.158291 0.006578 0.063807 0.614396
21.602 0.175712 0.007529 0.051589 0.631842
21.702 0.185302 0.008024 0.051589 0.641445
21.801 0.202806 0.009051 0.060316 0.658980
21.906 0.217359 0.010036 0.070788 0.673566
22.002 0.228170 0.010871 0.079689 0.684409
22.103 0.240104 0.011850 0.083354 0.696383
22.207 0.259498 0.013653 0.095572 0.715860
22.301 0.271229 0.014804 0.099062 0.727648
22.401 0.289431 0.016661 0.102553 0.745944
22.501 0.306670 0.018495 0.106044 0.763281
22.602 0.312399 0.019105 0.106044 0.769042
22.702 0.332590 0.021209 0.102553 0.789342
22.801 0.344122 0.022430 0.106044 0.800939
22.901 0.358093 0.023927 0.107789 0.814990
23.001 0.378664 0.026095 0.102553 0.835675
23.101 0.389393 0.027199 0.102553 0.846460
23.201 0.406176 0.028926 0.102553 0.863332
23.301 0.414775 0.029811 0.102553 0.871976
23.402 0.432652 0.031661 0.104298 0.889949
23.506 0.450407 0.033526 0.111280 0.907802
23.602 0.458914 0.034512 0.116516 0.916366
23.703 0.470526 0.035945 0.130478 0.928065
23.803 0.493622 0.039132 0.137634 0.951381
23.901 0.502012 0.040306 0.139554 0.959853
24.024 0.513851 0.041969 0.139554 0.971808
24.106 0.525353 0.043584 0.139554 0.983423
24.201 0.573079 0.093377 0.161769 1.052394
24.301 0.618686 0.147821 0.186113 1.123417
24.401 0.633071 0.150407 0.175292 1.138032
24.501 0.645226 0.152415 0.155919 1.150352
24.603 0.656421 0.153971 0.126248 1.161655
24.703 0.679937 0.156039 0.056435 1.185261
24.801 0.687837 0.156490 0.056435 1.193174
24.902 0.698965 0.157085 0.052945 1.204318
25.002 0.719033 0.158163 0.056435 1.224415
25.101 0.730338 0.158812 0.058355 1.235739
25.203 0.741874 0.159577 0.070572 1.247300
25.303 0.760411 0.161048 0.084710 1.265895
25.401 0.765779 0.161527 0.091691 1.271285
25.502 0.786190 0.163482 0.098672 1.291789
25.602 0.803914 0.165263 0.100418 1.309602
25.704 0.815054 0.166385 0.100418 1.320799
25.802 0.829688 0.167860 0.100418 1.335507
25.902 0.848431 0.169704 0.096927 1.354340
26.001 0.859914 0.170719 0.082964 1.365868
26.101 0.877306 0.171940 0.060100 1.383303
26.202 0.886572 0.172394 0.042647 1.392580
26.302 0.907345 0.172975 0.016467 1.413361
26.402 0.919650 0.173039 0.000759 1.425666
26.501 0.936891 0.172811 -0.018439 1.442909
26.605 0.951154 0.172613 -0.011283 1.457173
26.701 0.962111 0.172524 -0.006047 1.468131
26.802 0.977764 0.172489 0.002679 1.483783
26.901 0.988356 0.172540 0.007915 1.494376
27.002 0.996623 0.172629 0.011406 1.502643
27.102 1.020398 0.172947 0.014896 1.526420
27.201 1.031916 0.173138 0.018387 1.537939
27.301 1.046478 0.173441 0.021878 1.552505
27.403 1.061138 0.218233 0.030442 1.599635
27.506 1.072225 0.218571 0.030442 1.610727
27.602 1.084055 0.218941 0.032188 1.622563
27.701 1.105063 0.219655 0.035853 1.643583
27.803 1.116645 0.220110 0.042834 1.655174
27.904 1.130364 0.220727 0.049816 1.668907
28.007 1.147982 0.221692 0.058542 1.686551
28.101 1.159235 0.222371 0.060288 1.697825
28.201 1.170744 0.223078 0.056971 1.709356
28.301 1.191372 0.224097 0.044754 1.730008
28.402 1.203168 0.224645 0.046499 1.741817
28.501 1.218916 0.225429 0.051735 1.757585
28.601 1.237418 0.226408 0.053481 1.776112
28.703 1.249296 0.227061 0.056971 1.788008
28.801 1.267044 0.228027 0.051735 1.805783
28.903 1.281524 0.228757 0.049990 1.820281
29.015 1.293036 0.229374 0.055226 1.831810
29.103 1.310285 0.230363 0.060637 1.849087
29.201 1.324907 0.231424 0.078090 1.863747
29.304 1.330979 0.231916 0.081581 1.869839
29.402 1.354575 0.233975 0.088562 1.893525
29.501 1.369443 0.235311 0.090307 1.908452
29.602 1.381373 0.236391 0.090307 1.920432
29.702 1.396187 0.237759 0.092053 1.935309
29.802 1.410792 0.239137 0.095543 1.949979
29.901 1.429326 0.240953 0.099208 1.968601
30.002 1.444123 0.242475 0.102874 1.983477
30.101 1.458732 0.244048 0.110204 1.998170
30.201 1.470225 0.245335 0.111949 2.009735
30.302 1.487731 0.247348 0.113695 2.027356
30.401 1.498578 0.248345 0.084024 2.038249
30.501 1.514287 0.249191 0.028173 2.053980
30.601 1.527997 0.333968 0.018725 2.139859
30.702 1.536146 0.333767 -0.052834 2.148010
30.801 1.543843 0.333040 -0.113921 2.155742
30.901 1.547148 0.332671 -0.110430 2.159067
31.002 1.547088 0.332677 -0.110430 2.159128
31.103 1.547088 0.332677 -0.110430 2.159128
31.201 1.547088 0.332677 -0.110430 2.159128
31.301 1.547088 0.332677 -0.110430 2.159128
31.403 1.547088 0.332677 -0.110430 2.159128
31.502 1.547655 0.332616 -0.108685 2.159698
31.601 1.553041 0.332069 -0.099958 2.165112
31.702 1.558754 0.331524 -0.091057 2.170851
31.801 1.576568 0.330159 -0.063131 2.188717
31.902 1.586406 0.329654 -0.043933 2.198568
32.002 1.595596 0.329327 -0.029970 2.207764
32.104 1.610679 0.329071 -0.005536 2.222849
32.201 1.618568 0.329130 0.015408 2.230738
32.302 1.631007 0.329491 0.039843 2.243182
32.402 1.641140 0.330014 0.059216 2.253329
32.502 1.651920 0.330677 0.062707 2.264129
32.601 1.664229 0.331472 0.064452 2.276464
32.701 1.684825 0.332843 0.067943 2.297105
32.802 1.693358 0.333429 0.069688 2.305658
32.901 1.706722 0.334362 0.069688 2.319055
33.004 1.727253 0.335821 0.071433 2.339638
33.101 1.735479 0.336409 0.071433 2.347885
33.201 1.755676 0.337864 0.071433 2.368134
33.301 1.767343 0.338719 0.073179 2.379832
33.401 1.784489 0.339971 0.073179 2.397024
33.502 1.795774 0.340798 0.073179 2.408339
33.603 1.813469 0.342147 0.078415 2.426086
33.702 1.828609 0.343412 0.085571 2.441279
33.803 1.842962 0.344664 0.087316 2.455686
33.902 1.853711 0.345620 0.089236 2.466477
34.007 1.870142 0.363557 0.103389 2.490802
34.101 1.901472 0.425332 0.151568 2.560068
34.201 1.918154 0.427791 0.142667 2.576929
34.302 1.928733 0.429268 0.135685 2.587611
34.402 1.946616 0.431533 0.118232 2.605637
34.501 1.955852 0.432501 0.098859 2.614924
34.603 1.965585 0.433354 0.079660 2.624694
34.702 1.981190 0.434246 0.041088 2.640325
34.802 1.985183 0.434396 0.034107 2.644320
34.902 1.997328 0.434649 0.011418 2.656468
35.002 2.011640 0.434531 -0.026979 2.670781
35.104 2.019150 0.434264 -0.044433 2.678296
35.203 2.026998 0.433846 -0.061886 2.686154
35.303 2.032921 0.433477 -0.060141 2.692089
35.403 2.032743 0.433488 -0.060141 2.692267
35.502 2.032663 0.433492 -0.060141 2.692347
35.601 2.032663 0.433492 -0.060141 2.692347
35.702 2.032751 0.433487 -0.060141 2.692435
35.802 2.039435 0.433094 -0.058395 2.699131
35.902 2.047401 0.432632 -0.056650 2.707110
36.004 2.056727 0.432116 -0.053159 2.716451
36.102 2.071812 0.431348 -0.049494 2.731555
36.202 2.089907 0.430593 -0.035532 2.749666
36.301 2.110329 0.429987 -0.021569 2.770097
36.403 2.122386 0.429771 -0.016158 2.782156
36.502 2.134034 0.429645 -0.009177 2.793804
36.613 2.145409 0.429600 -0.000450 2.805179
36.701 2.166233 0.429642 0.004786 2.826004
36.801 2.178315 0.429699 0.004786 2.838085
36.912 2.196179 0.429811 0.006531 2.855950
37.001 2.214194 0.429939 0.008276 2.873966
37.101 2.230010 0.431615 0.009022 2.889870
37.201 2.267548 0.467509 0.029604 2.941807
37.301 2.285123 0.468044 0.031350 2.959390
37.401 2.293880 0.468304 0.029604 2.968151
37.504 2.314575 0.468849 0.024369 2.988854
37.601 2.326231 0.469113 0.020878 3.000512
37.702 2.337474 0.469338 0.019133 3.011757
37.803 2.349016 0.469537 0.015642 3.023301
37.902 2.366344 0.469758 0.010406 3.040630
38.002 2.380921 0.469828 0.003425 3.055208
38.101 2.401784 0.469890 -0.000066 3.076071
38.201 2.413177 0.469880 -0.003557 3.087463
38.303 2.424491 0.469835 -0.003557 3.098778
38.401 2.444858 0.469788 -0.001811 3.119145
38.501 2.456524 0.469767 -0.001811 3.130811
38.602 2.468642 0.469751 -0.000066 3.142929
38.702 2.480826 0.469750 -0.000066 3.155113
38.802 2.498836 0.469759 -0.000066 3.173123
38.903 2.519182 0.469737 -0.000066 3.193469
39.002 2.530999 0.469767 0.003425 3.205286
39.102 2.542867 0.469854 0.008661 3.217155
39.205 2.563179 0.469717 -0.021010 3.237467
39.301 2.574721 0.469276 -0.048935 3.249017
39.402 2.586937 0.468694 -0.047190 3.261247
39.506 2.606254 0.467777 -0.047190 3.280585
39.602 2.617918 0.467302 -0.034973 3.292259
39.701 2.630254 0.466962 -0.024501 3.304600
39.801 2.675651 0.558786 -0.037098 3.407033
39.901 2.687424 0.558406 -0.030116 3.418812
40.003 2.699314 0.558074 -0.026626 3.430707
40.101 2.711591 0.557817 -0.017724 3.442987
40.202 2.731922 0.557424 -0.021390 3.463321
40.302 2.744027 0.557138 -0.024880 3.475429
40.401 2.761576 0.556682 -0.023135 3.492985
40.505 2.780539 0.556286 -0.021390 3.511951
40.602 2.786656 0.556172 -0.017724 3.518070
40.701 2.807900 0.555902 -0.008998 3.539316
40.802 2.819874 0.555878 0.001474 3.551289
40.901 2.835353 0.556014 0.012121 3.566770
41.002 2.852126 0.556282 0.019277 3.583544
41.101 2.863927 0.556530 0.022767 3.595348
41.201 2.876088 0.556834 0.024513 3.607513
41.312 2.896144 0.557391 0.029749 3.627577
41.401 2.907873 0.557740 0.029749 3.639311
41.502 2.922240 0.558148 0.028003 3.653683
41.601 2.940259 0.558685 0.031494 3.671711
41.719 2.951802 0.559058 0.033239 3.683259
41.801 2.966729 0.559560 0.034985 3.698194
41.901 2.980850 0.560059 0.036730 3.712324
42.008 3.001720 0.560869 0.040395 3.733211
42.101 3.013562 0.561380 0.044060 3.745063
42.202 3.026057 0.561931 0.044060 3.757570
42.302 3.046446 0.562876 0.047725 3.777982
42.402 3.058701 0.563450 0.045806 3.790250
42.501 3.070754 0.564019 0.045806 3.802317
42.601 3.085040 0.564685 0.045806 3.816618
42.702 3.096469 0.565220 0.047725 3.828059
42.801 3.114153 0.566048 0.047725 3.845763
42.901 3.134835 0.567030 0.047725 3.866468
43.001 3.111568 0.669651 0.130837 3.971693
43.111 3.111126 0.697952 0.153632 3.999998
43.207 3.122798 0.699771 0.155377 4.011811
43.302 3.139882 0.702201 0.134259 4.029067
43.401 3.151296 0.703665 0.121867 4.040574
43.501 3.171560 0.705987 0.109475 4.060970
43.602 3.182685 0.707130 0.100749 4.072154
43.704 3.194394 0.708175 0.079805 4.083910
43.802 3.211384 0.709184 0.044898 4.100930
43.905 3.224997 0.709652 0.030761 4.114551
44.002 3.242109 0.710089 0.022034 4.131668
44.109 3.250998 0.710233 0.015053 4.140559
44.204 3.268225 0.710448 0.009817 4.157787
44.303 3.285818 0.710534 0.002836 4.175380
44.403 3.300165 0.710514 -0.005891 4.189727
44.501 3.311946 0.710413 -0.011301 4.201509
44.601 3.329377 0.710078 -0.023519 4.218943
44.701 3.341330 0.709771 -0.027009 4.230900
44.802 3.360805 0.709142 -0.033991 4.250385
44.907 3.372346 0.708739 -0.035911 4.261933
45.002 3.384364 0.708280 -0.039576 4.273960
45.102 3.401693 0.707533 -0.044812 4.291305
45.201 3.416640 0.706574 -0.079718 4.306282
45.301 3.431447 0.705028 -0.118116 4.321169
45.401 3.443019 0.703440 -0.149706 4.332850
45.501 3.459923 0.700829 -0.153197 4.349955
45.602 3.471601 0.699011 -0.154942 4.361774
45.701 3.492493 0.695240 -0.193339 4.383003
45.801 3.504112 0.692789 -0.214283 4.394878
45.902 3.509756 0.691550 -0.216203 4.400657
46.002 3.624773 0.731887 -0.266854 4.522542
46.102 3.641847 0.727169 -0.270520 4.540256
46.201 3.653366 0.723975 -0.270520 4.552209
46.301 3.667701 0.719978 -0.272265 4.567091
46.402 3.680354 0.716453 -0.272265 4.580226
46.503 3.690166 0.713738 -0.270520 4.590407
46.602 3.700182 0.710986 -0.266854 4.600794
46.702 3.715995 0.706436 -0.289718 4.617248
46.801 3.729652 0.702141 -0.317993 4.631565
46.902 3.739857 0.698604 -0.338936 4.642366
47.002 3.755544 0.693260 -0.324799 4.658937
47.102 3.768753 0.688906 -0.313978 4.672846
47.201 3.779732 0.685392 -0.306822 4.684374
47.304 3.795630 0.680570 -0.282213 4.700986
47.401 3.808386 0.677053 -0.257779 4.714219
47.502 3.818411 0.674457 -0.250797 4.724574
47.601 3.828359 0.671954 -0.242071 4.734832
47.702 3.849016 0.667354 -0.203673 4.755996
47.801 3.860487 0.665160 -0.184300 4.767674
47.902 3.875362 0.662424 -0.182555 4.782799
48.001 3.892081 0.659305 -0.186220 4.799806
48.102 3.903757 0.657100 -0.187965 4.811688
48.202 3.917911 0.654397 -0.189711 4.826099
48.302 3.934609 0.651171 -0.191456 4.843105
48.402 3.945918 0.648964 -0.193201 4.854627
48.502 3.957586 0.646681 -0.193201 4.866517
48.602 3.977501 0.642733 -0.196692 4.886819
48.702 3.989428 0.640357 -0.196692 4.898980
48.802 4.000837 0.638062 -0.198437 4.910618
48.902 4.021144 0.633947 -0.200183 4.931338
49.001 4.031961 0.631743 -0.201928 4.942377
49.102 4.041559 0.629722 -0.222872 4.952185
49.202 4.046215 0.628597 -0.240325 4.956976
49.301 4.106691 0.738266 -0.356075 5.082214
49.401 4.119262 0.733134 -0.408435 5.095792
49.501 4.130433 0.727926 -0.453813 5.108118
49.602 4.144516 0.720598 -0.486975 5.123993
49.701 4.154437 0.714905 -0.541080 5.135431
49.802 4.163517 0.709118 -0.582968 5.146199
49.903 4.175356 0.700733 -0.638818 5.160706
50.002 4.187866 0.690707 -0.698159 5.176738
50.102 4.196600 0.683019 -0.736557 5.188374
50.204 4.207154 0.672891 -0.785426 5.203001
50.312 4.216904 0.662593 -0.827314 5.217183
50.401 4.229146 0.648480 -0.877928 5.235865
50.502 4.237318 0.638150 -0.912835 5.249037
50.601 4.244547 0.628595 -0.933779 5.261019
50.702 4.254768 0.614204 -0.966940 5.278670
50.803 4.259631 0.606936 -0.987884 5.287415
50.903 4.270683 0.589493 -1.022791 5.308064
51.003 4.276266 0.580104 -1.040244 5.318987
51.102 4.279680 0.574345 -1.033263 5.325682
51.201 4.280570 0.572860 -1.029772 5.327414
51.304 4.298792 0.591788 -1.052205 5.353688
51.401 4.299098 0.591248 -1.055695 5.354309
51.501 4.301746 0.586393 -1.074894 5.359839
51.602 4.305500 0.579257 -1.094092 5.367902
51.701 4.311122 0.567865 -1.127254 5.380605
51.802 4.314444 0.560668 -1.144532 5.388532
51.901 4.317392 0.553920 -1.168967 5.395897
52.003 4.319506 0.548845 -1.176123 5.401394
52.103 4.323210 0.539729 -1.188515 5.411234
52.202 4.327829 0.528106 -1.199161 5.423741
52.302 4.333230 0.513788 -1.218709 5.439043
52.404 4.338297 0.499312 -1.243144 5.454380
52.501 4.341564 0.489374 -1.259026 5.464842
52.602 4.347364 0.470706 -1.273338 5.484390
52.702 4.350844 0.459264 -1.277003 5.496350
52.802 4.354265 0.447827 -1.280668 5.508288
52.902 4.359956 0.427534 -1.308942 5.529363
53.001 4.362900 0.416345 -1.316273 5.540932
53.101 4.365744 0.404834 -1.332155 5.552790
53.202 4.400676 0.389041 -1.352399 5.591126
53.305 4.403253 0.378921 -1.354231 5.601569
53.401 4.405482 0.368790 -1.354231 5.611942
53.501 4.409559 0.350035 -1.359467 5.631135
53.601 4.411875 0.338989 -1.368193 5.642422
53.702 4.413995 0.328315 -1.376920 5.653304
53.801 4.417361 0.310695 -1.383901 5.671242
53.911 4.417563 0.309627 -1.383901 5.672330
54.002 4.417596 0.309457 -1.383901 5.672503
54.101 4.417498 0.309974 -1.383901 5.673030
54.204 4.417472 0.310112 -1.383901 5.673169
54.302 4.417472 0.310112 -1.383901 5.673169
54.414 4.417472 0.310112 -1.383901 5.673169
54.501 4.417472 0.310112 -1.383901 5.673169
54.603 4.417472 0.310112 -1.383901 5.673169
54.718 4.417472 0.310112 -1.383901 5.673169
54.801 4.417472 0.310112 -1.383901 5.673169
54.904 4.417472 0.310112 -1.383901 5.673169
55.003 4.417472 0.310112 -1.383901 5.673169
55.101 4.417472 0.310112 -1.383901 5.673169
55.201 4.417472 0.310112 -1.383901 5.673169
55.302 4.417472 0.310112 -1.383901 5.673169
55.402 4.417472 0.310112 -1.383901 5.673169
55.501 4.417472 0.310112 -1.383901 5.673169
55.607 4.417472 0.310112 -1.383901 5.673169
55.701 4.417472 0.310112 -1.383901 5.673169
55.802 4.417472 0.310112 -1.383901 5.673169
55.910 4.417472 0.310112 -1.383901 5.673169
56.011 4.417472 0.310112 -1.383901 5.673169
56.103 4.418981 0.310313 -1.386917 5.674692
56.220 4.438368 0.314090 -1.436195 5.694443
56.301 4.438368 0.314090 -1.436195 5.694443
56.408 4.439259 0.307340 -1.441431 5.701252
56.505 4.440013 0.301466 -1.443177 5.707174
56.604 4.442410 0.280285 -1.464121 5.728491
56.701 4.443627 0.268038 -1.479828 5.740798
56.805 4.444354 0.259806 -1.481574 5.749062
56.902 4.446402 0.236851 -1.481574 5.772108
57.005 4.446909 0.231240 -1.479828 5.777742
57.102 4.448969 0.208810 -1.478083 5.800266
57.202 4.449730 0.200677 -1.476338 5.808435
57.306 4.451249 0.185379 -1.469357 5.823808
57.402 4.452317 0.175622 -1.460630 5.833624
57.502 4.454442 0.158377 -1.443177 5.850999
57.602 4.455823 0.148481 -1.427469 5.860991
57.709 4.457333 0.138240 -1.423978 5.871342
57.801 4.460392 0.117582 -1.422233 5.892225
57.909 4.461230 0.111983 -1.422233 5.897887
58.007 4.463903 0.094127 -1.422233 5.915942
58.152 4.466012 0.079957 -1.423978 5.930268
58.207 4.468586 0.062552 -1.423978 5.947862
58.302 4.470217 0.051549 -1.423978 5.958985
58.405 4.473098 0.032070 -1.423978 5.978677
58.501 4.474846 0.020211 -1.425723 5.990664
58.602 4.476621 0.008599 -1.416997 6.002411
58.701 4.479797 -0.011430 -1.411761 6.022689
58.801 4.481850 -0.024092 -1.410015 6.035517
58.901 4.483613 -0.034960 -1.410015 6.046527
59.001 4.486847 -0.054964 -1.410015 6.066791
59.102 4.488230 -0.063491 -1.410015 6.075429
59.202 4.489544 -0.071502 -1.408270 6.083547
59.301 4.492717 -0.090658 -1.404779 6.102964
59.402 4.506750 -0.103737 -1.409555 6.122147
59.501 4.537459 -0.133312 -1.416680 6.164782
59.601 4.539240 -0.144608 -1.413015 6.176217
59.702 4.540991 -0.155815 -1.416680 6.187561
59.801 4.544053 -0.175437 -1.416680 6.207420
59.902 4.545713 -0.186249 -1.418425 6.218358
60.001 4.547378 -0.197187 -1.420171 6.229423
60.101 4.550007 -0.214471 -1.420171 6.246905
60.202 4.552625 -0.231722 -1.420171 6.264354
60.301 4.553974 -0.240611 -1.420171 6.273345
60.401 4.556619 -0.258105 -1.421916 6.291038
60.504 4.559106 -0.274853 -1.423661 6.307969
60.602 4.560296 -0.282913 -1.425407 6.316116
60.701 4.562398 -0.297307 -1.427152 6.330663
60.801 4.564908 -0.314766 -1.428897 6.348302
60.902 4.566522 -0.326171 -1.430643 6.359820
61.002 4.569134 -0.344957 -1.432388 6.378787
61.102 4.569690 -0.348943 -1.432388 6.382811
61.202 4.569752 -0.349389 -1.432388 6.383261
61.302 4.569752 -0.349389 -1.432388 6.383262
61.402 4.569746 -0.349349 -1.432388 6.383302
61.502 4.569746 -0.349349 -1.432388 6.383302
61.601 4.569746 -0.349349 -1.432388 6.383302
61.702 4.569746 -0.349349 -1.432388 6.383302
61.810 4.569746 -0.349349 -1.432388 6.383302
61.901 4.569746 -0.349349 -1.432388 6.383302
62.002 4.569746 -0.349349 -1.432388 6.383302
62.104 4.569746 -0.349349 -1.432388 6.383302
62.201 4.569746 -0.349349 -1.432388 6.383302
62.302 4.569746 -0.349349 -1.432388 6.383302
62.405 4.569746 -0.349349 -1.432388 6.383302
62.502 4.569746 -0.349349 -1.432388 6.383302
62.602 4.569746 -0.349349 -1.432388 6.383302
62.702 4.603708 -0.311471 -1.415926 6.434176
62.803 4.612989 -0.300838 -1.411330 6.448289
62.908 4.612989 -0.300838 -1.411330 6.448289
63.001 4.612989 -0.300838 -1.411330 6.448289
63.101 4.612989 -0.300838 -1.411330 6.448289
63.202 4.612989 -0.300838 -1.411330 6.448289
63.301 4.612989 -0.300838 -1.411330 6.448289
63.401 4.612989 -0.300838 -1.411330 6.448289
63.502 4.612989 -0.300838 -1.411330 6.448289
63.601 4.612989 -0.300838 -1.411330 6.448289
63.701 4.612989 -0.300838 -1.411330 6.448289
63.806 4.612989 -0.300838 -1.411330 6.448289
63.901 4.612989 -0.300838 -1.411330 6.448289
64.008 4.612989 -0.300838 -1.411330 6.448289
64.102 4.612989 -0.300838 -1.411330 6.448289
64.207 4.612989 -0.300838 -1.411330 6.448289
64.316 4.612989 -0.300838 -1.411330 6.448289
64.401 4.612989 -0.300838 -1.411330 6.448289
64.501 4.612989 -0.300838 -1.411330 6.448289
64.602 4.612989 -0.300838 -1.411330 6.448289
64.708 4.612989 -0.300838 -1.411330 6.448289
64.801 4.612989 -0.300838 -1.411330 6.448289
64.902 4.612989 -0.300838 -1.411330 6.448289
65.035 4.612989 -0.300838 -1.411330 6.448289
65.101 4.612989 -0.300838 -1.411330 6.448289
65.201 4.612989 -0.300838 -1.411330 6.448289
65.301 4.612989 -0.300838 -1.411330 6.448289
65.404 4.613173 -0.302014 -1.416566 6.449480
65.502 4.618706 -0.309576 -1.435324 6.458849
65.602 4.620484 -0.316466 -1.442563 6.465965
65.701 4.622078 -0.330489 -1.468743 6.480078
65.803 4.622773 -0.338027 -1.486196 6.487649
65.902 4.623486 -0.347481 -1.496668 6.497129
66.002 4.624282 -0.359034 -1.503650 6.508710
66.102 4.625596 -0.379143 -1.507140 6.528862
66.203 4.626311 -0.390603 -1.508886 6.540344
66.302 4.627024 -0.402184 -1.510631 6.551947
66.401 4.628246 -0.422635 -1.512376 6.572435
66.501 4.628937 -0.434352 -1.512376 6.584172
66.601 4.629607 -0.445812 -1.512376 6.595651
66.702 4.630734 -0.465774 -1.515867 6.615645
66.801 4.631323 -0.476829 -1.522848 6.626716
66.901 4.632036 -0.492730 -1.529830 6.642632
67.001 4.632584 -0.509462 -1.540302 6.659374
67.102 4.632842 -0.518419 -1.543792 6.668334
67.204 4.633305 -0.536161 -1.545538 6.686083
67.302 4.633670 -0.550786 -1.547283 6.700712
67.401 4.633944 -0.562246 -1.545538 6.712176
67.501 4.634439 -0.580349 -1.542047 6.730285
67.602 4.634892 -0.595036 -1.538556 6.744979
67.705 4.635309 -0.606274 -1.533320 6.756225
67.801 4.635968 -0.623080 -1.531575 6.773044
67.906 4.636440 -0.634974 -1.531575 6.784947
68.001 4.637034 -0.649972 -1.531575 6.799957
68.101 4.637691 -0.667759 -1.535066 6.817756
68.201 4.638094 -0.679182 -1.536811 6.829187
68.301 4.638525 -0.691240 -1.535066 6.841251
68.401 4.639232 -0.711456 -1.535066 6.861480
68.501 4.639641 -0.723469 -1.536811 6.873500
68.601 4.640118 -0.737785 -1.538556 6.887824
68.701 4.640677 -0.755282 -1.540302 6.905330
68.803 4.667620 -0.809018 -1.590996 6.965442
68.901 4.682394 -0.859086 -1.645446 7.017645
69.017 4.681090 -0.876650 -1.643701 7.035257
69.101 4.680017 -0.891645 -1.640210 7.050290
69.201 4.679215 -0.903326 -1.638465 7.061999
69.301 4.677832 -0.924290 -1.634974 7.083009
69.401 4.677140 -0.935361 -1.631484 7.094101
69.501 4.676295 -0.949688 -1.627993 7.108452
69.602 4.675371 -0.966677 -1.622757 7.125467
69.703 4.674913 -0.977813 -1.610540 7.136612
69.801 4.674416 -0.992081 -1.603558 7.150889
69.902 4.673935 -1.010297 -1.591341 7.169112
70.002 4.673758 -1.018621 -1.593086 7.177438
70.102 4.673700 -1.021085 -1.594832 7.179902
70.202 4.673708 -1.020785 -1.594832 7.180203
70.301 4.673708 -1.020765 -1.594832 7.180223
70.408 4.673709 -1.020744 -1.594832 7.180244
70.502 4.673709 -1.020724 -1.594832 7.180264
70.601 4.673709 -1.020724 -1.594832 7.180264
70.701 4.673709 -1.020724 -1.594832 7.180264
70.801 4.673709 -1.020724 -1.594832 7.180264
70.901 4.673709 -1.020724 -1.594832 7.180264
71.001 4.673709 -1.020724 -1.594832 7.180264
71.101 4.673709 -1.020724 -1.594832 7.180264
71.201 4.673709 -1.020724 -1.594832 7.180264
71.301 4.673709 -1.020724 -1.594832 7.180264
71.401 4.673709 -1.020724 -1.594832 7.180264
71.501 4.673709 -1.020724 -1.594832 7.180264
71.601 4.673709 -1.020724 -1.594832 7.180264
71.702 4.673709 -1.020724 -1.594832 7.180264
71.802 4.673709 -1.020724 -1.594832 7.180264
71.901 4.707920 -1.023675 -1.547410 7.214602
72.002 4.709156 -1.023695 -1.545420 7.215838
72.101 4.709156 -1.023695 -1.545420 7.215838
72.202 4.709156 -1.023695 -1.545420 7.215838
72.301 4.709156 -1.023695 -1.545420 7.215838
72.402 4.709156 -1.023695 -1.545420 7.215838
72.501 4.709156 -1.023695 -1.545420 7.215838
72.601 4.709156 -1.023695 -1.545420 7.215838
72.701 4.709156 -1.023695 -1.545420 7.215838
72.802 4.709156 -1.023695 -1.545420 7.215838
72.904 4.709156 -1.023695 -1.545420 7.215838
73.002 4.709156 -1.023695 -1.545420 7.215838
73.101 4.709156 -1.023695 -1.545420 7.215838
73.202 4.709156 -1.023695 -1.545420 7.215838
73.301 4.709156 -1.023695 -1.545420 7.215838
73.401 4.709156 -1.023695 -1.545420 7.215838
73.505 4.709156 -1.023695 -1.545420 7.215838
73.602 4.709156 -1.023695 -1.545420 7.215838
73.702 4.709156 -1.023695 -1.545420 7.215838
73.802 4.709156 -1.023695 -1.545420 7.215838
73.901 4.709156 -1.023695 -1.545420 7.215838
74.002 4.709156 -1.023695 -1.545420 7.215838
74.114 4.709156 -1.023695 -1.545420 7.215838
74.202 4.709156 -1.023695 -1.545420 7.215838
74.301 4.709156 -1.023695 -1.545420 7.215838
74.407 4.709156 -1.023695 -1.545420 7.215838
74.502 4.709156 -1.023695 -1.545420 7.215838
74.602 4.709156 -1.023695 -1.545420 7.215838
74.704 4.709156 -1.023695 -1.545420 7.215838
74.802 4.709156 -1.023695 -1.545420 7.215838
74.901 4.709156 -1.023695 -1.545420 7.215838
75.002 4.709156 -1.020570 -1.545420 7.218963
75.101 4.709156 -1.020570 -1.545420 7.218963
75.201 4.709156 -1.020570 -1.545420 7.218963
75.301 4.709156 -1.020570 -1.545420 7.218963
75.402 4.709156 -1.020570 -1.545420 7.218963
75.501 4.709156 -1.020570 -1.545420 7.218963
75.602 4.709156 -1.020570 -1.545420 7.218963
75.702 4.709156 -1.020570 -1.545420 7.218963
75.802 4.709156 -1.020570 -1.545420 7.218963
75.902 4.709156 -1.020570 -1.545420 7.218963
76.002 4.709156 -1.020570 -1.545420 7.218963
76.101 4.709156 -1.020570 -1.545420 7.218963
76.201 4.709156 -1.020570 -1.545420 7.218963
76.301 4.709156 -1.020570 -1.545420 7.218963
76.402 4.709156 -1.020570 -1.545420 7.218963
76.502 4.709156 -1.020570 -1.545420 7.218963
76.601 4.709156 -1.020570 -1.545420 7.218963
76.701 4.709156 -1.020570 -1.545420 7.218963
76.801 4.709156 -1.020570 -1.545420 7.218963
76.901 4.709156 -1.020570 -1.545420 7.218963
77.001 4.709156 -1.020570 -1.545420 7.218963
77.101 4.709156 -1.020570 -1.545420 7.218963
77.204 4.709156 -1.020570 -1.545420 7.218963
77.303 4.709156 -1.020570 -1.545420 7.218963
77.401 4.709156 -1.020570 -1.545420 7.218963
77.501 4.709156 -1.020570 -1.545420 7.218963
77.601 4.709156 -1.020570 -1.545420 7.218963
77.701 4.709156 -1.020570 -1.545420 7.218963
77.801 4.709156 -1.020570 -1.545420 7.218963
77.901 4.709156 -1.020570 -1.545420 7.218963
78.001 4.709156 -1.020570 -1.545420 7.218963
78.101 4.710718 -1.023695 -1.545420 7.222457
78.202 4.710718 -1.023695 -1.545420 7.222457
78.301 4.710718 -1.023695 -1.545420 7.222457
78.405 4.710718 -1.023695 -1.545420 7.222457
78.503 4.710718 -1.023695 -1.545420 7.222457
78.601 4.710718 -1.023695 -1.545420 7.222457
78.707 4.710718 -1.023695 -1.545420 7.222457
78.802 4.710718 -1.023695 -1.545420 7.222457
78.901 4.710718 -1.023695 -1.545420 7.222457
79.001 4.710718 -1.023695 -1.545420 7.222457
79.102 4.710718 -1.023695 -1.545420 7.222457
79.202 4.710718 -1.023695 -1.545420 7.222457
79.301 4.710718 -1.023695 -1.545420 7.222457
79.402 4.710718 -1.023695 -1.545420 7.222457
79.501 4.710718 -1.023695 -1.545420 7.222457
79.602 4.710718 -1.023695 -1.545420 7.222457
79.702 4.710718 -1.023695 -1.545420 7.222457
79.802 4.710718 -1.023695 -1.545420 7.222457
79.902 4.710718 -1.023695 -1.545420 7.222457
80.007 4.710718 -1.023695 -1.545420 7.222457
80.101 4.710718 -1.023695 -1.545420 7.222457
80.201 4.710718 -1.023695 -1.545420 7.222457
80.301 4.710718 -1.023695 -1.545420 7.222457
80.403 4.710718 -1.023695 -1.545420 7.222457
80.501 4.710718 -1.023695 -1.545420 7.222457
80.601 4.710718 -1.023695 -1.545420 7.222457
80.702 4.710718 -1.023695 -1.545420 7.222457
80.802 4.710718 -1.023695 -1.545420 7.222457
80.901 4.710718 -1.023695 -1.545420 7.222457
81.002 4.710718 -1.023695 -1.545420 7.222457
81.102 4.710718 -1.023695 -1.545420 7.222457
81.202 4.709156 -1.023695 -1.545420 7.224020
81.302 4.709156 -1.023695 -1.545420 7.224020
81.402 4.709156 -1.023695 -1.545420 7.224020
81.511 4.709156 -1.023695 -1.545420 7.224020
81.602 4.709156 -1.023695 -1.545420 7.224020
81.702 4.709156 -1.023695 -1.545420 7.224020
81.802 4.709156 -1.023695 -1.545420 7.224020
81.901 4.709156 -1.023695 -1.545420 7.224020
82.002 4.709156 -1.023695 -1.545420 7.224020
82.102 4.709156 -1.023695 -1.545420 7.224020
82.202 4.709156 -1.023695 -1.545420 7.224020
82.302 4.709156 -1.023695 -1.545420 7.224020
82.402 4.709156 -1.023695 -1.545420 7.224020
82.501 4.709156 -1.023695 -1.545420 7.224020
82.601 4.709156 -1.023695 -1.545420 7.224020
82.702 4.709156 -1.023695 -1.545420 7.224020
82.801 4.709156 -1.023695 -1.545420 7.224020
82.901 4.709156 -1.023695 -1.545420 7.224020
83.001 4.709156 -1.023695 -1.545420 7.224020
83.101 4.709156 -1.023695 -1.545420 7.224020
83.201 4.709156 -1.023695 -1.545420 7.224020
83.301 4.709156 -1.023695 -1.545420 7.224020
83.404 4.709156 -1.023695 -1.545420 7.224020
83.503 4.709156 -1.023695 -1.545420 7.224020
83.601 4.709156 -1.023695 -1.545420 7.224020
83.702 4.709156 -1.023695 -1.545420 7.224020
83.802 4.709365 -1.034209 -1.552401 7.234535
83.901 4.709490 -1.042210 -1.557637 7.242537
84.002 4.709564 -1.049477 -1.562873 7.249805
84.107 4.709610 -1.063318 -1.573345 7.263646
84.201 4.709574 -1.070715 -1.576836 7.271043
84.301 4.709480 -1.080406 -1.582072 7.280734
84.402 4.709382 -1.087697 -1.585563 7.288026
84.501 4.709162 -1.099423 -1.592544 7.299754
84.601 4.717619 -1.130834 -1.622657 7.332284
84.701 4.718857 -1.142499 -1.630732 7.344014
84.801 4.718757 -1.144222 -1.628986 7.345740
84.901 4.718768 -1.144021 -1.628986 7.345941
85.004 4.718774 -1.143922 -1.628986 7.346040
85.101 4.718774 -1.143922 -1.628986 7.346040
85.201 4.718774 -1.143922 -1.628986 7.346040
85.302 4.718774 -1.143922 -1.628986 7.346040
85.402 4.718774 -1.143922 -1.628986 7.346040
85.502 4.718774 -1.143922 -1.628986 7.346040
85.602 4.718774 -1.143922 -1.628986 7.346040
85.701 4.718774 -1.143922 -1.628986 7.346040
85.801 4.718774 -1.143922 -1.628986 7.346040
85.903 4.718774 -1.143922 -1.628986 7.346040
86.002 4.718774 -1.143922 -1.628986 7.346040
86.101 4.718774 -1.143922 -1.628986 7.346040
86.201 4.718774 -1.143922 -1.628986 7.346040
86.302 4.718774 -1.143922 -1.628986 7.346040
86.402 4.718774 -1.143922 -1.628986 7.346040
86.501 4.718774 -1.143922 -1.628986 7.346040
86.601 4.718774 -1.143922 -1.628986 7.346040
86.701 4.718774 -1.143922 -1.628986 7.346040
86.802 4.718774 -1.143922 -1.628986 7.346040
86.901 4.718774 -1.143922 -1.628986 7.346040
87.001 4.718774 -1.143922 -1.628986 7.346040
87.101 4.718774 -1.143922 -1.628986 7.346040
87.201 4.718774 -1.143922 -1.628986 7.346040
87.307 4.718774 -1.143922 -1.628986 7.346040
87.401 4.718774 -1.143922 -1.628986 7.346040
87.502 4.718774 -1.143922 -1.628986 7.346040
87.601 4.718774 -1.143922 -1.628986 7.346040
87.704 4.727550 -1.137594 -1.665637 7.356860
87.805 4.728478 -1.136259 -1.671623 7.358485
87.902 4.728478 -1.136259 -1.671623 7.358485
88.002 4.728478 -1.136259 -1.671623 7.358485
88.102 4.728478 -1.136259 -1.671623 7.358485
88.201 4.728478 -1.136259 -1.671623 7.358485
88.302 4.728478 -1.136259 -1.671623 7.358485
88.404 4.728478 -1.136259 -1.671623 7.358485
88.501 4.728478 -1.136259 -1.671623 7.358485
88.603 4.728478 -1.136259 -1.671623 7.358485
88.701 4.728478 -1.136259 -1.671623 7.358485
88.801 4.728478 -1.136259 -1.671623 7.358485
88.901 4.728478 -1.136259 -1.671623 7.358485
89.015 4.728478 -1.136259 -1.671623 7.358485
89.101 4.728478 -1.136259 -1.671623 7.358485
89.201 4.728478 -1.136259 -1.671623 7.358485
89.301 4.728478 -1.136259 -1.671623 7.358485
89.401 4.728478 -1.136259 -1.671623 7.358485
89.501 4.728478 -1.136259 -1.671623 7.358485
89.602 4.728478 -1.136259 -1.671623 7.358485
89.701 4.728478 -1.136259 -1.671623 7.358485
89.804 4.728478 -1.136259 -1.671623 7.358485
89.902 4.728478 -1.136259 -1.671623 7.358485
90.005 4.728478 -1.136259 -1.671623 7.358485
90.101 4.728478 -1.136259 -1.671623 7.358485
90.202 4.728478 -1.136259 -1.671623 7.358485
90.302 4.728478 -1.136259 -1.671623 7.358485
90.403 4.728478 -1.136259 -1.671623 7.358485
90.502 4.728478 -1.136259 -1.671623 7.358485
90.602 4.727362 -1.127333 -1.671623 7.367480
90.704 4.726915 -1.123759 -1.671623 7.371083
90.801 4.726194 -1.131617 -1.661152 7.378973
90.902 4.725471 -1.139930 -1.655916 7.387318
91.002 4.724150 -1.154985 -1.659406 7.402430
91.101 4.722991 -1.167987 -1.661152 7.415485
91.202 4.722014 -1.178771 -1.661152 7.426313
91.303 4.721056 -1.189248 -1.659406 7.436833
91.401 4.719560 -1.206782 -1.652425 7.454431
91.502 4.718723 -1.217242 -1.648934 7.464924
91.609 4.717387 -1.234853 -1.645444 7.482586
91.704 4.716576 -1.246440 -1.640208 7.494201
91.802 4.715817 -1.257928 -1.633226 7.505715
91.902 4.714856 -1.275177 -1.617518 7.522990
92.002 4.714630 -1.280394 -1.614028 7.528212
92.102 4.714238 -1.291122 -1.601810 7.538947
92.201 4.713606 -1.316222 -1.594829 7.564056
92.301 4.713335 -1.328320 -1.589593 7.576156
92.402 4.713172 -1.341747 -1.577376 7.589584
92.502 4.713145 -1.358654 -1.570394 7.606491
92.602 4.713192 -1.370713 -1.565158 7.618550
92.702 4.713295 -1.382687 -1.559922 7.630525
92.801 4.713572 -1.400382 -1.551196 7.648222
92.905 4.713839 -1.410586 -1.544214 7.658429
93.001 4.714265 -1.422467 -1.533742 7.670318
93.101 4.715168 -1.443338 -1.521525 7.691209
93.202 4.715708 -1.453593 -1.514544 7.701477
93.303 4.716256 -1.462861 -1.508959 7.710762
93.404 4.716986 -1.474568 -1.507213 7.722492
93.501 4.718570 -1.498178 -1.501628 7.746154
93.624 4.719571 -1.511982 -1.497963 7.759995
93.701 4.719977 -1.517345 -1.494298 7.765373
93.801 4.721533 -1.537178 -1.490633 7.785267
93.901 4.799045 -1.566497 -1.348164 7.868139
94.002 4.802634 -1.583027 -1.372598 7.885054
94.101 4.804108 -1.590923 -1.395462 7.893087
94.202 4.806197 -1.603608 -1.421816 7.905943
94.302 4.807235 -1.611510 -1.451487 7.913913
94.402 4.808067 -1.619349 -1.474176 7.921796
94.502 4.809241 -1.634606 -1.512574 7.937098
94.601 4.809560 -1.640401 -1.514319 7.942902
94.702 4.809630 -1.641636 -1.514319 7.944139
94.804 4.809621 -1.641476 -1.514319 7.944299
94.902 4.809617 -1.641397 -1.514319 7.944379
95.002 4.809617 -1.641397 -1.514319 7.944379
95.101 4.809617 -1.641397 -1.514319 7.944379
95.201 4.809617 -1.641397 -1.514319 7.944379
95.302 4.809617 -1.641397 -1.514319 7.944379
95.402 4.809617 -1.641397 -1.514319 7.944379
95.501 4.809617 -1.641397 -1.514319 7.944379
95.601 4.809617 -1.641397 -1.514319 7.944379
95.703 4.809617 -1.641397 -1.514319 7.944379
95.803 4.809815 -1.645165 -1.519555 7.948152
95.901 4.810165 -1.652728 -1.528282 7.955723
96.001 4.810457 -1.660765 -1.540499 7.963766
96.101 4.810477 -1.680055 -1.591113 7.983056
96.202 4.810319 -1.685523 -1.601585 7.988526
96.314 4.808880 -1.708072 -1.657436 8.011120
96.401 4.807667 -1.719502 -1.687107 8.022615
96.501 4.806145 -1.730888 -1.715032 8.034102
96.601 4.802542 -1.747839 -1.849422 8.051432
96.702 4.800618 -1.753661 -1.912254 8.057563
96.802 4.794953 -1.766085 -2.062352 8.071218
96.901 4.789568 -1.774904 -2.151364 8.081551
97.005 4.786362 -1.779460 -2.194997 8.087122
97.103 4.770985 -1.796775 -2.376512 8.110279
97.203 4.789831 -1.826344 -2.472566 8.145344
97.301 4.798600 -1.840901 -2.519345 8.162337
97.401 4.780756 -1.851335 -2.681660 8.183008
97.501 4.770102 -1.856140 -2.739082 8.194695
97.601 4.759395 -1.866243 -2.825457 8.209416
97.701 4.742989 -1.873238 -2.906173 8.227251
97.807 4.736994 -1.874555 -2.932353 8.233389
97.902 4.718256 -1.877687 -3.010893 8.252387
98.001 4.701568 -1.879151 -3.082452 8.269139
98.103 4.689536 -1.879547 -3.124339 8.281178
98.208 4.683861 -1.879560 3.139647 8.286853
98.303 4.646058 -1.911518 3.058221 8.336354
98.402 4.636032 -1.910462 3.021569 8.346435
98.506 4.626589 -1.909108 2.984917 8.355975
98.601 4.607576 -1.905362 2.918595 8.375354
98.701 4.596723 -1.902705 2.894160 8.386527
98.801 4.580852 -1.898283 2.848782 8.403003
98.902 4.567568 -1.893976 2.813875 8.416967
99.001 4.557832 -1.890575 2.803229 8.427281
99.101 4.543706 -1.885348 2.776874 8.442342
99.202 4.536233 -1.882376 2.755930 8.450384
99.302 4.520964 -1.875827 2.719104 8.466999
99.402 4.519224 -1.904300 2.711853 8.495525
99.501 4.499008 -1.898261 2.675943 8.516624
99.601 4.488399 -1.892758 2.654999 8.528575
99.702 4.483252 -1.889982 2.644353 8.534423
99.809 4.459970 -1.876593 2.600719 8.561281
99.901 4.450345 -1.870684 2.586408 8.572575
100.004 4.440846 -1.864678 2.568954 8.583813
100.101 4.424402 -1.853852 2.556388 8.603501
100.202 4.414287 -1.847110 2.550803 8.615657
100.302 4.402637 -1.839284 2.549058 8.629691
100.401 4.388374 -1.829633 2.545393 8.646913
100.501 4.378989 -1.823251 2.543473 8.658262
100.601 4.369750 -1.816956 2.543473 8.669442
100.704 4.357881 -1.808845 2.541727 8.683818
100.803 4.343128 -1.798755 2.541727 8.701691
100.901 4.333874 -1.792412 2.541727 8.712911
101.002 4.319969 -1.782876 2.539807 8.729771
101.101 4.305385 -1.772854 2.539807 8.747467
101.202 4.293112 -1.764407 2.538062 8.762366
101.302 4.283649 -1.757896 2.538062 8.773853
101.401 4.269679 -1.748278 2.538062 8.790812
101.503 4.262987 -1.743659 2.536142 8.798945
101.605 4.246289 -1.732164 2.544869 8.819216
101.701 4.239823 -1.727840 2.553770 8.826995
101.802 4.228662 -1.720521 2.565987 8.840341
101.907 4.214570 -1.711671 2.592167 8.856982
102.001 4.202405 -1.704494 2.621663 8.871107
102.101 4.187697 -1.696386 2.655174 8.887901
102.201 4.182099 -1.693723 2.731794 8.894101
102.301 4.179504 -1.692728 2.803527 8.896879
102.430 4.119726 -1.708102 2.972668 8.958603
102.501 4.122452 -1.708409 3.059935 8.961346
102.602 4.124122 -1.708450 -3.132493 8.963017
102.701 4.126666 -1.708249 -3.019047 8.965569
102.807 4.128465 -1.707925 -2.930035 8.967397
102.901 4.130756 -1.707166 -2.751837 8.969810
103.004 4.131489 -1.706836 -2.710124 8.970614
103.101 4.128247 -1.681409 -2.486109 8.996246
103.202 4.128420 -1.681287 -2.407569 8.996458
103.301 4.123046 -1.686881 -2.290632 9.004216
103.404 4.118498 -1.692395 -2.243333 9.011363
103.501 4.113718 -1.698841 -2.189403 9.019389
103.605 4.107383 -1.708530 -2.133552 9.030964
103.702 4.170703 -1.722317 -2.201996 9.095768
103.801 4.170641 -1.722401 -2.201996 9.095872
103.902 4.170641 -1.722401 -2.201996 9.095872
104.001 4.170618 -1.722433 -2.200250 9.095912
104.102 4.167588 -1.726717 -2.173721 9.101159
104.201 4.165564 -1.729735 -2.151032 9.104793
104.301 4.159473 -1.739785 -2.095182 9.116544
104.401 4.154643 -1.748642 -2.055039 9.126633
104.510 4.147082 -1.764365 -1.993952 9.144080
104.601 4.143492 -1.772826 -1.959046 9.153271
104.704 4.141733 -1.777269 -1.943338 9.158049
104.801 4.136284 -1.792907 -1.882251 9.174609
104.901 4.131574 -1.808986 -1.833382 9.191364
105.001 4.128654 -1.820499 -1.807202 9.203241
105.101 4.126230 -1.831442 -1.779277 9.214450
105.201 4.112028 -1.848501 -1.789387 9.236647
105.301 4.090934 -1.862852 -1.801204 9.262160
105.401 4.088913 -1.872164 -1.773279 9.271688
105.501 4.085424 -1.892752 -1.712193 9.292570
105.602 4.084098 -1.903674 -1.677286 9.303572
105.702 4.083002 -1.917714 -1.631907 9.317655
105.801 4.082525 -1.933554 -1.579547 9.333503
105.901 4.082612 -1.943507 -1.551622 9.343455
106.006 4.083441 -1.960696 -1.501008 9.360664
106.101 4.084330 -1.970646 -1.469592 9.370654
106.202 4.085546 -1.980537 -1.438176 9.380619
106.301 4.087412 -1.992425 -1.403269 9.392653
106.401 4.089719 -2.005481 -1.403269 9.405912
106.501 4.098631 -2.016693 -1.416507 9.420234
106.602 4.110114 -2.030599 -1.452989 9.438268
106.701 4.111133 -2.051096 -1.569926 9.458791
106.804 4.110646 -2.063085 -1.637994 9.470789
106.901 4.108349 -2.081235 -1.739223 9.489085
107.002 4.104299 -2.097981 -1.857906 9.506313
107.101 4.101553 -2.106090 -1.917247 9.514875
107.209 4.094818 -2.121388 -2.030693 9.531590
107.302 4.088385 -2.132794 -2.119705 9.544685
107.402 4.082403 -2.141636 -2.193009 9.555360
107.503 4.075493 -2.150417 -2.264393 9.566533
107.601 4.061712 -2.164835 -2.388486 9.586478
107.706 4.038025 -2.192561 -2.504301 9.622945
107.802 3.993987 -2.216402 -2.670621 9.673022
107.902 3.981154 -2.222074 -2.763123 9.687053
108.001 3.971022 -2.225615 -2.832936 9.697785
108.101 3.955998 -2.229453 -2.927184 9.713293
108.201 3.948806 -2.230813 -2.977799 9.720612
108.306 3.943034 -2.231611 -3.019686 9.726439
108.402 3.932618 -2.232566 -3.068556 9.736898
108.502 3.924143 -2.233000 -3.105208 9.745384
108.601 3.912617 -2.251024 3.110969 9.766779
108.702 3.903143 -2.255930 3.072504 9.777447
108.803 3.896768 -2.255433 3.063777 9.783841
108.909 3.893865 -2.255207 3.063777 9.786753
109.012 3.894070 -2.255223 3.063777 9.786958
109.103 3.894070 -2.255223 3.063777 9.786958
109.201 3.901798 -2.260290 3.101831 9.796200
109.305 3.902549 -2.260639 3.107312 9.797028
109.402 3.902549 -2.260639 3.107312 9.797028
109.502 3.902549 -2.260639 3.107312 9.797028
109.603 3.902549 -2.260639 3.107312 9.797028
109.702 3.902549 -2.260639 3.107312 9.797028
109.802 3.902549 -2.260639 3.107312 9.797028
109.902 3.902549 -2.260639 3.107312 9.797028
110.002 3.902549 -2.260639 3.107312 9.797028
110.102 3.902549 -2.260639 3.107312 9.797028
110.202 3.902549 -2.260639 3.107312 9.797028
110.301 3.902549 -2.260639 3.107312 9.797028
110.401 3.902549 -2.260639 3.107312 9.797028
110.501 3.902549 -2.260639 3.107312 9.797028
110.605 3.902549 -2.260639 3.107312 9.797028
110.701 3.902549 -2.260639 3.107312 9.797028
110.801 3.902549 -2.260639 3.107312 9.797028
110.901 3.902549 -2.260639 3.107312 9.797028
111.003 3.902549 -2.260639 3.107312 9.797028
111.102 3.902549 -2.260639 3.107312 9.797028
111.201 3.902549 -2.260639 3.107312 9.797028
111.303 3.902549 -2.260639 3.107312 9.797028
111.401 3.902549 -2.260639 3.107312 9.797028
111.501 3.902549 -2.260639 3.107312 9.797028
111.602 3.902549 -2.260639 3.107312 9.797028
111.701 3.902549 -2.260639 3.107312 9.797028
111.802 3.902549 -2.260639 3.107312 9.797028
111.901 3.902549 -2.260639 3.107312 9.797028
112.001 3.902549 -2.260639 3.107312 9.797028
112.102 3.902549 -2.260639 3.107312 9.797028
112.201 3.908241 -2.261187 3.112923 9.802746
112.302 3.943094 -2.262368 -3.133492 9.837619
112.401 3.940645 -2.262384 -3.135237 9.840068
112.501 3.933137 -2.262425 -3.136982 9.847577
112.611 3.919890 -2.262474 -3.136982 9.860824
112.701 3.910673 -2.262516 -3.136982 9.870041
112.801 3.902081 -2.262567 -3.135237 9.878633
112.903 3.889351 -2.262679 -3.131746 9.891364
113.001 3.886591 -2.262701 -3.133492 9.894123
113.102 3.886491 -2.262702 -3.133492 9.894224
113.205 3.886531 -2.262702 -3.133492 9.894264
113.304 3.886531 -2.262702 -3.133492 9.894264
113.407 3.886531 -2.262702 -3.133492 9.894264
113.502 3.886531 -2.262702 -3.133492 9.894264
113.607 3.886531 -2.262702 -3.133492 9.894264
113.701 3.886531 -2.262702 -3.133492 9.894264
113.802 3.886531 -2.262702 -3.133492 9.894264
113.901 3.886531 -2.262702 -3.133492 9.894264
114.001 3.886531 -2.262702 -3.133492 9.894264
114.101 3.886531 -2.262702 -3.133492 9.894264
114.202 3.886531 -2.262702 -3.133492 9.894264
114.302 3.886531 -2.262702 -3.133492 9.894264
114.401 3.886531 -2.262702 -3.133492 9.894264
114.502 3.886531 -2.262702 -3.133492 9.894264
114.601 3.886531 -2.262702 -3.133492 9.894264
114.701 3.886531 -2.262702 -3.133492 9.894264
114.802 3.886531 -2.262702 -3.133492 9.894264
114.904 3.886531 -2.262702 -3.133492 9.894264
115.001 3.886531 -2.262702 -3.133492 9.894264
115.101 3.886531 -2.262702 -3.133492 9.894264
115.203 3.883247 -2.283912 -3.134927 9.915727
115.301 3.883188 -2.284295 -3.134953 9.916115
115.402 3.883188 -2.284295 -3.134953 9.916115
115.508 3.883188 -2.284295 -3.134953 9.916115
115.602 3.883188 -2.284295 -3.134953 9.916115
115.704 3.883188 -2.284295 -3.134953 9.916115
115.817 3.883188 -2.284295 -3.134953 9.916115
115.902 3.883188 -2.284295 -3.134953 9.916115
116.002 3.883188 -2.284295 -3.134953 9.916115
116.101 3.883188 -2.284295 -3.134953 9.916115
116.202 3.883188 -2.284295 -3.134953 9.916115
116.301 3.883188 -2.284295 -3.134953 9.916115
116.402 3.883188 -2.284295 -3.134953 9.916115
116.501 3.883188 -2.284295 -3.134953 9.916115
116.601 3.883188 -2.284295 -3.134953 9.916115
116.703 3.883188 -2.284295 -3.134953 9.916115
116.801 3.883188 -2.284295 -3.134953 9.916115
116.902 3.883188 -2.284295 -3.134953 9.916115
117.002 3.883188 -2.284295 -3.134953 9.916115
117.101 3.883188 -2.284295 -3.134953 9.916115
117.201 3.883188 -2.284295 -3.134953 9.916115
117.301 3.883188 -2.284295 -3.134953 9.916115
117.401 3.883188 -2.284295 -3.134953 9.916115
117.501 3.883188 -2.284295 -3.134953 9.916115
117.601 3.883188 -2.284295 -3.134953 9.916115
117.701 3.883188 -2.284295 -3.134953 9.916115
117.802 3.883188 -2.284295 -3.134953 9.916115
117.902 3.883188 -2.284295 -3.134953 9.916115
118.002 3.883188 -2.284295 -3.134953 9.916115
118.103 3.883188 -2.284295 -3.134953 9.916115
118.201 3.883188 -2.284295 -3.134953 9.916115
118.302 3.883187 -2.281006 -3.133391 9.919404
118.401 3.883187 -2.281006 -3.133391 9.919404
118.503 3.883187 -2.281006 -3.133391 9.919404
118.603 3.883187 -2.281006 -3.133391 9.919404
118.702 3.883187 -2.281006 -3.133391 9.919404
118.802 3.883187 -2.281006 -3.133391 9.919404
118.901 3.883187 -2.281006 -3.133391 9.919404
119.001 3.883187 -2.281006 -3.133391 9.919404
119.101 3.883187 -2.281006 -3.133391 9.919404
119.201 3.883187 -2.281006 -3.133391 9.919404
119.302 3.883187 -2.281006 -3.133391 9.919404
119.405 3.883187 -2.281006 -3.133391 9.919404
119.501 3.883187 -2.281006 -3.133391 9.919404
119.601 3.883187 -2.281006 -3.133391 9.919404
119.709 3.883187 -2.281006 -3.133391 9.919404
119.802 3.883187 -2.281006 -3.133391 9.919404
119.901 3.883187 -2.281006 -3.133391 9.919404
120.002 3.883187 -2.281006 -3.133391 9.919404
120.102 3.883187 -2.281006 -3.133391 9.919404
120.204 3.883187 -2.281006 -3.133391 9.919404
120.303 3.883187 -2.281006 -3.133391 9.919404
120.402 3.883187 -2.281006 -3.133391 9.919404
120.504 3.883187 -2.281006 -3.133391 9.919404
120.606 3.883187 -2.281006 -3.133391 9.919404
120.701 3.883187 -2.281006 -3.133391 9.919404
120.801 3.883187 -2.281006 -3.133391 9.919404
120.903 3.883187 -2.281006 -3.133391 9.919404
121.002 3.883187 -2.281006 -3.133391 9.919404
121.102 3.883187 -2.281006 -3.133391 9.919404
121.201 3.883187 -2.281006 -3.133391 9.919404
121.305 3.883187 -2.281006 -3.133391 9.919404
121.402 3.882392 -2.281006 -3.133391 9.920199
121.503 3.881624 -2.281006 -3.133391 9.920967
121.601 3.881624 -2.281006 -3.133391 9.920967
121.702 3.881624 -2.281006 -3.133391 9.920967
121.801 3.881624 -2.281006 -3.133391 9.920967
121.901 3.881624 -2.281006 -3.133391 9.920967
122.007 3.881624 -2.281006 -3.133391 9.920967
122.102 3.881624 -2.281006 -3.133391 9.920967
122.201 3.881624 -2.281006 -3.133391 9.920967
122.301 3.881624 -2.281006 -3.133391 9.920967
122.401 3.881624 -2.281006 -3.133391 9.920967
122.504 3.881624 -2.281006 -3.133391 9.920967
122.601 3.881624 -2.281006 -3.133391 9.920967
122.703 3.881624 -2.281006 -3.133391 9.920967
122.802 3.881624 -2.281006 -3.133391 9.920967
122.901 3.881624 -2.281006 -3.133391 9.920967
123.001 3.881624 -2.281006 -3.133391 9.920967
123.101 3.881624 -2.281006 -3.133391 9.920967
123.202 3.881624 -2.281006 -3.133391 9.920967
123.301 3.881624 -2.281006 -3.133391 9.920967
123.402 3.881624 -2.281006 -3.133391 9.920967
123.503 3.881624 -2.281006 -3.133391 9.920967
123.601 3.881624 -2.281006 -3.133391 9.920967
123.701 3.881624 -2.281006 -3.133391 9.920967
123.802 3.881624 -2.281006 -3.133391 9.920967
123.901 3.881624 -2.281006 -3.133391 9.920967
124.003 3.881624 -2.281006 -3.133391 9.920967
124.101 3.881624 -2.281006 -3.133391 9.920967
124.201 3.881624 -2.281006 -3.133391 9.920967
124.303 3.881624 -2.281006 -3.133391 9.920967
124.401 3.881624 -2.281006 -3.133391 9.920967
124.501 3.881624 -2.281006 -3.133391 9.920967
124.603 3.881624 -2.281006 -3.133391 9.920967
124.701 3.878469 -2.271390 -3.116203 9.931088
124.802 3.878469 -2.271390 -3.116203 9.931088
124.901 3.878469 -2.271390 -3.116203 9.931088
125.001 3.878469 -2.271390 -3.116203 9.931088
125.101 3.878469 -2.271390 -3.116203 9.931088
125.201 3.878469 -2.271390 -3.116203 9.931088
125.301 3.878469 -2.271390 -3.116203 9.931088
125.401 3.878469 -2.271390 -3.116203 9.931088
125.501 3.878469 -2.271390 -3.116203 9.931088
125.603 3.878469 -2.271390 -3.116203 9.931088
125.701 3.878469 -2.271390 -3.116203 9.931088
125.801 3.878469 -2.271390 -3.116203 9.931088
125.901 3.878469 -2.271390 -3.116203 9.931088
126.001 3.878469 -2.271390 -3.116203 9.931088
126.101 3.878469 -2.271390 -3.116203 9.931088
126.201 3.878469 -2.271390 -3.116203 9.931088
126.301 3.878469 -2.271390 -3.116203 9.931088
126.401 3.878469 -2.271390 -3.116203 9.931088
126.501 3.878469 -2.271390 -3.116203 9.931088
126.602 3.878469 -2.271390 -3.116203 9.931088
126.702 3.878469 -2.271390 -3.116203 9.931088
126.801 3.878469 -2.271390 -3.116203 9.931088
126.901 3.878469 -2.271390 -3.116203 9.931088
127.002 3.878469 -2.271390 -3.116203 9.931088
127.102 3.878469 -2.271390 -3.116203 9.931088
127.202 3.878469 -2.271390 -3.116203 9.931088
127.301 3.878469 -2.271390 -3.116203 9.931088
127.401 3.878469 -2.271390 -3.116203 9.931088
127.503 3.878469 -2.271390 -3.116203 9.931088
127.601 3.878469 -2.271390 -3.116203 9.931088
127.701 3.875377 -2.289475 -3.139641 9.949436
127.801 3.875377 -2.289475 -3.139641 9.949436
127.901 3.875377 -2.289475 -3.139641 9.949436
128.001 3.875377 -2.289475 -3.139641 9.949436
128.101 3.875377 -2.289475 -3.139641 9.949436
128.201 3.875377 -2.289475 -3.139641 9.949436
128.301 3.875377 -2.289475 -3.139641 9.949436
128.402 3.875377 -2.289475 -3.139641 9.949436
128.502 3.875377 -2.289475 -3.139641 9.949436
128.601 3.875377 -2.289475 -3.139641 9.949436
128.702 3.875377 -2.289475 -3.139641 9.949436
128.802 3.875377 -2.289475 -3.139641 9.949436
128.901 3.875377 -2.289475 -3.139641 9.949436
129.001 3.875377 -2.289475 -3.139641 9.949436
129.101 3.875377 -2.289475 -3.139641 9.949436
129.203 3.875377 -2.289475 -3.139641 9.949436
129.306 3.875377 -2.289475 -3.139641 9.949436
129.401 3.875377 -2.289475 -3.139641 9.949436
129.501 3.875377 -2.289475 -3.139641 9.949436
129.601 3.875377 -2.289475 -3.139641 9.949436
129.704 3.875377 -2.289475 -3.139641 9.949436
129.801 3.875377 -2.289475 -3.139641 9.949436
129.901 3.875377 -2.289475 -3.139641 9.949436
130.001 3.875377 -2.289475 -3.139641 9.949436
130.102 3.875377 -2.289475 -3.139641 9.949436
130.219 3.875377 -2.289475 -3.139641 9.949436
130.301 3.875377 -2.289475 -3.139641 9.949436
130.401 3.875377 -2.289475 -3.139641 9.949436
130.502 3.875377 -2.289475 -3.139641 9.949436
130.601 3.875377 -2.289475 -3.139641 9.949436
130.701 3.877681 -2.285353 -3.136588 9.954158
130.801 3.880062 -2.281006 -3.133391 9.959114
130.904 3.880062 -2.281006 -3.133391 9.959114
131.002 3.880062 -2.281006 -3.133391 9.959114
131.102 3.880062 -2.281006 -3.133391 9.959114
131.201 3.880062 -2.281006 -3.133391 9.959114
131.301 3.880062 -2.281006 -3.133391 9.959114
131.401 3.880062 -2.281006 -3.133391 9.959114
131.501 3.880062 -2.281006 -3.133391 9.959114
131.605 3.880062 -2.281006 -3.133391 9.959114
131.701 3.880062 -2.281006 -3.133391 9.959114
131.802 3.880062 -2.281006 -3.133391 9.959114
131.901 3.880062 -2.281006 -3.133391 9.959114
132.002 3.880062 -2.281006 -3.133391 9.959114
132.101 3.880062 -2.281006 -3.133391 9.959114
132.201 3.880062 -2.281006 -3.133391 9.959114
132.301 3.879716 -2.281009 -3.133391 9.959459
132.401 3.877624 -2.281024 -3.133391 9.961551
132.501 3.877484 -2.281026 -3.133391 9.961691
132.603 3.876246 -2.281036 -3.131646 9.962929
132.701 3.872415 -2.281079 -3.129900 9.966761
132.803 3.866012 -2.281159 -3.128155 9.973164
132.902 3.855598 -2.281302 -3.126410 9.983579
133.006 3.848562 -2.281428 -3.122919 9.990616
133.102 3.845523 -2.281485 -3.122919 9.993655
133.201 3.844331 -2.281507 -3.122919 9.994848
133.301 3.844491 -2.281504 -3.122919 9.995008
133.401 3.844491 -2.281504 -3.122919 9.995008
133.501 3.844491 -2.281504 -3.122919 9.995008
133.606 3.844491 -2.281504 -3.122919 9.995008
133.701 3.844491 -2.281504 -3.122919 9.995008
133.801 3.844491 -2.281504 -3.122919 9.995008
133.902 3.820338 -2.295782 -3.092770 10.023066
134.001 3.819150 -2.296378 -3.091375 10.024395
134.102 3.819150 -2.296378 -3.091375 10.024395
134.201 3.819150 -2.296378 -3.091375 10.024395
134.301 3.819150 -2.296378 -3.091375 10.024395
134.401 3.819150 -2.296378 -3.091375 10.024395
134.502 3.819150 -2.296378 -3.091375 10.024395
134.602 3.819150 -2.296378 -3.091375 10.024395
134.701 3.819150 -2.296378 -3.091375 10.024395
134.802 3.819150 -2.296378 -3.091375 10.024395
134.901 3.819150 -2.296378 -3.091375 10.024395
135.002 3.819150 -2.296378 -3.091375 10.024395
135.104 3.819150 -2.296378 -3.091375 10.024395
135.203 3.819150 -2.296378 -3.091375 10.024395
135.301 3.819150 -2.296378 -3.091375 10.024395
135.401 3.819150 -2.296378 -3.091375 10.024395
135.502 3.819150 -2.296378 -3.091375 10.024395
135.601 3.819150 -2.296378 -3.091375 10.024395
135.701 3.819150 -2.296378 -3.091375 10.024395
135.802 3.819150 -2.296378 -3.091375 10.024395
135.901 3.819150 -2.296378 -3.091375 10.024395
136.003 3.819150 -2.296378 -3.091375 10.024395
136.101 3.819150 -2.296378 -3.091375 10.024395
136.201 3.819150 -2.296378 -3.091375 10.024395
136.301 3.819150 -2.296378 -3.091375 10.024395
136.401 3.819150 -2.296378 -3.091375 10.024395
136.501 3.819150 -2.296378 -3.091375 10.024395
136.603 3.819150 -2.296378 -3.091375 10.024395
136.701 3.819150 -2.296378 -3.091375 10.024395
136.801 3.819150 -2.296378 -3.091375 10.024395
136.901 3.819150 -2.296378 -3.091375 10.024395
137.001 3.819150 -2.296378 -3.091375 10.024395
137.102 3.839325 -2.287830 -3.099188 10.046307
137.203 3.838036 -2.287881 -3.102678 10.047597
137.304 3.834312 -2.288031 -3.099188 10.051324
137.401 3.832310 -2.288113 -3.099188 10.053327
137.506 3.828727 -2.288269 -3.097442 10.056914
137.601 3.819431 -2.288679 -3.097442 10.066219
137.701 3.817187 -2.288778 -3.097442 10.068465
137.801 3.816800 -2.288796 -3.097442 10.068853
137.903 3.817039 -2.288785 -3.097442 10.069093
138.003 3.816898 -2.288791 -3.097442 10.069234
138.102 3.816459 -2.288811 -3.097442 10.069673
138.202 3.816380 -2.288814 -3.097442 10.069753
138.301 3.816179 -2.288823 -3.097442 10.069954
138.401 3.815452 -2.288856 -3.095697 10.070682
138.502 3.812937 -2.288972 -3.095697 10.073199
138.601 3.811416 -2.289042 -3.095697 10.074722
138.701 3.811077 -2.289058 -3.095697 10.075061
138.801 3.810660 -2.289078 -3.093952 10.075479
138.901 3.808938 -2.289160 -3.093952 10.077203
139.001 3.803923 -2.289399 -3.093952 10.082224
139.102 3.800321 -2.289571 -3.093952 10.085829
139.203 3.798899 -2.289638 -3.093952 10.087253
139.301 3.799036 -2.289632 -3.093952 10.087390
139.407 3.799437 -2.289613 -3.093952 10.087792
139.501 3.799457 -2.289612 -3.093952 10.087812
139.603 3.799457 -2.289612 -3.093952 10.087812
139.701 3.799457 -2.289612 -3.093952 10.087812
139.805 3.799457 -2.289612 -3.093952 10.087812
139.901 3.799457 -2.289612 -3.093952 10.087812
140.001 3.799457 -2.289612 -3.093952 10.087812
140.101 3.799033 -2.290295 -3.092573 10.088616
140.201 3.794127 -2.297243 -3.077855 10.097121
140.301 3.793275 -2.298301 -3.075490 10.098480
140.402 3.793275 -2.298301 -3.075490 10.098480
140.502 3.793275 -2.298301 -3.075490 10.098480
140.601 3.793275 -2.298301 -3.075490 10.098480
140.701 3.793275 -2.298301 -3.075490 10.098480
140.801 3.793275 -2.298301 -3.075490 10.098480
140.902 3.793275 -2.298301 -3.075490 10.098480
141.002 3.793275 -2.298301 -3.075490 10.098480
141.101 3.793275 -2.298301 -3.075490 10.098480
141.201 3.793275 -2.298301 -3.075490 10.098480
141.301 3.793275 -2.298301 -3.075490 10.098480
141.402 3.793275 -2.298301 -3.075490 10.098480
141.502 3.793275 -2.298301 -3.075490 10.098480
141.602 3.793294 -2.298300 -3.075490 10.098500
141.702 3.793752 -2.298270 -3.077235 10.098959
141.801 3.793751 -2.298270 -3.077235 10.098959
141.902 3.793570 -2.298282 -3.077235 10.099141
142.002 3.794264 -2.298238 -3.078981 10.099837
142.102 3.795554 -2.298157 -3.078981 10.101129
142.202 3.796948 -2.298073 -3.084217 10.102526
142.304 3.799552 -2.297910 -3.073745 10.105134
142.402 3.801021 -2.297796 -3.054546 10.106607
142.502 3.802727 -2.297628 -3.040584 10.108322
142.602 3.803715 -2.297534 -3.047565 10.109315
142.702 3.807157 -2.297236 -3.059782 10.112769
142.801 3.810960 -2.296928 -3.059782 10.116585
142.905 3.814825 -2.296611 -3.059782 10.120463
143.003 3.817035 -2.296430 -3.059782 10.122680
143.102 3.818687 -2.296295 -3.059782 10.124338
143.201 3.818326 -2.296324 -3.059782 10.124701
143.302 3.861617 -2.337946 -3.070010 10.184755
143.401 3.861537 -2.337952 -3.070010 10.184834
143.501 3.861537 -2.337952 -3.070010 10.184834
143.604 3.861537 -2.337952 -3.070010 10.184834
143.702 3.861537 -2.337952 -3.070010 10.184834
143.801 3.861537 -2.337952 -3.070010 10.184834
143.901 3.861537 -2.337952 -3.070010 10.184834
144.001 3.861537 -2.337952 -3.070010 10.184834
144.101 3.861537 -2.337952 -3.070010 10.184834
144.202 3.861537 -2.337952 -3.070010 10.184834
144.307 3.861537 -2.337952 -3.070010 10.184834
144.407 3.861579 -2.337949 -3.070010 10.184876
144.502 3.861519 -2.337953 -3.070010 10.184936
144.602 3.861499 -2.337955 -3.068265 10.184956
144.702 3.861499 -2.337955 -3.068265 10.184956
144.802 3.861479 -2.337956 -3.068265 10.184976
144.901 3.861498 -2.337955 -3.068265 10.184996
145.002 3.861518 -2.337953 -3.066520 10.185016
145.102 3.861679 -2.337941 -3.066520 10.185177
145.202 3.861758 -2.337935 -3.064774 10.185257
145.302 3.861878 -2.337926 -3.063029 10.185377
145.402 3.861997 -2.337917 -3.063029 10.185496
145.501 3.861859 -2.337928 -3.061284 10.185635
145.602 3.861758 -2.337936 -3.059538 10.185736
145.701 3.861739 -2.337938 -3.059538 10.185755
145.801 3.861739 -2.337938 -3.057793 10.185755
145.904 3.861760 -2.337936 -3.056048 10.185777
146.002 3.861720 -2.337939 -3.056048 10.185818
146.103 3.861720 -2.337939 -3.056048 10.185818
146.204 3.856997 -2.338339 -3.057793 10.190558
146.302 3.852824 -2.338694 -3.056048 10.194746
146.402 3.825096 -2.356280 -3.010832 10.227580
146.502 3.817382 -2.357294 -3.010832 10.235361
146.601 3.812067 -2.358003 -3.009087 10.240723
146.707 3.811072 -2.358135 -3.009087 10.241726
146.807 3.811196 -2.358119 -3.009087 10.241851
146.903 3.811217 -2.358116 -3.009087 10.241872
147.001 3.811217 -2.358116 -3.009087 10.241872
147.102 3.811217 -2.358116 -3.009087 10.241872
147.202 3.811217 -2.358116 -3.009087 10.241872
147.301 3.811336 -2.358100 -3.009087 10.241992
147.401 3.811316 -2.358103 -3.009087 10.242012
147.502 3.811316 -2.358103 -3.009087 10.242012
147.601 3.811316 -2.358103 -3.009087 10.242012
147.702 3.811316 -2.358103 -3.009087 10.242012
147.802 3.811316 -2.358103 -3.009087 10.242012
147.902 3.811316 -2.358103 -3.009087 10.242012
148.002 3.811316 -2.358103 -3.009087 10.242012
148.101 3.811316 -2.358103 -3.009087 10.242012
148.201 3.811316 -2.358103 -3.009087 10.242012
148.301 3.811316 -2.358103 -3.009087 10.242012
148.401 3.811316 -2.358103 -3.009087 10.242012
148.501 3.811316 -2.358103 -3.009087 10.242012
148.601 3.811316 -2.358103 -3.009087 10.242012
148.701 3.811316 -2.358103 -3.009087 10.242012
148.801 3.811316 -2.358103 -3.009087 10.242012
148.901 3.811316 -2.358103 -3.009087 10.242012
149.001 3.811316 -2.358103 -3.009087 10.242012
149.101 3.811316 -2.358103 -3.009087 10.242012
149.201 3.811316 -2.358103 -3.009087 10.242012
149.301 3.811316 -2.358103 -3.009087 10.242012
149.401 3.811316 -2.358103 -3.009087 10.242012
149.501 3.738801 -2.470695 -3.048694 10.375936
149.601 3.738801 -2.470695 -3.048694 10.375936
149.701 3.738801 -2.470695 -3.048694 10.375936
149.801 3.738801 -2.470695 -3.048694 10.375936
149.901 3.738801 -2.470695 -3.048694 10.375936
150.001 3.738801 -2.470695 -3.048694 10.375936
150.101 3.738801 -2.470695 -3.048694 10.375936
150.201 3.738801 -2.470695 -3.048694 10.375936
150.301 3.738801 -2.470695 -3.048694 10.375936
150.402 3.738801 -2.470695 -3.048694 10.375936
150.501 3.738801 -2.470695 -3.048694 10.375936
150.601 3.738801 -2.470695 -3.048694 10.375936
150.701 3.738801 -2.470695 -3.048694 10.375936
150.802 3.738801 -2.470695 -3.048694 10.375936
150.902 3.738801 -2.470695 -3.048694 10.375936
151.002 3.738801 -2.470695 -3.048694 10.375936
151.101 3.738801 -2.470695 -3.048694 10.375936
151.202 3.738801 -2.470695 -3.048694 10.375936
151.301 3.738801 -2.470695 -3.048694 10.375936
151.401 3.738801 -2.470695 -3.048694 10.375936
151.501 3.738801 -2.470695 -3.048694 10.375936
151.602 3.738801 -2.470695 -3.048694 10.375936
151.701 3.738801 -2.470695 -3.048694 10.375936
151.801 3.738801 -2.470695 -3.048694 10.375936
151.901 3.738801 -2.470695 -3.048694 10.375936
152.002 3.738801 -2.470695 -3.048694 10.375936
152.101 3.738801 -2.470695 -3.048694 10.375936
152.201 3.738801 -2.470695 -3.048694 10.375936
152.302 3.738801 -2.470695 -3.048694 10.375936
152.401 3.738801 -2.470695 -3.048694 10.375936
152.501 3.738801 -2.470695 -3.048694 10.375936
152.602 3.737238 -2.470695 -3.048694 10.377498
152.701 3.737238 -2.470695 -3.048694 10.377498
152.802 3.737238 -2.470695 -3.048694 10.377498
152.901 3.737238 -2.470695 -3.048694 10.377498
153.002 3.737238 -2.470695 -3.048694 10.377498
153.101 3.737238 -2.470695 -3.048694 10.377498
153.202 3.737238 -2.470695 -3.048694 10.377498
153.301 3.737238 -2.470695 -3.048694 10.377498
153.402 3.737238 -2.470695 -3.048694 10.377498
153.501 3.737238 -2.470695 -3.048694 10.377498
153.602 3.737238 -2.470695 -3.048694 10.377498
153.701 3.737238 -2.470695 -3.048694 10.377498
153.802 3.737238 -2.470695 -3.048694 10.377498
153.901 3.737238 -2.470695 -3.048694 10.377498
154.001 3.737238 -2.470695 -3.048694 10.377498
154.101 3.737238 -2.470695 -3.048694 10.377498
154.201 3.737238 -2.470695 -3.048694 10.377498
154.301 3.737238 -2.470695 -3.048694 10.377498
154.402 3.737238 -2.470695 -3.048694 10.377498
154.501 3.737238 -2.470695 -3.048694 10.377498
154.602 3.737238 -2.470695 -3.048694 10.377498
154.702 3.737238 -2.470695 -3.048694 10.377498
154.801 3.737238 -2.470695 -3.048694 10.377498
154.901 3.737238 -2.470695 -3.048694 10.377498
155.002 3.737238 -2.470695 -3.048694 10.377498
155.101 3.737238 -2.470695 -3.048694 10.377498
155.201 3.737238 -2.470695 -3.048694 10.377498
155.301 3.737238 -2.470695 -3.048694 10.377498
155.401 3.737238 -2.470695 -3.048694 10.377498
155.501 3.737238 -2.470695 -3.048694 10.377498
155.601 3.740949 -2.468840 -3.048694 10.381646
155.701 3.743488 -2.467570 -3.048694 10.384486
155.801 3.743488 -2.467570 -3.048694 10.384486
155.901 3.743488 -2.467570 -3.048694 10.384486
156.002 3.743488 -2.467570 -3.048694 10.384486
156.101 3.743488 -2.467570 -3.048694 10.384486
156.201 3.743488 -2.467570 -3.048694 10.384486
156.301 3.743488 -2.467570 -3.048694 10.384486
156.401 3.743488 -2.467570 -3.048694 10.384486
156.502 3.743488 -2.467570 -3.048694 10.384486
156.601 3.743488 -2.467570 -3.048694 10.384486
156.701 3.743488 -2.467570 -3.048694 10.384486
156.801 3.743488 -2.467570 -3.048694 10.384486
156.901 3.743488 -2.467570 -3.048694 10.384486
157.001 3.743488 -2.467570 -3.048694 10.384486
157.101 3.743488 -2.467570 -3.048694 10.384486
157.201 3.743488 -2.467570 -3.048694 10.384486
157.302 3.743488 -2.467570 -3.048694 10.384486
157.401 3.743488 -2.467570 -3.048694 10.384486
157.501 3.743488 -2.467570 -3.048694 10.384486
157.601 3.743488 -2.467570 -3.048694 10.384486
157.702 3.743488 -2.467570 -3.048694 10.384486
157.801 3.743488 -2.467570 -3.048694 10.384486
157.901 3.743488 -2.467570 -3.048694 10.384486
158.002 3.743488 -2.467570 -3.048694 10.384486
158.101 3.743488 -2.467570 -3.048694 10.384486
158.201 3.743488 -2.467570 -3.048694 10.384486
158.301 3.743488 -2.467570 -3.048694 10.384486
158.401 3.743488 -2.467570 -3.048694 10.384486
158.501 3.743488 -2.467570 -3.048694 10.384486
158.601 3.743488 -2.467570 -3.048694 10.384486
158.703 3.743245 -2.467651 -3.048694 10.384742
158.802 3.738801 -2.469132 -3.048694 10.389427
158.902 3.738801 -2.469132 -3.048694 10.389427
159.001 3.738801 -2.469132 -3.048694 10.389427
159.102 3.738801 -2.469132 -3.048694 10.389427
159.201 3.738801 -2.469132 -3.048694 10.389427
159.302 3.738801 -2.469132 -3.048694 10.389427
159.402 3.738801 -2.469132 -3.048694 10.389427
159.501 3.738801 -2.469132 -3.048694 10.389427
159.601 3.738801 -2.469132 -3.048694 10.389427
