# t_sec x y yaw_rad cum_dist_m
0.105 -0.006250 -0.000000 -0.000000 0.000000
0.205 -0.006250 -0.000000 -0.000000 0.000000
0.305 -0.006250 -0.000000 -0.000000 0.000000
0.405 -0.006250 -0.000000 -0.000000 0.000000
0.505 -0.006250 -0.000000 -0.000000 0.000000
0.605 -0.006250 -0.000000 -0.000000 0.000000
0.705 -0.006250 -0.000000 -0.000000 0.000000
0.805 -0.006250 -0.000000 -0.000000 0.000000
0.905 -0.006250 -0.000000 -0.000000 0.000000
1.005 -0.006250 -0.000000 -0.000000 0.000000
1.105 -0.006250 -0.000000 -0.000000 0.000000
1.206 -0.006250 -0.000000 -0.000000 0.000000
1.310 -0.006250 -0.000000 -0.000000 0.000000
1.405 -0.006250 -0.000000 -0.000000 0.000000
1.505 -0.006370 -0.000001 0.006981 0.000120
1.605 -0.006249 0.000001 0.019199 0.000242
1.705 -0.006349 -0.000003 0.043633 0.000341
1.808 -0.006168 0.000008 0.071558 0.000522
1.905 -0.005789 0.000049 0.111701 0.000903
2.005 -0.006008 0.000019 0.143117 0.001124
2.107 -0.006107 0.000004 0.172788 0.001224
2.205 -0.005820 0.000053 0.223402 0.001515
2.305 -0.006014 0.000008 0.240855 0.001715
2.405 -0.005727 0.000086 0.270526 0.002013
2.507 -0.005800 0.000054 0.319395 0.002093
2.605 0.049277 0.041131 0.372759 0.070801
2.705 0.049404 0.041176 0.418138 0.070935
2.805 0.049417 0.041189 0.454790 0.070954
2.905 0.050089 0.041528 0.479224 0.071706
3.005 0.049598 0.041256 0.521287 0.072268
3.105 0.049615 0.041267 0.549037 0.072288
3.205 0.049676 0.041297 0.594416 0.072356
3.305 0.049588 0.041239 0.624261 0.072461
3.406 0.049814 0.041406 0.650441 0.072741
3.505 0.049832 0.041418 0.687093 0.072763
3.607 0.050028 0.041589 0.729155 0.073023
3.705 0.050149 0.041701 0.753590 0.073187
3.804 0.049902 0.041459 0.785006 0.073533
3.905 0.049851 0.041409 0.837366 0.073604
4.004 0.050024 0.041605 0.851503 0.073865
4.105 0.079147 0.046570 0.892574 0.103409
4.207 0.081852 0.047236 0.923314 0.106195
4.305 0.081947 0.047365 0.949494 0.106355
4.405 0.081817 0.047158 0.998538 0.106599
4.505 0.081903 0.047302 1.031525 0.106768
4.605 0.081978 0.047424 1.064860 0.106911
4.705 0.081899 0.047273 1.099767 0.107081
4.805 0.082023 0.047531 1.129438 0.107367
4.905 0.081998 0.047478 1.173071 0.107425
5.005 0.082152 0.047867 1.206232 0.107844
5.105 0.082112 0.047746 1.244629 0.107972
5.206 0.082155 0.047882 1.272555 0.108114
5.305 0.082242 0.048187 1.298735 0.108431
5.405 0.082234 0.048165 1.351094 0.108454
5.505 0.082290 0.048438 1.377274 0.108733
5.605 0.088818 0.037869 1.417285 0.121155
5.705 0.088721 0.037180 1.445210 0.121851
5.805 0.088765 0.037647 1.494079 0.122320
5.907 0.088777 0.037906 1.537712 0.122579
6.007 0.088781 0.038167 1.563892 0.122840
6.105 0.088787 0.038091 1.605780 0.122917
6.205 0.088774 0.038226 1.638942 0.123052
6.305 0.088789 0.038082 1.666867 0.123197
6.405 0.088819 0.037823 1.701773 0.123458
6.505 0.088746 0.038290 1.743661 0.123930
6.605 0.088753 0.038251 1.769841 0.123970
6.705 0.088713 0.038427 1.804748 0.124150
6.808 0.088762 0.038254 1.844890 0.124330
6.912 0.088738 0.038324 1.876306 0.124405
7.005 0.088616 0.038705 1.897425 0.124804
7.105 0.056310 0.020534 1.941456 0.161870
7.206 0.056193 0.020815 1.972872 0.162174
7.310 0.056227 0.020741 2.002542 0.162255
7.410 0.056200 0.020783 2.044605 0.162306
7.506 0.056168 0.020850 2.072356 0.162380
7.605 0.056266 0.020675 2.100281 0.162580
7.706 0.055802 0.021428 2.150895 0.163464
7.819 0.056219 0.020816 2.180566 0.164205
7.905 0.056146 0.020912 2.206746 0.164326
8.005 0.055891 0.021244 2.252124 0.164744
8.108 0.055914 0.021216 2.280050 0.164780
8.205 0.055906 0.021230 2.309720 0.164796
8.305 0.055979 0.021150 2.344627 0.164905
8.410 0.055644 0.021468 2.386515 0.165367
8.505 0.055555 0.021550 2.414440 0.165487
8.605 0.060443 0.020559 2.470050 0.170474
8.705 0.060214 0.020789 2.499854 0.170799
8.805 0.060037 0.020919 2.522543 0.171018
8.905 0.060317 0.020733 2.562686 0.171355
9.005 0.059916 0.020969 2.606319 0.171820
9.105 0.059640 0.021128 2.641226 0.172138
9.205 0.059955 0.020965 2.670896 0.172493
9.305 0.059864 0.021008 2.700567 0.172593
9.404 0.059645 0.021106 2.751182 0.172834
9.505 0.059420 0.021197 2.768635 0.173076
9.605 0.059627 0.021118 2.801796 0.173298
9.705 0.059608 0.021124 2.848920 0.173318
9.805 0.059152 0.021251 2.876845 0.173792
9.907 0.059562 0.021156 2.916988 0.174213
10.010 0.059981 0.021349 2.953362 0.174675
10.105 0.084237 0.025931 2.977220 0.199359
10.204 0.084397 0.025907 3.001655 0.199521
10.310 0.084219 0.025920 3.045288 0.199699
10.412 0.084262 0.025918 3.085431 0.199743
10.505 0.084005 0.025921 3.123828 0.200000
10.605 0.083742 0.025922 -3.129687 0.200263
10.705 0.083861 0.025929 -3.087799 0.200382
10.805 0.083481 0.025900 -3.047656 0.200763
10.905 0.083757 0.025931 -3.024967 0.201041
11.006 0.083681 0.025911 -2.984824 0.201120
11.105 0.083542 0.025886 -2.949918 0.201261
11.205 0.083563 0.025891 -2.935955 0.201282
11.307 0.083524 0.025881 -2.887086 0.201323
11.405 0.083324 0.025826 -2.843453 0.201530
11.505 0.083287 0.025813 -2.817273 0.201569
11.605 0.100173 0.014713 -2.780163 0.221777
11.705 0.100047 0.014659 -2.738276 0.221913
11.805 0.099845 0.014570 -2.706860 0.222134
11.905 0.099922 0.014609 -2.668462 0.222219
12.005 0.099626 0.014449 -2.637046 0.222555
12.105 0.099780 0.014540 -2.609121 0.222734
12.205 0.099699 0.014485 -2.574215 0.222832
12.305 0.099673 0.014478 -2.530581 0.222858
12.405 0.099586 0.014410 -2.500911 0.222969
12.505 0.099093 0.014032 -2.467750 0.223590
12.605 0.099536 0.014407 -2.427607 0.224171
12.705 0.099285 0.014176 -2.396191 0.224512
12.818 0.099332 0.014228 -2.357794 0.224582
12.905 0.099374 0.014263 -2.320967 0.224636
13.005 0.089187 0.018663 -2.288604 0.235733
13.105 0.084827 0.020978 -2.243747 0.240669
13.205 0.084730 0.020851 -2.212331 0.240829
13.305 0.084554 0.020606 -2.182661 0.241131
13.405 0.084700 0.020822 -2.151245 0.241392
13.505 0.084643 0.020724 -2.100630 0.241506
13.605 0.084612 0.020671 -2.076195 0.241567
13.706 0.084556 0.020567 -2.051761 0.241685
13.806 0.084445 0.020329 -2.008128 0.241947
13.905 0.084371 0.020164 -1.980202 0.242128
14.006 0.084435 0.020335 -1.933253 0.242311
14.105 0.084410 0.020261 -1.901663 0.242389
14.205 0.084354 0.020089 -1.873912 0.242570
14.305 0.084342 0.020053 -1.842147 0.242607
14.405 0.061510 0.038646 -1.805446 0.272052
14.505 0.053133 0.045692 -1.775299 0.282998
14.605 0.053054 0.045257 -1.728175 0.283441
14.705 0.053127 0.045773 -1.696759 0.283962
14.805 0.053095 0.045462 -1.668834 0.284275
14.905 0.053038 0.044746 -1.632182 0.284993
15.005 0.053055 0.045327 -1.590294 0.285574
15.105 0.053059 0.045274 -1.560624 0.285627
15.207 0.053052 0.045294 -1.516991 0.285648
15.305 0.053052 0.045316 -1.485575 0.285670
15.405 0.053077 0.045057 -1.455904 0.285931
15.505 0.053078 0.045061 -1.410526 0.285935
15.605 0.053158 0.044607 -1.384346 0.286395
15.708 0.053148 0.044642 -1.359911 0.286432
15.807 0.053011 0.045244 -1.326750 0.287049
15.905 0.053191 0.044601 -1.281371 0.287717
16.005 0.053207 0.044542 -1.255191 0.287778
16.105 0.053231 0.044470 -1.225521 0.287854
16.205 0.043643 0.044295 -1.154328 0.297443
16.307 0.043711 0.044151 -1.129893 0.297601
16.409 0.043627 0.044307 -1.084515 0.297779
16.505 0.043569 0.044414 -1.051354 0.297900
16.605 0.043758 0.044090 -1.023428 0.298276
16.705 0.043781 0.044055 -0.995503 0.298317
16.804 0.043851 0.043952 -0.951870 0.298442
16.905 0.043719 0.044129 -0.920454 0.298662
17.005 0.043754 0.044090 -0.883802 0.298715
17.105 0.043811 0.044011 -0.841914 0.298812
17.205 0.043784 0.044043 -0.819225 0.298855
17.304 0.044170 0.043644 -0.779082 0.299410
17.405 0.043775 0.044012 -0.742256 0.299950
17.508 0.043745 0.044040 -0.728293 0.299991
17.606 0.044096 0.043740 -0.677679 0.300453
17.706 0.100733 0.070572 -0.605839 0.363124
17.805 0.100962 0.070417 -0.574074 0.363401
17.905 0.101012 0.070385 -0.548068 0.363461
18.004 0.100997 0.070396 -0.516478 0.363480
18.120 0.101365 0.070189 -0.467608 0.363903
18.205 0.101022 0.070356 -0.445094 0.364285
18.305 0.101444 0.070172 -0.399541 0.364745
18.405 0.101245 0.070240 -0.360969 0.364956
18.505 0.100887 0.070371 -0.340025 0.365337
18.605 0.101098 0.070300 -0.322223 0.365561
18.705 0.101424 0.070194 -0.269863 0.365903
18.805 0.101284 0.070231 -0.238447 0.366049
18.906 0.101820 0.070109 -0.220993 0.366598
19.005 0.101405 0.070188 -0.170204 0.367021
19.105 0.101676 0.070148 -0.140534 0.367296
19.205 0.101336 0.070189 -0.119590 0.367638
19.305 0.071598 0.062328 -0.050530 0.398398
19.405 0.071926 0.062318 -0.020860 0.398726
19.505 0.071663 0.062313 0.019283 0.398989
19.605 0.071842 0.062328 0.061171 0.399169
19.705 0.072082 0.062346 0.087351 0.399410
19.805 0.071944 0.062327 0.122257 0.399549
19.905 0.072288 0.062380 0.148437 0.399897
20.005 0.072467 0.062407 0.148437 0.400079
20.105 0.072526 0.062415 0.148437 0.400138
20.205 0.072526 0.062415 0.148437 0.400138
20.305 0.072526 0.062415 0.148437 0.400138
20.404 0.072526 0.062415 0.148437 0.400138
20.505 0.072526 0.062415 0.148437 0.400138
20.605 0.072526 0.062415 0.148437 0.400138
20.706 0.072526 0.062415 0.148437 0.400138
20.805 0.072526 0.062415 0.148437 0.400138
20.905 0.072678 0.062438 0.148437 0.400292
21.005 0.081406 0.063753 0.150182 0.409118
21.105 0.089320 0.065016 0.160654 0.417132
21.204 0.106166 0.067746 0.160654 0.434198
21.305 0.119735 0.069945 0.160654 0.447944
21.405 0.131565 0.071862 0.160654 0.459928
21.505 0.143039 0.073721 0.160654 0.471552
21.605 0.164062 0.077151 0.162400 0.492853
21.707 0.175668 0.079052 0.162400 0.504614
21.805 0.187589 0.081027 0.164145 0.516698
21.905 0.207709 0.084380 0.165890 0.537095
22.005 0.218407 0.086152 0.164145 0.547939
22.105 0.234548 0.088825 0.164145 0.564299
22.205 0.248451 0.091174 0.169381 0.578400
22.305 0.259903 0.093148 0.171126 0.590020
22.405 0.263031 0.077684 0.265630 0.605797
22.505 0.275835 0.081269 0.274357 0.619094
22.605 0.286971 0.084435 0.277847 0.630672
22.705 0.297444 0.087479 0.286574 0.641577
22.805 0.317597 0.093289 0.276102 0.662552
22.905 0.329219 0.096555 0.272611 0.674624
23.005 0.339881 0.099546 0.272611 0.685697
23.105 0.358934 0.104873 0.272611 0.705481
23.205 0.369977 0.107960 0.272611 0.716948
23.305 0.380994 0.111030 0.272611 0.728384
23.405 0.400274 0.116404 0.272611 0.748399
23.505 0.410853 0.119352 0.272611 0.759381
23.604 0.421998 0.122452 0.270866 0.770949
23.705 0.441507 0.127817 0.262139 0.791182
23.805 0.452132 0.130535 0.246431 0.802150
23.905 0.468145 0.134472 0.237705 0.818639
24.005 0.478902 0.137020 0.230723 0.829694
24.107 0.489441 0.139475 0.225487 0.840515
24.205 0.508770 0.143833 0.220251 0.860330
24.305 0.520943 0.146558 0.220251 0.872803
24.405 0.532187 0.149080 0.221997 0.884327
24.505 0.552565 0.153659 0.221997 0.905213
24.605 0.564187 0.156282 0.221997 0.917127
24.705 0.578240 0.159454 0.221997 0.931534
24.805 0.592718 0.162701 0.215015 0.946371
24.907 0.608677 0.165979 0.195817 0.962664
25.005 0.622413 0.168563 0.178363 0.976641
25.105 0.633577 0.170429 0.155674 0.987959
25.205 0.647099 0.172363 0.132985 1.001619
25.305 0.663920 0.174331 0.103314 1.018555
25.405 0.674937 0.175434 0.099824 1.029627
25.505 0.692506 0.177163 0.098078 1.047280
25.605 0.663115 0.227963 0.057692 1.105970
25.705 0.673874 0.228585 0.057692 1.116747
25.805 0.688889 0.229614 0.076890 1.131798
25.905 0.702394 0.230649 0.071654 1.145342
26.005 0.713687 0.231297 0.054201 1.156653
26.105 0.731333 0.231946 0.026276 1.174311
26.205 0.746886 0.232616 0.050710 1.189878
26.307 0.759744 0.233411 0.064673 1.202761
26.405 0.774041 0.234057 0.036748 1.217073
26.507 0.789452 0.234369 0.022785 1.232487
26.605 0.801591 0.234721 0.031512 1.244631
26.705 0.816111 0.235337 0.047220 1.259165
26.805 0.833438 0.236176 0.050710 1.276511
26.909 0.845355 0.236812 0.057692 1.288445
27.005 0.859762 0.237936 0.087362 1.302896
27.105 0.877457 0.239797 0.110052 1.320688
27.207 0.889781 0.241191 0.113542 1.333091
27.316 0.904195 0.242839 0.110052 1.347599
27.404 0.921452 0.244635 0.101325 1.364950
27.505 0.933246 0.245751 0.094344 1.376796
27.605 0.943414 0.246735 0.097834 1.387011
27.705 0.961270 0.248500 0.097834 1.404954
27.805 0.972603 0.249623 0.097834 1.416343
27.905 0.983899 0.250732 0.097834 1.427694
28.005 1.004405 0.252879 0.106561 1.448312
28.105 1.016367 0.254259 0.115288 1.460353
28.205 1.028168 0.255605 0.115288 1.472230
28.305 1.048097 0.257853 0.118778 1.492286
28.404 1.060797 0.259482 0.130996 1.505089
28.508 1.071633 0.260989 0.139722 1.516030
28.608 1.096289 0.328425 0.232265 1.587832
28.705 1.106870 0.331021 0.247973 1.598727
28.805 1.117600 0.333738 0.247973 1.609796
28.907 1.128784 0.336570 0.247973 1.621332
29.005 1.148840 0.341648 0.247973 1.642021
29.105 1.164732 0.345661 0.244483 1.658412
29.205 1.179147 0.349204 0.240992 1.673256
29.305 1.190772 0.352029 0.237501 1.685220
29.405 1.202105 0.354709 0.230520 1.696865
29.505 1.222818 0.359456 0.223539 1.718115
29.605 1.233350 0.361802 0.218303 1.728905
29.705 1.244580 0.364196 0.202595 1.740387
29.805 1.258211 0.366764 0.174669 1.754258
29.905 1.272896 0.369115 0.144999 1.769130
30.005 1.292018 0.371783 0.132782 1.788437
30.105 1.302985 0.373233 0.131036 1.799500
30.205 1.320518 0.375517 0.129291 1.817181
30.305 1.332491 0.377074 0.129291 1.829255
30.405 1.350175 0.379197 0.111838 1.847066
30.505 1.358857 0.380110 0.101366 1.855796
30.605 1.376530 0.381897 0.099620 1.873559
30.705 1.394158 0.383659 0.099620 1.891275
30.805 1.408063 0.385044 0.097875 1.905248
30.905 1.419528 0.386170 0.097875 1.916769
31.005 1.436628 0.387849 0.097875 1.933951
31.105 1.451235 0.389283 0.097875 1.948628
31.205 1.462939 0.390433 0.097875 1.960388
31.305 1.477649 0.391831 0.083912 1.975165
31.405 1.494956 0.392476 0.007118 1.992483
31.506 1.506431 0.392144 -0.052223 2.003964
31.604 1.524173 0.390212 -0.149962 2.021810
31.705 1.544872 0.390229 -0.239783 2.042510
31.806 1.640569 0.427118 -0.394276 2.145070
31.905 1.656025 0.420318 -0.422201 2.161956
32.005 1.669460 0.414219 -0.429532 2.176711
32.105 1.680264 0.409253 -0.431277 2.188601
32.204 1.690974 0.404504 -0.406843 2.200316
32.305 1.709656 0.396766 -0.385724 2.220538
32.405 1.720354 0.392503 -0.375078 2.232054
32.505 1.731217 0.388266 -0.369667 2.243714
32.607 1.743328 0.383674 -0.357275 2.256667
32.705 1.757325 0.378548 -0.346629 2.271572
32.805 1.765833 0.375522 -0.339473 2.280602
32.905 1.780671 0.370370 -0.328652 2.296309
33.005 1.791389 0.366866 -0.309453 2.307586
33.105 1.802625 0.363400 -0.293571 2.319344
33.205 1.815655 0.359808 -0.251857 2.332860
33.305 1.831468 0.356195 -0.202814 2.349081
33.405 1.877581 0.402189 -0.132778 2.414211
33.505 1.895922 0.400327 -0.078673 2.432646
33.605 1.906624 0.399651 -0.052493 2.443369
33.705 1.922019 0.399183 -0.019332 2.458772
33.805 1.931888 0.399166 0.008593 2.468640
33.905 1.940770 0.399362 0.029537 2.477524
34.005 1.956231 0.400038 0.050481 2.493000
34.105 1.964358 0.400555 0.073171 2.501144
34.204 1.973428 0.401339 0.095860 2.510247
34.305 1.985511 0.402698 0.123785 2.522407
34.405 1.999105 0.404679 0.156946 2.536145
34.505 2.008002 0.406182 0.174400 2.545167
34.605 2.021743 0.408714 0.190108 2.559140
34.705 2.039157 0.412369 0.216288 2.576934
34.805 2.049763 0.414779 0.231996 2.587810
34.905 2.063561 0.418182 0.249449 2.602021
35.010 2.080265 0.422618 0.261666 2.619304
35.105 2.091703 0.425686 0.263411 2.631146
35.205 2.029994 0.476221 0.345300 2.710907
35.305 2.047592 0.482563 0.347045 2.729613
35.405 2.058897 0.486652 0.347045 2.741634
35.505 2.078503 0.493289 0.308648 2.762334
35.605 2.088683 0.496271 0.271996 2.772941
35.705 2.098744 0.498846 0.237090 2.783326
35.805 2.111455 0.501610 0.200438 2.796335
35.905 2.127539 0.504465 0.156804 2.812670
36.005 2.138391 0.506041 0.141096 2.823636
36.105 2.153130 0.507998 0.127134 2.838505
36.207 2.171172 0.510113 0.109680 2.856670
36.305 2.182762 0.511292 0.095718 2.868320
36.413 2.197175 0.512670 0.093973 2.882798
36.505 2.215353 0.514362 0.092227 2.901055
36.605 2.227082 0.515442 0.090482 2.912834
36.705 2.247718 0.517314 0.090482 2.933554
36.809 2.259096 0.518305 0.080010 2.944976
36.905 2.270104 0.519135 0.074774 2.956015
37.005 2.282209 0.519993 0.069538 2.968150
37.105 2.302811 0.521408 0.067793 2.988801
37.205 2.314566 0.522191 0.066047 3.000581
37.305 2.333726 0.523458 0.066047 3.019783
37.405 2.345419 0.524211 0.064302 3.031501
37.505 2.357352 0.524968 0.062557 3.043458
37.606 2.378094 0.526242 0.060811 3.064239
37.705 2.390153 0.526976 0.060811 3.076320
37.806 2.401724 0.527681 0.060811 3.087912
37.905 2.421479 0.528883 0.060811 3.107704
38.005 2.433135 0.529604 0.062557 3.119382
38.105 2.444675 0.530326 0.062557 3.130944
38.205 2.464407 0.531563 0.062557 3.150716
38.305 2.517372 0.580728 -0.052999 3.222983
38.405 2.533203 0.590650 -0.081124 3.241666
38.505 2.553112 0.589061 -0.079379 3.261638
38.605 2.564502 0.588206 -0.070652 3.273061
38.705 2.575659 0.587445 -0.065416 3.284243
38.806 2.592523 0.586501 -0.049708 3.301134
38.916 2.606197 0.585879 -0.042727 3.314821
39.005 2.620200 0.585329 -0.039236 3.328835
39.105 2.632450 0.584865 -0.037491 3.341095
39.205 2.650132 0.584223 -0.035746 3.358788
39.305 2.662206 0.583802 -0.034000 3.370869
39.404 2.683221 0.583109 -0.032255 3.391896
39.505 2.695701 0.582728 -0.030510 3.404381
39.606 2.707621 0.582458 -0.020038 3.416304
39.705 2.722481 0.582289 -0.007820 3.431166
39.817 2.740356 0.582273 0.002652 3.449040
39.912 2.752642 0.582344 0.007888 3.461327
40.005 2.766790 0.582486 0.011378 3.475476
40.105 2.784843 0.582791 0.020105 3.493531
40.205 2.795908 0.583032 0.023596 3.504599
40.305 2.808977 0.583355 0.025341 3.517672
40.405 2.826316 0.583824 0.027086 3.535017
40.505 2.837676 0.584152 0.028832 3.546381
40.605 2.848987 0.584488 0.030577 3.557698
40.705 2.868600 0.585064 0.028832 3.577319
40.805 2.879589 0.585381 0.028832 3.588313
40.905 2.891097 0.585733 0.030577 3.599827
41.007 2.910110 0.586314 0.030577 3.618848
41.105 2.921208 0.586654 0.030577 3.629951
41.205 2.938512 0.587183 0.030577 3.647264
41.305 2.953300 0.587661 0.032322 3.662059
41.405 2.965473 0.588071 0.034068 3.674239
41.505 3.010261 0.474260 0.197393 3.796545
41.605 3.020223 0.476248 0.195647 3.806703
41.711 3.035705 0.479302 0.195647 3.822484
41.807 3.049249 0.481986 0.195647 3.836291
41.905 3.060804 0.484287 0.197393 3.848073
42.005 3.077913 0.487730 0.199138 3.865525
42.105 3.089313 0.490051 0.200883 3.877159
42.208 3.107033 0.493703 0.204374 3.895251
42.304 3.120351 0.496556 0.213101 3.908871
42.407 3.132357 0.499210 0.218337 3.921167
42.505 3.146077 0.502350 0.227063 3.935242
42.605 3.163176 0.506396 0.235790 3.952813
42.708 3.174328 0.509116 0.239281 3.964292
42.806 3.182906 0.511209 0.239281 3.973122
42.904 3.205140 0.516633 0.239281 3.996008
43.006 3.218952 0.520003 0.239281 4.010225
43.105 3.230511 0.522706 0.225318 4.022096
43.205 3.247336 0.526343 0.200883 4.039309
43.305 3.259402 0.528637 0.183430 4.051591
43.405 3.270660 0.530564 0.164232 4.063013
43.505 3.288673 0.533286 0.139797 4.081231
43.607 3.299996 0.534756 0.122344 4.092648
43.705 3.311727 0.536040 0.099654 4.104449
43.805 3.332380 0.537803 0.069984 4.125178
43.905 3.342710 0.538510 0.066493 4.135532
44.005 3.358807 0.539449 0.052530 4.151656
44.105 3.369896 0.540003 0.047294 4.162759
44.205 3.387696 0.540757 0.038568 4.180575
44.305 3.401465 0.541278 0.036822 4.194354
44.405 3.412079 0.541655 0.035077 4.204975
44.505 3.425430 0.542050 0.028096 4.218332
44.605 3.432768 0.603792 0.067427 4.280508
44.705 3.443144 0.609012 0.065202 4.292124
44.805 3.454110 0.609690 0.061711 4.303110
44.907 3.474065 0.610872 0.058220 4.323100
45.005 3.482669 0.611374 0.058220 4.331719
45.105 3.503684 0.612562 0.056475 4.352768
45.205 3.515714 0.613227 0.054730 4.364817
45.305 3.527650 0.613887 0.054730 4.376770
45.407 3.548382 0.615059 0.056475 4.397536
45.505 3.560608 0.615771 0.058220 4.409782
45.633 3.572086 0.616461 0.059966 4.421281
45.704 3.592890 0.617783 0.066947 4.442127
45.805 3.604087 0.618635 0.084400 4.453357
45.905 3.614778 0.619581 0.093127 4.464090
46.005 3.632818 0.621481 0.115816 4.482229
46.105 3.642366 0.622693 0.131524 4.491853
46.205 3.652297 0.624065 0.143741 4.501879
46.306 3.662250 0.625647 0.164685 4.511957
46.405 3.677355 0.628291 0.180393 4.527292
46.505 3.687909 0.630268 0.192611 4.538029
46.607 3.696572 0.632001 0.203083 4.546864
46.706 3.712891 0.635496 0.215300 4.563553
46.805 3.726603 0.638574 0.224027 4.577606
46.905 3.740114 0.641745 0.237989 4.591484
47.005 3.750999 0.644385 0.237989 4.602685
47.105 3.761920 0.647024 0.236244 4.613920
47.205 3.780994 0.651580 0.231008 4.633531
47.305 3.792174 0.654205 0.229263 4.645014
47.406 3.802972 0.656715 0.227517 4.656100
47.505 3.820726 0.660793 0.225772 4.674317
47.605 3.824652 0.661694 0.225772 4.678345
47.705 3.831455 0.663056 0.178648 4.685282
47.813 3.841526 0.664496 0.119307 4.695456
47.904 3.888722 0.763737 0.088000 4.805348
48.005 3.902533 0.764296 0.007715 4.819171
48.105 3.914112 0.763871 -0.063843 4.830757
48.205 3.928649 0.762125 -0.156346 4.845399
48.305 3.946501 0.758148 -0.266302 4.863689
48.405 3.957062 0.754807 -0.330879 4.874765
48.505 3.967347 0.750784 -0.397201 4.885809
48.605 3.984340 0.742291 -0.512568 4.904806
48.705 3.993302 0.736768 -0.571734 4.915334
48.805 4.002436 0.730458 -0.624094 4.926435
48.905 4.016363 0.719355 -0.711361 4.944246
49.005 4.023947 0.712417 -0.760230 4.954525
49.105 4.031616 0.704674 -0.807354 4.965424
49.205 4.044553 0.690462 -0.859562 4.984641
49.305 4.080908 0.627596 -0.970906 5.057263
49.412 4.080897 0.627612 -0.970906 5.057282
49.505 4.080759 0.627813 -0.970906 5.057526
49.605 4.081872 0.626226 -0.955198 5.059464
49.704 4.087078 0.619048 -0.934254 5.068331
49.805 4.132503 0.633901 -0.921191 5.116123
49.905 4.137378 0.627709 -0.893266 5.124003
50.005 4.144243 0.619432 -0.875813 5.134756
50.105 4.154322 0.607343 -0.875813 5.150496
50.205 4.161139 0.599144 -0.881049 5.161159
50.305 4.169495 0.588959 -0.886285 5.174333
50.405 4.179399 0.576638 -0.900247 5.190141
50.504 4.186333 0.567783 -0.910719 5.201388
50.605 4.195257 0.556060 -0.926427 5.216122
50.709 4.205733 0.542039 -0.931663 5.233624
50.805 4.212711 0.532633 -0.933409 5.245335
50.905 4.219569 0.523337 -0.938645 5.256887
51.005 4.231669 0.506685 -0.945626 5.277471
51.105 4.238608 0.497007 -0.950862 5.289380
51.205 4.244862 0.488174 -0.956098 5.300203
51.305 4.248913 0.482456 -0.954353 5.307210
51.405 4.249501 0.481627 -0.954353 5.308226
51.506 4.249465 0.481677 -0.954353 5.308288
51.608 4.249465 0.481677 -0.954353 5.308288
51.705 4.249465 0.481677 -0.954353 5.308288
51.805 4.249465 0.481677 -0.954353 5.308288
51.907 4.249465 0.481677 -0.954353 5.308288
52.005 4.249465 0.481677 -0.954353 5.308288
52.104 4.249465 0.481677 -0.954353 5.308288
52.205 4.249465 0.481677 -0.954353 5.308288
52.311 4.249465 0.481677 -0.954353 5.308288
52.405 4.249465 0.481677 -0.954353 5.308288
52.505 4.249465 0.481677 -0.954353 5.308288
52.605 4.249465 0.481677 -0.954353 5.308288
52.707 4.249465 0.481677 -0.954353 5.308288
52.819 4.287774 0.500277 -0.966150 5.350874
52.905 4.305060 0.508750 -0.971531 5.370124
53.005 4.305060 0.508750 -0.971531 5.370124
53.107 4.305060 0.508750 -0.971531 5.370124
53.205 4.305060 0.508750 -0.971531 5.370124
53.305 4.305060 0.508750 -0.971531 5.370124
53.405 4.305060 0.508750 -0.971531 5.370124
53.511 4.305060 0.508750 -0.971531 5.370124
53.607 4.305060 0.508750 -0.971531 5.370124
53.706 4.305060 0.508750 -0.971531 5.370124
53.805 4.305060 0.508750 -0.971531 5.370124
53.905 4.305060 0.508750 -0.971531 5.370124
54.005 4.305060 0.508750 -0.971531 5.370124
54.105 4.305060 0.508750 -0.971531 5.370124
54.205 4.305060 0.508750 -0.971531 5.370124
54.306 4.305060 0.508750 -0.971531 5.370124
54.406 4.305060 0.508750 -0.971531 5.370124
54.505 4.305060 0.508750 -0.971531 5.370124
54.605 4.305060 0.508750 -0.971531 5.370124
54.705 4.305060 0.508750 -0.971531 5.370124
54.805 4.305060 0.508750 -0.971531 5.370124
54.909 4.305060 0.508750 -0.971531 5.370124
55.005 4.305060 0.508750 -0.971531 5.370124
55.105 4.305060 0.508750 -0.971531 5.370124
55.205 4.305060 0.508750 -0.971531 5.370124
55.305 4.305060 0.508750 -0.971531 5.370124
55.405 4.305060 0.508750 -0.971531 5.370124
55.504 4.305060 0.508750 -0.971531 5.370124
55.605 4.305060 0.508750 -0.971531 5.370124
55.705 4.305060 0.508750 -0.971531 5.370124
55.805 4.305563 0.509246 -0.971772 5.370831
55.905 4.308320 0.511967 -0.973093 5.374705
56.013 4.308320 0.511967 -0.973093 5.374705
56.107 4.308320 0.511967 -0.973093 5.374705
56.205 4.308320 0.511967 -0.973093 5.374705
56.305 4.308320 0.511967 -0.973093 5.374705
56.405 4.308320 0.511967 -0.973093 5.374705
56.505 4.308320 0.511967 -0.973093 5.374705
56.605 4.308320 0.511967 -0.973093 5.374705
56.705 4.308320 0.511967 -0.973093 5.374705
56.805 4.308320 0.511967 -0.973093 5.374705
56.905 4.308320 0.511967 -0.973093 5.374705
57.005 4.308569 0.511600 -0.974838 5.375149
57.105 4.311696 0.506898 -0.987056 5.380795
57.210 4.315858 0.500363 -1.011490 5.388544
57.306 4.321934 0.490215 -1.049887 5.400372
57.405 4.327594 0.479930 -1.083049 5.412111
57.505 4.330299 0.474623 -1.109229 5.418067
57.605 4.334950 0.464671 -1.152862 5.429053
57.708 4.339502 0.453816 -1.186023 5.440824
57.805 4.341567 0.448530 -1.201731 5.446499
57.905 4.345957 0.436483 -1.226166 5.459320
58.005 4.350750 0.422887 -1.234892 5.473737
58.107 4.354545 0.411909 -1.240128 5.485352
58.206 4.360258 0.395201 -1.241874 5.503009
58.305 4.365041 0.381106 -1.243619 5.517894
58.405 4.368819 0.369911 -1.245364 5.529709
58.504 4.374155 0.354114 -1.243619 5.546384
58.607 4.377822 0.343308 -1.243619 5.557795
58.706 4.380555 0.335287 -1.241874 5.566268
58.819 4.384487 0.323843 -1.238383 5.578369
58.905 4.387575 0.314958 -1.234892 5.587775
59.008 4.390228 0.307382 -1.233147 5.595802
59.105 4.404660 0.280201 -1.245568 5.626577
59.207 4.407717 0.271175 -1.243822 5.636107
59.305 4.413101 0.255441 -1.240332 5.652736
59.405 4.416932 0.244274 -1.240332 5.664542
59.504 4.420971 0.232552 -1.240332 5.676940
59.608 4.425819 0.218577 -1.235096 5.691733
59.705 4.431530 0.202209 -1.235096 5.709069
59.805 4.435522 0.190767 -1.235096 5.721187
59.905 4.440313 0.177052 -1.235096 5.735714
60.005 4.445893 0.161104 -1.235096 5.752611
60.105 4.449420 0.151009 -1.235096 5.763304
60.204 4.454049 0.137739 -1.235096 5.777358
60.304 4.459934 0.120873 -1.235096 5.795222
60.405 4.463697 0.110088 -1.235096 5.806644
60.505 4.467049 0.100482 -1.235096 5.816818
60.605 4.472645 0.084602 -1.226369 5.833655
60.706 4.475821 0.075782 -1.222878 5.843029
60.805 4.479210 0.066479 -1.221133 5.852931
60.905 4.479716 0.065093 -1.221133 5.854406
61.005 4.479694 0.065152 -1.221133 5.854468
61.105 4.479694 0.065152 -1.221133 5.854468
61.205 4.479694 0.065152 -1.221133 5.854468
61.305 4.479694 0.065152 -1.221133 5.854468
61.405 4.479694 0.065152 -1.221133 5.854468
61.505 4.479694 0.065152 -1.221133 5.854468
61.605 4.479694 0.065152 -1.221133 5.854468
61.710 4.479694 0.065152 -1.221133 5.854468
61.805 4.479694 0.065152 -1.221133 5.854468
61.905 4.479694 0.065152 -1.221133 5.854468
62.005 4.479694 0.065152 -1.221133 5.854468
62.105 4.479694 0.065152 -1.221133 5.854468
62.205 4.479694 0.065152 -1.221133 5.854468
62.306 4.508457 0.081062 -1.161096 5.887338
62.405 4.511234 0.083293 -1.152854 5.890901
62.505 4.511234 0.083293 -1.152854 5.890901
62.605 4.511234 0.083293 -1.152854 5.890901
62.705 4.511234 0.083293 -1.152854 5.890901
62.805 4.511234 0.083293 -1.152854 5.890901
62.905 4.511234 0.083293 -1.152854 5.890901
63.005 4.511234 0.083293 -1.152854 5.890901
63.108 4.511234 0.083293 -1.152854 5.890901
63.206 4.511234 0.083293 -1.152854 5.890901
63.305 4.511234 0.083293 -1.152854 5.890901
63.405 4.511234 0.083293 -1.152854 5.890901
63.505 4.511234 0.083293 -1.152854 5.890901
63.605 4.511234 0.083293 -1.152854 5.890901
63.705 4.511234 0.083293 -1.152854 5.890901
63.805 4.511234 0.083293 -1.152854 5.890901
63.905 4.511234 0.083293 -1.152854 5.890901
64.005 4.511234 0.083293 -1.152854 5.890901
64.105 4.511234 0.083293 -1.152854 5.890901
64.205 4.511234 0.083293 -1.152854 5.890901
64.305 4.511234 0.083293 -1.152854 5.890901
64.405 4.511234 0.083293 -1.152854 5.890901
64.505 4.511234 0.083293 -1.152854 5.890901
64.605 4.511234 0.083293 -1.152854 5.890901
64.705 4.511234 0.083293 -1.152854 5.890901
64.805 4.511234 0.083293 -1.152854 5.890901
64.905 4.511234 0.083293 -1.152854 5.890901
65.005 4.511234 0.083293 -1.152854 5.890901
65.105 4.511234 0.083293 -1.152854 5.890901
65.207 4.511234 0.083293 -1.152854 5.890901
65.309 4.511234 0.083293 -1.152854 5.890901
65.418 4.511234 0.083293 -1.152854 5.890901
65.507 4.515261 0.083688 -1.162229 5.894946
65.605 4.515261 0.083688 -1.162229 5.894946
65.705 4.515261 0.083688 -1.162229 5.894946
65.805 4.515261 0.083688 -1.162229 5.894946
65.905 4.515749 0.082535 -1.172701 5.896199
66.005 4.517984 0.076905 -1.204117 5.902256
66.105 4.522183 0.064779 -1.263458 5.915088
66.205 4.524965 0.055180 -1.301855 5.925082
66.308 4.529129 0.037869 -1.357706 5.942887
66.405 4.531371 0.026353 -1.387377 5.954619
66.506 4.534030 0.009272 -1.437991 5.971907
66.605 4.535345 -0.001448 -1.448463 5.982707
66.705 4.535533 -0.002954 -1.446718 5.984224
66.805 4.535451 -0.002296 -1.444972 5.984886
66.905 4.535395 -0.001861 -1.444972 5.985325
67.005 4.535378 -0.001722 -1.444972 5.985465
67.105 4.535370 -0.001663 -1.444972 5.985524
67.205 4.535370 -0.001663 -1.444972 5.985524
67.305 4.535370 -0.001663 -1.444972 5.985524
67.405 4.535370 -0.001663 -1.444972 5.985524
67.505 4.535370 -0.001663 -1.444972 5.985524
67.604 4.535370 -0.001663 -1.444972 5.985524
67.705 4.535370 -0.001663 -1.444972 5.985524
67.805 4.535370 -0.001663 -1.444972 5.985524
67.904 4.535370 -0.001663 -1.444972 5.985524
68.005 4.535370 -0.001663 -1.444972 5.985524
68.105 4.535370 -0.001663 -1.444972 5.985524
68.205 4.535370 -0.001663 -1.444972 5.985524
68.310 4.535370 -0.001663 -1.444972 5.985524
68.405 4.549712 -0.003633 -1.440646 6.000001
68.505 4.559215 -0.004943 -1.437767 6.009593
68.605 4.559215 -0.004943 -1.437767 6.009593
68.705 4.559215 -0.004943 -1.437767 6.009593
68.805 4.559215 -0.004943 -1.437767 6.009593
68.905 4.559215 -0.004943 -1.437767 6.009593
69.012 4.559215 -0.004943 -1.437767 6.009593
69.105 4.559215 -0.004943 -1.437767 6.009593
69.205 4.559215 -0.004943 -1.437767 6.009593
69.307 4.559215 -0.004943 -1.437767 6.009593
69.405 4.559215 -0.004943 -1.437767 6.009593
69.505 4.559215 -0.004943 -1.437767 6.009593
69.605 4.559215 -0.004943 -1.437767 6.009593
69.707 4.559215 -0.004943 -1.437767 6.009593
69.805 4.559215 -0.004943 -1.437767 6.009593
69.905 4.559215 -0.004943 -1.437767 6.009593
70.008 4.559215 -0.004943 -1.437767 6.009593
70.105 4.559215 -0.004943 -1.437767 6.009593
70.205 4.559215 -0.004943 -1.437767 6.009593
70.305 4.559215 -0.004943 -1.437767 6.009593
70.405 4.559215 -0.004943 -1.437767 6.009593
70.508 4.559215 -0.004943 -1.437767 6.009593
70.605 4.559215 -0.004943 -1.437767 6.009593
70.704 4.559215 -0.004943 -1.437767 6.009593
70.805 4.559215 -0.004943 -1.437767 6.009593
70.906 4.559215 -0.004943 -1.437767 6.009593
71.005 4.559215 -0.004943 -1.437767 6.009593
71.111 4.559215 -0.004943 -1.437767 6.009593
71.205 4.559215 -0.004943 -1.437767 6.009593
71.305 4.559215 -0.004943 -1.437767 6.009593
71.405 4.559215 -0.004943 -1.437767 6.009593
71.505 4.559215 -0.004943 -1.437767 6.009593
71.606 4.559215 -0.005256 -1.437767 6.009907
71.705 4.559215 -0.009630 -1.437767 6.014281
71.805 4.559215 -0.009630 -1.437767 6.014281
71.905 4.559215 -0.009630 -1.437767 6.014281
72.005 4.559215 -0.009630 -1.437767 6.014281
72.105 4.559215 -0.009630 -1.437767 6.014281
72.207 4.559215 -0.009630 -1.437767 6.014281
72.316 4.559215 -0.009630 -1.437767 6.014281
72.405 4.559215 -0.009630 -1.437767 6.014281
72.505 4.559215 -0.009630 -1.437767 6.014281
72.605 4.559215 -0.009630 -1.437767 6.014281
72.707 4.559215 -0.009630 -1.437767 6.014281
72.805 4.559215 -0.009630 -1.437767 6.014281
72.905 4.559215 -0.009630 -1.437767 6.014281
73.005 4.559215 -0.009630 -1.437767 6.014281
73.105 4.559215 -0.009630 -1.437767 6.014281
73.205 4.559215 -0.009630 -1.437767 6.014281
73.308 4.559215 -0.009630 -1.437767 6.014281
73.407 4.559215 -0.009630 -1.437767 6.014281
73.506 4.559215 -0.009630 -1.437767 6.014281
73.605 4.559215 -0.009630 -1.437767 6.014281
73.713 4.559215 -0.009630 -1.437767 6.014281
73.814 4.559215 -0.009630 -1.437767 6.014281
73.905 4.559215 -0.009630 -1.437767 6.014281
74.005 4.559215 -0.009630 -1.437767 6.014281
74.105 4.559239 -0.009813 -1.437767 6.014465
74.205 4.560299 -0.018289 -1.453475 6.023007
74.305 4.561245 -0.026973 -1.463947 6.031743
74.407 4.562321 -0.037982 -1.477910 6.042804
74.507 4.563643 -0.056577 -1.519797 6.061446
74.605 4.564052 -0.066862 -1.540741 6.071739
74.705 4.564080 -0.092825 -1.586392 6.097702
74.804 4.563513 -0.108270 -1.615888 6.113157
74.905 4.562884 -0.120306 -1.626535 6.125210
75.006 4.562184 -0.132355 -1.630200 6.137279
75.105 4.560845 -0.152796 -1.639276 6.157764
75.205 4.559979 -0.164291 -1.648351 6.169291
75.305 4.559001 -0.176202 -1.655333 6.181242
75.405 4.558085 -0.186995 -1.653413 6.192075
75.505 4.557949 -0.188652 -1.651668 6.193737
75.605 4.557428 -0.196851 -1.628978 6.201953
75.705 4.556492 -0.216409 -1.611350 6.221532
75.805 4.556030 -0.227786 -1.611350 6.232919
75.905 4.555447 -0.242164 -1.611350 6.247309
76.005 4.554736 -0.260235 -1.609431 6.265394
76.105 4.554287 -0.271854 -1.609431 6.277021
76.205 4.553696 -0.287135 -1.611350 6.292314
76.305 4.553276 -0.298793 -1.605940 6.303979
76.405 4.552609 -0.316555 -1.609605 6.321754
76.505 4.551928 -0.334106 -1.609605 6.339318
76.604 4.551603 -0.343187 -1.605940 6.348405
76.705 4.550962 -0.360820 -1.607685 6.366050
76.812 4.550441 -0.375369 -1.607685 6.380608
76.905 4.550029 -0.387071 -1.605940 6.392318
77.004 4.549607 -0.404089 -1.588312 6.409341
77.105 4.549485 -0.416022 -1.574349 6.421275
77.205 4.549618 -0.434139 -1.560212 6.439392
77.305 4.549791 -0.448523 -1.556547 6.453777
77.405 4.550030 -0.462869 -1.553056 6.468125
77.504 4.550248 -0.474594 -1.551311 6.479852
77.605 4.550581 -0.492486 -1.553056 6.497747
77.705 4.550784 -0.503928 -1.553056 6.509191
77.805 4.551040 -0.518366 -1.553056 6.523631
77.905 4.595094 -0.550121 -1.541057 6.577938
78.005 4.606749 -0.565526 -1.536198 6.597254
78.105 4.607156 -0.577152 -1.534452 6.608888
78.212 4.607899 -0.597853 -1.534452 6.629602
78.305 4.608305 -0.609170 -1.534452 6.640926
78.405 4.608647 -0.621602 -1.546669 6.653363
78.505 4.608931 -0.641212 -1.564472 6.672975
78.605 4.608928 -0.652951 -1.576864 6.684714
78.705 4.608735 -0.667539 -1.587685 6.699303
78.805 4.608232 -0.683927 -1.612468 6.715699
78.904 4.607746 -0.693715 -1.626606 6.725499
79.005 4.607045 -0.705105 -1.638997 6.736911
79.107 4.605907 -0.718855 -1.665701 6.750707
79.205 4.604973 -0.727803 -1.681409 6.759704
79.305 4.602831 -0.744778 -1.709683 6.776814
79.409 4.601041 -0.756473 -1.730627 6.788645
79.505 4.598491 -0.770929 -1.748255 6.803324
79.605 4.596316 -0.782834 -1.751920 6.815426
79.708 4.593042 -0.800351 -1.755585 6.833247
79.805 4.590478 -0.814067 -1.755585 6.847200
79.904 4.588297 -0.825792 -1.751920 6.859126
80.005 4.585123 -0.843245 -1.748255 6.876865
80.104 4.583089 -0.854761 -1.741099 6.888560
80.207 4.580181 -0.871929 -1.735514 6.905972
80.305 4.577794 -0.886473 -1.731849 6.920711
80.406 4.575422 -0.901238 -1.730104 6.935665
80.505 4.573587 -0.912931 -1.726438 6.947501
80.605 4.570922 -0.930546 -1.717188 6.965316
80.704 4.568933 -0.944441 -1.708287 6.979353
80.805 4.567525 -0.954952 -1.697815 6.989958
80.909 4.601411 -0.997412 -1.706080 7.044282
81.005 4.605807 -1.015783 -1.700408 7.063172
81.105 4.604363 -1.027021 -1.698663 7.074503
81.205 4.602109 -1.044470 -1.700408 7.092096
81.305 4.600206 -1.058857 -1.702328 7.106609
81.405 4.598648 -1.070468 -1.705993 7.118323
81.506 4.596268 -1.088190 -1.702328 7.136205
81.606 4.594288 -1.103198 -1.700408 7.151343
81.706 4.592777 -1.114829 -1.698663 7.163071
81.805 4.590487 -1.132855 -1.694998 7.181242
81.909 4.589068 -1.144261 -1.693078 7.192737
82.005 4.586905 -1.162354 -1.687667 7.210958
82.107 4.585360 -1.176117 -1.680337 7.224808
82.207 4.584173 -1.187241 -1.676672 7.235995
82.305 4.582812 -1.200714 -1.669341 7.249537
82.404 4.581123 -1.218297 -1.665676 7.267201
82.513 4.580096 -1.229578 -1.660091 7.278528
82.605 4.579065 -1.241325 -1.658346 7.290320
82.705 4.577330 -1.261896 -1.654681 7.310964
82.805 4.576393 -1.273492 -1.651015 7.322598
82.905 4.575445 -1.285284 -1.651015 7.334428
83.005 4.573830 -1.305919 -1.647350 7.355126
83.104 4.572953 -1.317474 -1.643860 7.366715
83.205 4.571635 -1.335770 -1.640369 7.385057
83.305 4.570625 -1.350265 -1.640369 7.399588
83.405 4.569836 -1.361589 -1.640369 7.410939
83.505 4.568550 -1.379674 -1.642114 7.429070
83.605 4.567706 -1.391334 -1.642114 7.440761
83.705 4.566419 -1.408985 -1.643860 7.458458
83.805 4.565341 -1.423380 -1.645605 7.472894
83.906 4.564414 -1.435460 -1.647350 7.485009
84.005 4.563260 -1.449879 -1.651015 7.499474
84.105 4.629181 -1.534355 -1.642752 7.606627
84.205 4.634394 -1.552362 -1.641673 7.625374
84.305 4.633357 -1.566575 -1.650400 7.639624
84.405 4.631921 -1.582953 -1.664537 7.656065
84.505 4.630839 -1.593607 -1.673438 7.666774
84.605 4.629305 -1.608290 -1.677103 7.681537
84.705 4.627368 -1.626082 -1.680769 7.699433
84.805 4.626059 -1.637842 -1.682514 7.711266
84.905 4.624750 -1.649319 -1.684434 7.722817
85.005 4.622363 -1.669222 -1.693510 7.742864
85.105 4.620865 -1.680973 -1.702411 7.754710
85.205 4.619240 -1.692571 -1.713232 7.766420
85.305 4.616207 -1.712686 -1.722307 7.786763
85.405 4.614396 -1.724224 -1.729638 7.798442
85.505 4.612533 -1.735727 -1.733303 7.810095
85.605 4.609205 -1.755509 -1.740633 7.830156
85.705 4.607251 -1.766712 -1.744299 7.841527
85.805 4.605179 -1.777689 -1.763672 7.852698
85.905 4.601231 -1.796416 -1.786710 7.871836
86.005 4.598784 -1.807315 -1.797531 7.883007
86.105 4.596201 -1.818393 -1.799451 7.894382
86.206 4.591429 -1.838900 -1.799451 7.915437
86.305 4.588799 -1.850200 -1.799451 7.927039
86.406 4.586184 -1.861437 -1.799451 7.938577
86.505 4.581567 -1.881440 -1.797531 7.959106
86.605 4.578845 -1.893287 -1.797531 7.971261
86.705 4.576199 -1.904685 -1.802942 7.982963
86.805 4.571436 -1.924530 -1.808352 8.003370
86.905 4.568788 -1.935397 -1.810272 8.014556
87.005 4.566004 -1.946689 -1.813937 8.026186
87.105 4.561139 -1.965853 -1.815683 8.045958
87.205 4.579422 -1.999974 -1.881703 8.084668
87.306 4.576260 -2.018929 -1.930348 8.103885
87.405 4.569678 -2.038068 -1.881478 8.124124
87.505 4.566304 -2.049337 -1.850062 8.135888
87.605 4.563514 -2.059909 -1.816901 8.146822
87.705 4.559449 -2.078736 -1.764367 8.166082
87.805 4.557466 -2.089918 -1.734696 8.177439
87.908 4.555865 -2.100733 -1.708342 8.188372
88.005 4.553888 -2.117629 -1.671690 8.205383
88.105 4.552961 -2.128145 -1.654237 8.215939
88.204 4.551860 -2.145516 -1.619330 8.233346
88.306 4.551379 -2.157365 -1.607113 8.245205
88.405 4.551130 -2.169729 -1.579187 8.257571
88.505 4.551239 -2.185570 -1.554753 8.273412
88.605 4.551534 -2.196256 -1.537299 8.284102
88.705 4.552365 -2.213571 -1.514610 8.301437
88.805 4.553318 -2.227989 -1.495412 8.315887
88.905 4.554353 -2.239824 -1.483194 8.327767
89.005 4.555451 -2.257837 -1.525082 8.345814
89.105 4.555707 -2.273064 -1.584423 8.361043
89.205 4.554992 -2.284850 -1.659473 8.372850
89.305 4.552869 -2.299138 -1.755466 8.387295
89.405 4.549643 -2.311634 -1.884620 8.400200
89.505 4.547254 -2.317827 -1.973632 8.406838
89.605 4.544071 -2.324289 -2.057408 8.414043
89.705 4.579235 -2.378638 -2.232929 8.478775
89.805 4.573539 -2.385228 -2.313214 8.487486
89.905 4.561349 -2.396823 -2.430152 8.504309
90.005 4.554558 -2.402205 -2.492983 8.512974
90.105 4.542033 -2.410578 -2.594212 8.528040
90.205 4.531638 -2.416258 -2.674498 8.539886
90.305 4.519343 -2.421707 -2.761764 8.553334
90.405 4.510884 -2.424741 -2.815869 8.562320
90.505 4.509493 -2.423697 -2.844816 8.564059
90.605 4.497350 -2.426765 -2.928591 8.576585
90.705 4.489029 -2.428297 -2.977461 8.585046
90.805 4.477848 -2.429753 -3.029820 8.596321
90.905 4.450851 -2.410837 -3.061054 8.629286
91.004 4.433188 -2.411636 -3.120395 8.646967
91.105 4.419183 -2.411574 3.119157 8.660971
91.216 4.403207 -2.410777 3.068543 8.676967
91.305 4.393739 -2.409908 3.038872 8.686475
91.405 4.381660 -2.408348 2.996984 8.698655
91.505 4.365976 -2.405601 2.951605 8.714577
91.605 4.354439 -2.403163 2.921935 8.726368
91.704 4.343038 -2.400384 2.890519 8.738104
91.805 4.301929 -2.447302 2.852402 8.800483
91.905 4.290616 -2.443690 2.822731 8.812359
92.005 4.280031 -2.440030 2.801787 8.823558
92.105 4.261258 -2.432922 2.761645 8.843632
92.210 4.251665 -2.428940 2.740701 8.854019
92.305 4.241550 -2.424482 2.718011 8.865073
92.405 4.224371 -2.416265 2.679614 8.884116
92.505 4.214796 -2.411434 2.670888 8.894840
92.613 4.204701 -2.406185 2.656925 8.906219
92.705 4.188028 -2.397245 2.644533 8.925137
92.805 4.178257 -2.391862 2.634061 8.936293
92.906 4.168813 -2.386543 2.625160 8.947131
93.005 4.151713 -2.376517 2.597060 8.966954
93.105 4.141682 -2.370298 2.577862 8.978756
93.205 4.132204 -2.364161 2.560408 8.990048
93.305 4.116073 -2.353096 2.527247 9.009610
93.405 4.106588 -2.346329 2.518346 9.021261
93.507 4.097067 -2.339403 2.511364 9.033035
93.605 4.081128 -2.327682 2.502463 9.052819
93.705 4.071707 -2.320662 2.500718 9.064568
93.814 4.035480 -2.348664 2.492101 9.110356
93.905 4.023956 -2.339869 2.485120 9.124853
94.005 4.009643 -2.328762 2.478139 9.142970
94.105 4.000280 -2.321391 2.472903 9.154886
94.205 3.991097 -2.314115 2.471157 9.166603
94.305 3.975082 -2.301389 2.472903 9.187058
94.405 3.965759 -2.294018 2.472903 9.198943
94.505 3.951729 -2.283065 2.478139 9.216742
94.605 3.942355 -2.275770 2.479884 9.228620
94.705 3.926352 -2.263308 2.483375 9.248903
94.805 3.917149 -2.256224 2.486865 9.260517
94.910 3.907545 -2.248897 2.490356 9.272596
95.005 3.892379 -2.237690 2.514965 9.291454
95.105 3.883510 -2.231335 2.522121 9.302364
95.205 3.874011 -2.224582 2.524041 9.314019
95.305 3.861541 -2.215797 2.529451 9.329273
95.414 3.849349 -2.207431 2.548650 9.344059
95.505 3.832087 -2.196123 2.575353 9.364695
95.605 3.821944 -2.189907 2.603279 9.376592
95.705 3.811527 -2.183919 2.631204 9.388607
95.805 3.798971 -2.177186 2.664365 9.402854
95.905 3.783583 -2.169684 2.704508 9.419974
96.013 3.774037 -2.165438 2.732433 9.430422
96.105 3.756721 -2.158335 2.770830 9.449138
96.205 3.746044 -2.154374 2.795265 9.460525
96.305 3.730129 -2.148940 2.821445 9.477343
96.408 3.718900 -2.145277 2.830172 9.489155
96.513 3.707268 -2.141669 2.847799 9.501333
96.607 3.687624 -2.135978 2.872408 9.521785
96.705 3.676081 -2.132948 2.890211 9.533719
96.805 3.664653 -2.130163 2.909235 9.545481
96.906 3.653718 -2.127601 2.914471 9.556713
97.005 3.589391 -2.160743 2.985617 9.629075
97.105 3.562289 -2.167971 3.005652 9.657124
97.205 3.542286 -2.165296 3.010888 9.677305
97.305 3.530549 -2.163753 3.010888 9.689143
97.405 3.518927 -2.162220 3.009143 9.700865
97.505 3.507125 -2.160648 3.009143 9.712772
97.605 3.487223 -2.157996 3.009143 9.732850
97.705 3.475247 -2.156417 3.009143 9.744930
97.805 3.463721 -2.154897 3.010888 9.756555
97.905 3.444540 -2.152405 3.012633 9.775897
98.005 3.432423 -2.150838 3.014379 9.788116
98.105 3.417995 -2.149014 3.018044 9.802658
98.204 3.400160 -2.146899 3.025374 9.820619
98.305 3.388502 -2.145574 3.030785 9.832352
98.405 3.368825 -2.143400 3.032530 9.852148
98.505 3.357579 -2.142218 3.037766 9.863456
98.605 3.345766 -2.141018 3.043002 9.875330
98.705 3.331541 -2.139626 3.046493 9.889623
98.805 3.314314 -2.138013 3.049983 9.906925
98.905 3.302818 -2.136988 3.053474 9.918467
99.005 3.291481 -2.136017 3.057139 9.929846
99.108 3.271475 -2.134411 3.067786 9.949915
99.205 3.259658 -2.133608 3.078258 9.961760
99.308 3.245102 -2.132776 3.085239 9.976340
99.405 3.227610 -2.131804 3.086984 9.993859
99.505 3.215851 -2.131173 3.088904 10.005635
99.605 3.204002 -2.130569 3.090650 10.017499
99.708 3.182898 -2.129535 3.094140 10.038628
99.804 3.170855 -2.128984 3.095886 10.050684
99.904 3.152769 -2.128199 3.099376 10.068787
100.005 3.141264 -2.127713 3.099376 10.080302
100.105 3.097227 -2.235224 -3.049948 10.196482
100.205 3.076623 -2.237148 -3.048203 10.217176
100.305 3.065141 -2.238160 -3.063911 10.228702
100.405 3.054053 -2.238937 -3.079619 10.239817
100.505 3.035270 -2.239740 -3.107544 10.258617
100.605 3.023570 -2.240030 -3.119936 10.270321
100.705 3.008755 -2.240169 3.140560 10.285136
100.805 2.990841 -2.240007 3.123107 10.303051
100.905 2.979154 -2.239753 3.119442 10.314741
101.005 2.964546 -2.239430 3.119442 10.329352
101.105 2.946551 -2.239010 3.119442 10.347353
101.205 2.934590 -2.238745 3.119442 10.359316
101.305 2.919576 -2.238441 3.121362 10.374333
101.405 2.901680 -2.238073 3.121362 10.392234
101.505 2.889532 -2.237839 3.123107 10.404384
101.605 2.875515 -2.237590 3.124852 10.418403
101.708 2.857574 -2.237258 3.123107 10.436347
101.806 2.845737 -2.237024 3.121362 10.448187
101.910 2.830821 -2.236705 3.119442 10.463106
102.005 2.814313 -2.236295 3.115777 10.479618
102.105 2.803422 -2.236005 3.114031 10.490514
102.205 2.793694 -2.235728 3.112111 10.500245
102.305 2.775814 -2.235182 3.110366 10.518133
102.405 2.764986 -2.234844 3.110366 10.528967
102.506 2.754052 -2.234492 3.110366 10.539907
102.605 2.732296 -2.233789 3.110366 10.561674
102.705 2.721368 -2.233417 3.106701 10.572608
102.805 2.704258 -2.232819 3.106701 10.589729
102.904 2.689799 -2.232295 3.106701 10.604197
103.005 2.677784 -2.231875 3.106701 10.616219
103.105 2.660846 -2.231284 3.106701 10.633168
103.205 2.635211 -2.271255 3.064242 10.680653
103.313 2.619621 -2.270047 3.064242 10.696290
103.405 2.603971 -2.268834 3.064242 10.711987
103.504 2.592044 -2.267909 3.064242 10.723949
103.605 2.574371 -2.266565 3.065987 10.741674
103.705 2.562265 -2.265648 3.065987 10.753814
103.805 2.545113 -2.264371 3.067907 10.771014
103.905 2.530890 -2.263358 3.071572 10.785273
104.006 2.518887 -2.262531 3.073318 10.797304
104.105 2.505539 -2.261701 3.085710 10.810678
104.205 2.490393 -2.260965 3.103163 10.825842
104.304 2.478906 -2.260529 3.104908 10.837338
104.405 2.460553 -2.260010 3.115380 10.855698
104.505 2.445923 -2.259647 3.117126 10.870333
104.605 2.431113 -2.259296 3.118871 10.885146
104.705 2.419803 -2.259029 3.118871 10.896459
104.805 2.407436 -2.258759 3.120791 10.908829
104.906 2.386768 -2.258356 3.124456 10.929501
105.005 2.375545 -2.258178 3.127947 10.940726
105.105 2.363755 -2.258049 3.133183 10.952516
105.205 2.343307 -2.257989 -3.141276 10.972964
105.312 2.332275 -2.258026 -3.137785 10.983997
105.405 2.314563 -2.258114 -3.136040 11.001709
105.505 2.302614 -2.258196 -3.136040 11.013658
105.607 2.285045 -2.258283 -3.137785 11.031227
105.705 2.271145 -2.258370 -3.134295 11.045128
105.805 2.259840 -2.258453 -3.134295 11.056433
105.905 2.248500 -2.258535 -3.134295 11.067773
106.005 2.227393 -2.258689 -3.134295 11.088881
106.105 2.215566 -2.258776 -3.134295 11.100709
106.205 2.203761 -2.258867 -3.134295 11.112513
106.305 2.192082 -2.338771 -3.072733 11.193266
106.405 2.180799 -2.341864 -3.067590 11.204965
106.505 2.169282 -2.342676 -3.078062 11.216511
106.605 2.149137 -2.343691 -3.099181 11.236681
106.712 2.137121 -2.344066 -3.120125 11.248703
106.805 2.125824 -2.344232 -3.130597 11.260002
106.905 2.105222 -2.344199 3.136881 11.280604
107.005 2.093473 -2.344128 3.135135 11.292352
107.105 2.081511 -2.344051 3.135135 11.304315
107.205 2.060057 -2.343886 3.133390 11.325769
107.305 2.048637 -2.343792 3.133390 11.337189
107.405 2.037366 -2.343690 3.131645 11.348461
107.505 2.016874 -2.343481 3.129899 11.368954
107.604 2.004902 -2.343325 3.128154 11.380927
107.705 1.990409 -2.343130 3.128154 11.395421
107.805 1.972708 -2.342882 3.126409 11.413124
107.905 1.961095 -2.342726 3.128154 11.424738
108.005 1.946559 -2.342531 3.128154 11.439276
108.105 1.929097 -2.342317 3.129899 11.456739
108.205 1.916967 -2.342191 3.131645 11.468869
108.305 1.902469 -2.342081 3.136881 11.483368
108.405 1.884950 -2.342033 -3.141069 11.500887
108.504 1.873216 -2.342044 -3.139323 11.512621
108.605 1.855786 -2.342109 -3.137578 11.530051
108.705 1.840559 -2.342149 -3.139323 11.545278
108.807 1.828214 -2.342154 3.140371 11.557623
108.905 1.816626 -2.342160 -3.141069 11.569212
109.005 1.795564 -2.342161 3.140371 11.590273
109.105 1.784033 -2.342127 3.136881 11.601804
109.205 1.766382 -2.341992 3.129899 11.619455
109.315 1.750364 -2.343781 3.127925 11.635573
109.405 1.671493 -2.428963 3.117945 11.751662
109.508 1.654081 -2.428536 3.116200 11.769080
109.605 1.639579 -2.428158 3.114454 11.783587
109.705 1.627410 -2.427785 3.104157 11.795762
109.805 1.615545 -2.427193 3.086529 11.807641
109.905 1.595660 -2.426066 3.086529 11.827558
110.005 1.584232 -2.425436 3.086529 11.839003
110.104 1.572820 -2.424825 3.088449 11.850432
110.205 1.555459 -2.423927 3.090194 11.867816
110.305 1.538594 -2.423091 3.092114 11.884701
110.405 1.524105 -2.422379 3.092114 11.899208
110.506 1.512513 -2.421825 3.093860 11.910813
110.605 1.498521 -2.421162 3.093860 11.924821
110.705 1.480999 -2.420364 3.097525 11.942361
110.805 1.469196 -2.419843 3.097525 11.954176
110.905 1.454253 -2.419218 3.101190 11.969132
111.005 1.436801 -2.418523 3.102935 11.986597
111.105 1.424512 -2.418052 3.104681 11.998896
111.205 1.407294 -2.417416 3.104681 12.016125
111.305 1.392316 -2.416905 3.108171 12.031112
111.405 1.380626 -2.416525 3.109917 12.042808
111.505 1.365952 -2.416070 3.111662 12.057489
111.605 1.348554 -2.415549 3.111662 12.074895
111.705 1.336575 -2.415190 3.111662 12.086879
111.808 1.319233 -2.414666 3.113407 12.104230
111.905 1.310618 -2.414468 3.118643 12.112847
112.005 1.289870 -2.414060 3.125625 12.133599
112.105 1.278160 -2.413873 3.125625 12.145310
112.205 1.266276 -2.413710 3.129290 12.157195
112.305 1.248234 -2.413488 3.129290 12.175239
112.405 1.231167 -2.413330 3.132955 12.192306
112.505 1.209072 -2.493996 -3.129083 12.275943
112.605 1.197313 -2.494148 -3.127338 12.287703
112.705 1.182726 -2.494346 -3.129083 12.302292
112.806 1.165568 -2.494515 -3.132574 12.319450
112.905 1.153869 -2.494594 -3.136239 12.331149
113.005 1.140077 -2.494652 -3.139904 12.344942
113.105 1.122693 -2.494667 3.141536 12.362326
113.205 1.110730 -2.494666 3.141536 12.374289
113.307 1.092707 -2.494649 3.139790 12.392312
113.405 1.077709 -2.494622 3.139790 12.407310
113.505 1.065775 -2.494611 3.141536 12.419244
113.605 1.053919 -2.494616 -3.139904 12.431100
113.705 1.036805 -2.494645 -3.139904 12.448214
113.805 1.022050 -2.494628 3.139790 12.462969
113.905 1.004680 -2.494572 3.136300 12.480339
114.005 0.993309 -2.494487 3.132809 12.491710
114.105 0.978718 -2.494338 3.131064 12.506303
114.205 0.961339 -2.494146 3.129318 12.523682
114.305 0.949270 -2.494008 3.131064 12.535752
114.405 0.931596 -2.493842 3.132809 12.553427
114.505 0.922753 -2.493775 3.134554 12.562270
114.609 0.905686 -2.493664 3.136300 12.579338
114.705 0.891974 -2.493591 3.136300 12.593050
114.818 0.878197 -2.493528 3.138045 12.606827
114.906 0.861867 -2.493531 -3.129432 12.623157
115.005 0.854317 -2.493658 -3.122277 12.630708
115.105 0.839033 -2.494230 -3.092606 12.646002
115.205 0.827003 -2.494892 -3.078469 12.658050
115.305 0.817457 -2.495542 -3.071488 12.667619
115.405 0.795828 -2.497148 -3.064506 12.689308
115.505 0.787475 -2.497808 -3.062761 12.697687
115.605 0.763742 -2.509735 -3.053670 12.724248
115.705 0.734055 -2.568611 -3.044453 12.790185
115.805 0.722866 -2.569728 -3.046198 12.801430
115.905 0.702952 -2.571584 -3.049863 12.821430
116.005 0.690884 -2.572668 -3.053354 12.833547
116.110 0.678949 -2.573734 -3.051609 12.845529
116.205 0.661098 -2.575344 -3.051609 12.863452
116.305 0.643576 -2.576851 -3.065571 12.881039
116.405 0.635014 -2.577488 -3.067317 12.889625
116.532 0.617996 -2.578661 -3.072553 12.906684
116.605 0.600425 -2.579816 -3.076043 12.924292
116.705 0.592007 -2.580368 -3.076043 12.932728
116.805 0.575475 -2.581559 -3.067317 12.949304
116.905 0.561491 -2.582614 -3.065571 12.963326
117.006 0.546729 -2.583769 -3.062081 12.978134
117.105 0.528764 -2.585247 -3.056845 12.996160
117.208 0.522983 -2.585744 -3.055099 13.001962
117.305 0.502101 -2.587760 -3.035901 13.022941
117.405 0.490982 -2.588972 -3.028919 13.034126
117.505 0.474827 -2.590919 -3.020018 13.050398
117.607 0.460297 -2.592786 -3.013037 13.065047
117.705 0.448544 -2.594342 -3.009546 13.076903
117.805 0.430013 -2.596840 -3.006056 13.095601
117.905 0.418825 -2.598391 -3.002565 13.106896
118.005 0.407102 -2.600047 -3.000820 13.118736
118.105 0.390509 -2.602461 -2.995584 13.135503
118.205 0.377373 -2.604435 -2.990348 13.148787
118.305 0.365800 -2.606216 -2.988428 13.160497
118.404 0.344924 -2.609477 -2.984763 13.181625
118.505 0.332769 -2.611404 -2.983017 13.193932
118.606 0.321313 -2.613253 -2.981097 13.205537
118.705 0.307189 -2.615575 -2.975687 13.219850
118.805 0.293450 -2.681574 -2.903276 13.287264
118.905 0.282559 -2.684230 -2.901531 13.298474
119.005 0.271586 -2.686886 -2.905021 13.309764
119.105 0.252003 -2.691556 -2.910432 13.329896
119.206 0.240711 -2.694181 -2.914097 13.341489
119.305 0.226607 -2.697402 -2.919507 13.355956
119.405 0.210150 -2.701043 -2.926663 13.372811
119.504 0.198404 -2.703564 -2.931899 13.384824
119.605 0.187071 -2.705836 -2.947607 13.396383
119.705 0.167331 -2.709550 -2.960174 13.416469
119.807 0.155495 -2.711693 -2.965410 13.428497
119.905 0.144211 -2.713652 -2.972391 13.439950
120.005 0.123919 -2.716958 -2.984608 13.460510
120.104 0.112457 -2.718745 -2.988273 13.472110
120.205 0.092352 -2.721826 -2.990019 13.492450
120.305 0.080512 -2.723587 -2.995255 13.504421
120.405 0.068522 -2.725338 -2.997000 13.516537
120.505 0.053814 -2.727459 -2.998745 13.531398
120.605 0.036877 -2.729895 -2.998745 13.548509
120.705 0.025029 -2.731599 -2.998745 13.560479
120.806 0.013593 -2.733249 -2.997000 13.572034
120.905 -0.006323 -2.736144 -2.998745 13.592159
121.004 -0.018531 -2.737900 -2.998745 13.604493
121.105 -0.036479 -2.740481 -2.998745 13.622625
121.205 -0.050748 -2.742529 -2.998745 13.637040
121.305 -0.062679 -2.744245 -2.998745 13.649094
121.405 -0.080181 -2.746767 -2.998745 13.666777
121.505 -0.095044 -2.748916 -2.997000 13.681794
121.605 -0.106726 -2.750617 -2.997000 13.693600
121.710 -0.118206 -2.752305 -2.995255 13.705203
121.806 -0.139062 -2.755152 -3.012708 13.726252
121.908 -0.151045 -2.756603 -3.023180 13.738323
122.005 -0.164040 -2.761528 -3.038687 13.752219
122.105 -0.203470 -2.805669 -3.089792 13.811407
122.205 -0.215084 -2.806179 -3.108991 13.823032
122.305 -0.231606 -2.806432 -3.135345 13.839556
122.405 -0.245322 -2.806465 3.140859 13.853272
122.505 -0.257363 -2.806419 3.130387 13.865313
122.605 -0.275192 -2.805944 3.107523 13.883148
122.705 -0.286805 -2.805487 3.100541 13.894770
122.805 -0.301895 -2.804742 3.089895 13.909878
122.906 -0.318964 -2.803783 3.082914 13.926974
123.005 -0.331044 -2.803068 3.081168 13.939076
123.105 -0.345920 -2.802095 3.075932 13.953984
123.205 -0.363333 -2.800950 3.075932 13.971434
123.305 -0.375545 -2.800142 3.075932 13.983673
123.405 -0.387301 -2.799379 3.077678 13.995454
123.505 -0.407932 -2.798074 3.079423 14.016126
123.605 -0.419850 -2.797327 3.079423 14.028068
123.708 -0.431415 -2.796607 3.079423 14.039654
123.805 -0.452328 -2.795305 3.079423 14.060608
123.905 -0.463504 -2.794609 3.079423 14.071806
124.005 -0.475079 -2.793894 3.081168 14.083403
124.104 -0.495702 -2.792646 3.081168 14.104064
124.205 -0.507434 -2.791936 3.081168 14.115817
124.305 -0.519581 -2.791202 3.081168 14.127986
124.405 -0.539927 -2.789971 3.081168 14.148369
124.504 -0.551529 -2.789269 3.081168 14.159992
124.605 -0.563215 -2.788567 3.084659 14.171700
124.705 -0.582885 -2.787597 3.095131 14.191394
124.807 -0.591471 -2.787219 3.098796 14.199988
124.904 -0.611135 -2.786440 3.102461 14.219667
125.005 -0.621999 -2.880983 3.077568 14.314832
125.105 -0.637549 -2.957714 3.020461 14.393123
125.205 -0.648210 -2.956239 2.992536 14.403886
125.314 -0.664795 -2.953017 2.915916 14.420781
125.405 -0.678576 -2.949290 2.851164 14.435057
125.505 -0.689130 -2.945730 2.795314 14.446195
125.605 -0.703553 -2.939830 2.725501 14.461778
125.705 -0.715235 -2.934236 2.676631 14.474731
125.805 -0.724997 -2.929042 2.640154 14.485788
125.905 -0.737793 -2.921540 2.591110 14.500621
126.005 -0.751562 -2.912464 2.538750 14.517113
126.106 -0.760562 -2.906036 2.510825 14.528173
126.204 -0.773310 -2.896160 2.465447 14.544298
126.305 -0.784789 -2.886592 2.432285 14.559242
126.405 -0.793095 -2.879191 2.402615 14.570367
126.505 -0.836331 -2.862235 2.371566 14.616809
126.605 -0.872120 -2.845424 2.331250 14.656350
126.705 -0.879725 -2.837184 2.308561 14.667563
126.805 -0.890626 -2.824672 2.273654 14.684157
126.905 -0.899202 -2.814184 2.243983 14.697706
127.005 -0.905967 -2.805458 2.223039 14.708747
127.105 -0.914674 -2.793655 2.196860 14.723414
127.205 -0.924812 -2.779117 2.170680 14.741138
127.305 -0.931084 -2.769823 2.158462 14.752349
127.405 -0.940429 -2.755771 2.165444 14.769225
127.505 -0.948765 -2.743761 2.188133 14.783845
127.605 -0.955758 -2.734154 2.202095 14.795727
127.706 -0.959121 -2.729578 2.205586 14.801406
127.804 -0.974766 -2.708850 2.230021 14.827375
127.909 -0.982176 -2.699565 2.249219 14.839256
128.005 -0.989459 -2.690814 2.275399 14.850641
128.105 -1.003110 -2.675299 2.305070 14.871306
128.205 -1.010948 -2.666857 2.327759 14.882825
128.305 -1.021344 -2.656216 2.359175 14.897702
128.405 -1.033610 -2.644489 2.387100 14.914672
128.505 -1.042342 -2.636317 2.390591 14.926632
128.605 -1.109989 -2.605490 2.414200 15.000971
128.705 -1.154916 -2.584178 2.438128 15.050697
128.805 -1.166850 -2.574171 2.439874 15.066271
128.905 -1.176156 -2.566157 2.425911 15.078552
129.005 -1.183726 -2.559509 2.417184 15.088627
129.105 -1.196844 -2.547584 2.396241 15.106355
129.205 -1.207202 -2.537770 2.377042 15.120624
129.305 -1.215320 -2.529860 2.363079 15.131959
129.404 -1.226741 -2.518365 2.347371 15.148163
129.505 -1.235510 -2.509247 2.329918 15.160813
129.605 -1.242099 -2.502191 2.317701 15.170467
129.705 -1.248997 -2.494630 2.305483 15.180702
129.805 -1.259319 -2.483006 2.308974 15.196248
129.905 -1.261247 -2.480961 2.336899 15.199059
130.005 -1.262798 -2.479413 2.373551 15.201250
130.105 -1.261814 -2.480230 2.480016 15.202528
130.204 -1.259495 -2.481763 2.605680 15.205308
130.308 -1.258391 -2.482373 2.685965 15.206569
130.409 -1.257758 -2.482594 2.832573 15.207240
130.505 -1.259246 -2.482230 2.923330 15.208772
130.605 -1.262283 -2.481736 3.017578 15.211848
130.705 -1.266486 -2.481537 -3.129472 15.216056
130.805 -1.259962 -2.516901 -2.963837 15.252017
130.905 -1.266297 -2.518401 -2.869589 15.258526
131.005 -1.271534 -2.520168 -2.798031 15.264054
131.105 -1.285186 -2.526077 -2.689820 15.278929
131.205 -1.295468 -2.537175 -2.600279 15.294059
131.305 -1.291893 -2.618854 -2.506614 15.375815
131.405 -1.294180 -2.620815 -2.382870 15.378828
131.505 -1.294624 -2.621263 -2.326845 15.379459
131.605 -1.292627 -2.618839 -2.222125 15.382599
131.705 -1.290885 -2.616264 -2.124387 15.385708
131.805 -1.290394 -2.615404 -2.075518 15.386698
131.905 -1.288885 -2.612265 -1.981270 15.390181
132.005 -1.288305 -2.608500 -1.856321 15.393991
132.105 -1.291370 -2.591165 -1.709898 15.411594
132.205 -1.291266 -2.589965 -1.619141 15.412799
132.305 -1.291319 -2.586861 -1.488241 15.415904
132.405 -1.291742 -2.584010 -1.383522 15.418786
132.508 -1.292179 -2.582273 -1.294510 15.420576
132.609 -1.292776 -2.580513 -1.210734 15.422435
132.705 -1.294395 -2.577129 -1.053654 15.426187
132.806 -1.295160 -2.575931 -0.987332 15.427608
132.906 -1.296671 -2.573947 -0.877376 15.430102
133.005 -1.352200 -2.547923 -0.653449 15.491427
133.105 -1.353864 -2.546768 -0.567927 15.493452
133.204 -1.353303 -2.547049 -0.475425 15.494080
133.305 -1.337881 -2.414313 -0.344832 15.627709
133.404 -1.335578 -2.414983 -0.259311 15.630108
133.507 -1.329551 -2.416185 -0.170299 15.636254
133.606 -1.304579 -2.507546 0.000916 15.730966
133.705 -1.288804 -2.506314 0.130070 15.746789
133.805 -1.280524 -2.504855 0.196393 15.755196
133.911 -1.264692 -2.500542 0.318566 15.771605
134.005 -1.250090 -2.494506 0.440739 15.787406
134.105 -1.231535 -2.488903 0.474808 15.806788
134.205 -1.191399 -2.474865 0.544190 15.849309
134.305 -1.181726 -2.468425 0.612432 15.860929
134.405 -1.166768 -2.456420 0.727449 15.880109
134.506 -1.158480 -2.448429 0.790281 15.891622
134.606 -1.151269 -2.440551 0.854858 15.902302
134.709 -1.176553 -2.403377 0.926575 15.947260
134.805 -1.171259 -2.395794 0.980680 15.956509
134.905 -1.166085 -2.387509 1.031294 15.966276
135.015 -1.156821 -2.370318 1.104598 15.985804
135.105 -1.151725 -2.359499 1.146486 15.997764
135.205 -1.147530 -2.349929 1.158703 16.008213
135.305 -1.145915 -2.346216 1.160449 16.012262
135.405 -1.145827 -2.346015 1.158703 16.012481
135.505 -1.152977 -2.337899 1.150118 16.023297
135.620 -1.152977 -2.337899 1.150118 16.023297
135.705 -1.152977 -2.337899 1.150118 16.023297
135.805 -1.152977 -2.337899 1.150118 16.023297
135.905 -1.152977 -2.337899 1.150118 16.023297
136.007 -1.152977 -2.337899 1.151863 16.023297
136.105 -1.152977 -2.337899 1.151863 16.023297
136.205 -1.152977 -2.337899 1.151863 16.023297
136.306 -1.152977 -2.337899 1.150118 16.023297
136.405 -1.152977 -2.337899 1.150118 16.023297
136.505 -1.152977 -2.337899 1.150118 16.023297
136.604 -1.152977 -2.337899 1.150118 16.023297
136.707 -1.152977 -2.337899 1.150118 16.023297
136.806 -1.152977 -2.337899 1.150118 16.023297
136.905 -1.152977 -2.337899 1.150118 16.023297
137.005 -1.152977 -2.337899 1.150118 16.023297
137.105 -1.152977 -2.337899 1.150118 16.023297
137.207 -1.152977 -2.337899 1.150118 16.023297
137.305 -1.152977 -2.337899 1.151863 16.023297
137.405 -1.152977 -2.337899 1.151863 16.023297
137.505 -1.152952 -2.337843 1.151863 16.023359
137.604 -1.150837 -2.333020 1.158844 16.028626
137.705 -1.146123 -2.321862 1.186770 16.040738
137.806 -1.141961 -2.310876 1.219931 16.052486
137.909 -1.137161 -2.296685 1.261819 16.067466
138.005 -1.132281 -2.279771 1.305452 16.085070
138.105 -1.129594 -2.269164 1.333377 16.096013
138.208 -1.127187 -2.258336 1.361303 16.107105
138.305 -1.123365 -2.238561 1.385737 16.127246
138.405 -1.128271 -2.218182 1.378376 16.148207
138.505 -1.133535 -2.190578 1.367554 16.176308
138.605 -1.130607 -2.176454 1.367554 16.190733
138.708 -1.129184 -2.169486 1.371044 16.197845
138.805 -1.126221 -2.154123 1.386752 16.213491
138.905 -1.123843 -2.141425 1.385007 16.226409
139.005 -1.122668 -2.135194 1.385007 16.232750
139.105 -1.120128 -2.118734 1.433876 16.249405
139.205 -1.118137 -2.103618 1.439112 16.264651
139.305 -1.116659 -2.092530 1.437367 16.275838
139.405 -1.114663 -2.078505 1.421659 16.290004
139.505 -1.113011 -2.068571 1.395479 16.300074
139.604 -1.111467 -2.060445 1.378026 16.308346
139.718 -1.108445 -2.045977 1.357082 16.323126
139.805 -1.106052 -2.035223 1.350100 16.334143
139.904 -1.102292 -2.019288 1.330902 16.350515
140.005 -1.099265 -2.007190 1.322175 16.362986
140.105 -1.097679 -2.000767 1.330902 16.369603
140.207 -1.095751 -1.992782 1.336138 16.377817
140.305 -1.092806 -1.980161 1.344864 16.390777
140.406 -1.090205 -1.968662 1.350100 16.402566
140.505 -1.088273 -1.960014 1.351846 16.411428
140.605 -1.088273 -1.960016 1.351846 16.411429
140.705 -1.088304 -1.960153 1.351846 16.411570
140.805 -1.088017 -1.958857 1.353591 16.412897
140.905 -1.086606 -1.952238 1.367554 16.419666
141.005 -1.085536 -1.946820 1.383262 16.425188
141.111 -1.083015 -1.933012 1.395479 16.439225
141.205 -1.080301 -1.917281 1.405951 16.455188
141.305 -1.078078 -1.902653 1.428640 16.469984
141.405 -1.076605 -1.891374 1.446093 16.481358
141.511 -1.040806 -1.940335 1.440134 16.542011
141.607 -1.040275 -1.936292 1.440134 16.546089
141.705 -1.039213 -1.926885 1.464569 16.555556
141.805 -1.038076 -1.914953 1.480277 16.567542
141.905 -1.037671 -1.910493 1.480277 16.572020
142.005 -1.037700 -1.910804 1.480277 16.572333
142.105 -1.037027 -1.902290 1.499476 16.580874
142.205 -1.036447 -1.893144 1.511693 16.590038
142.305 -1.035674 -1.876099 1.534382 16.607101
142.404 -1.035337 -1.862504 1.548345 16.620700
142.505 -1.035109 -1.851762 1.550090 16.631444
142.605 -1.034802 -1.835544 1.553581 16.647665
142.705 -1.034593 -1.823434 1.553581 16.659776
142.805 -1.034433 -1.814126 1.553581 16.669086
142.905 -1.034194 -1.801127 1.551836 16.682087
143.005 -1.033932 -1.788005 1.550090 16.695212
143.105 -1.033625 -1.774118 1.546600 16.709102
143.205 -1.033351 -1.762987 1.544854 16.720236
143.305 -1.033065 -1.751946 1.544854 16.731281
143.411 -1.032670 -1.737698 1.543109 16.745535
143.505 -1.032292 -1.724044 1.543109 16.759194
143.605 -1.031854 -1.707713 1.544854 16.775531
143.711 -1.031352 -1.693743 1.523910 16.789510
143.805 -1.030655 -1.681737 1.504712 16.801536
143.905 -1.029693 -1.664360 1.525656 16.818940
144.005 -1.029181 -1.649740 1.537873 16.833569
144.105 -1.028846 -1.637864 1.546600 16.845449
144.205 -1.028566 -1.620096 1.564053 16.863219
144.305 -1.028503 -1.605521 1.567543 16.877794
144.416 -1.028481 -1.593755 1.569289 16.889561
144.507 -1.028526 -1.575766 1.578015 16.907550
144.608 -1.028674 -1.561015 1.583251 16.922301
144.705 -1.151610 -1.515083 1.612854 17.053538
144.807 -1.152429 -1.497219 1.616345 17.071420
144.908 -1.152940 -1.482710 1.604127 17.085938
145.007 -1.153282 -1.471071 1.598891 17.097582
145.105 -1.153723 -1.454009 1.595401 17.114649
145.205 -1.154015 -1.441649 1.593655 17.127014
145.305 -1.154465 -1.423254 1.597146 17.145413
145.405 -1.154869 -1.408702 1.600637 17.159971
145.505 -1.155228 -1.396495 1.598891 17.172184
145.611 -1.155572 -1.384987 1.600637 17.183697
145.705 -1.156201 -1.363728 1.600637 17.204965
145.805 -1.156541 -1.352327 1.600637 17.216371
145.905 -1.156873 -1.340502 1.598891 17.228201
146.007 -1.157382 -1.320027 1.593655 17.248682
146.105 -1.157506 -1.307607 1.567476 17.261102
146.206 -1.157233 -1.295608 1.534314 17.273105
146.304 -1.156232 -1.276270 1.509880 17.292469
146.405 -1.155428 -1.264641 1.497662 17.304125
146.505 -1.154501 -1.252628 1.494172 17.316174
146.605 -1.152933 -1.232145 1.495917 17.336717
146.705 -1.152036 -1.220188 1.495917 17.348707
146.805 -1.150738 -1.202316 1.499408 17.366627
146.905 -1.149683 -1.187917 1.497662 17.381064
147.005 -1.148828 -1.176389 1.495917 17.392624
147.111 -1.147733 -1.163975 1.474973 17.405086
147.205 -1.145404 -1.143742 1.440067 17.425453
147.306 -1.143857 -1.131978 1.440067 17.437318
147.412 -1.142356 -1.120640 1.438321 17.448755
147.505 -1.139570 -1.099729 1.438321 17.469851
147.605 -1.137990 -1.087953 1.436576 17.481732
147.705 -1.135604 -1.070247 1.438321 17.499599
147.806 -1.134107 -1.058898 1.441812 17.511045
147.905 -1.132071 -1.040409 1.443470 17.529647
148.006 -1.228828 -0.993336 1.419520 17.637247
148.106 -1.226676 -0.979383 1.417775 17.651365
148.205 -1.224905 -0.967999 1.416030 17.662886
148.305 -1.222107 -0.950206 1.414284 17.680897
148.405 -1.219766 -0.935537 1.410794 17.695752
148.505 -1.217786 -0.924319 1.386359 17.707143
148.606 -1.214347 -0.907545 1.356688 17.724266
148.704 -1.211788 -0.896292 1.339235 17.735806
148.813 -1.207533 -0.879125 1.320036 17.753492
148.905 -1.203798 -0.864895 1.313055 17.768205
149.005 -1.200779 -0.853421 1.314800 17.780069
149.105 -1.197010 -0.838750 1.325272 17.795216
149.205 -1.193574 -0.824770 1.333999 17.809613
149.305 -1.190385 -0.811044 1.349707 17.823704
149.405 -1.187297 -0.796566 1.367160 17.838508
149.507 -1.184007 -0.779213 1.396831 17.856170
149.605 -1.181602 -0.764587 1.416030 17.870992
149.705 -1.179970 -0.753281 1.435228 17.882415
149.805 -1.178198 -0.738506 1.463153 17.897297
149.905 -1.176725 -0.722252 1.494569 17.913617
150.009 -1.176111 -0.712741 1.513768 17.923148
150.105 -1.175591 -0.701973 1.532967 17.933929
150.205 -1.175349 -0.681690 1.578345 17.954213
150.305 -1.175626 -0.670284 1.604525 17.965622
150.405 -1.176202 -0.657388 1.623724 17.978531
150.505 -1.177449 -0.640700 1.656885 17.995265
150.604 -1.178582 -0.629311 1.674338 18.006710
150.705 -1.180310 -0.614687 1.695282 18.021437
150.805 -1.182750 -0.597379 1.718146 18.038916
150.904 -1.184363 -0.586811 1.725476 18.049606
151.005 -1.267407 -0.566096 1.844536 18.135194
151.105 -1.270701 -0.554093 1.835460 18.147641
151.206 -1.272603 -0.546862 1.819752 18.155118
151.308 -1.273590 -0.542813 1.807360 18.159286
151.405 -1.278752 -0.517107 1.741038 18.185505
151.505 -1.280565 -0.505171 1.709622 18.197578
151.605 -1.281953 -0.493702 1.679951 18.209130
151.705 -1.283562 -0.473896 1.636318 18.229001
151.805 -1.284133 -0.462628 1.611883 18.240284
151.905 -1.284505 -0.451612 1.601411 18.251307
152.008 -1.284824 -0.430157 1.576977 18.272764
152.121 -1.284820 -0.418643 1.566505 18.284278
152.205 -1.284616 -0.406779 1.545561 18.296144
152.305 -1.283698 -0.386563 1.512400 18.316381
152.410 -1.283358 -0.381074 1.507164 18.321880
152.505 -1.282138 -0.364933 1.484474 18.338067
152.607 -1.280133 -0.344692 1.465276 18.358407
152.705 -1.278785 -0.332573 1.458294 18.370601
152.807 -1.277327 -0.320597 1.446077 18.382665
152.907 -1.274742 -0.301254 1.430369 18.402180
153.005 -1.273011 -0.289778 1.412916 18.413786
153.112 -1.270921 -0.277737 1.390227 18.426007
153.205 -1.308762 -0.245783 1.316444 18.475534
153.306 -1.305969 -0.235281 1.307717 18.486402
153.407 -1.302984 -0.224567 1.297245 18.497523
153.505 -1.299106 -0.211128 1.286773 18.511510
153.619 -1.294698 -0.196601 1.269320 18.526692
153.705 -1.291567 -0.186855 1.250121 18.536929
153.812 -1.285751 -0.170150 1.220451 18.554617
153.908 -1.282450 -0.161414 1.201252 18.563956
154.005 -1.280735 -0.157089 1.189035 18.568609
154.106 -1.272925 -0.140212 1.101768 18.587205
154.205 -1.265011 -0.126101 1.028464 18.603384
154.305 -1.259221 -0.117114 0.981515 18.614075
154.405 -1.248027 -0.100361 0.981515 18.634223
154.505 -1.241365 -0.090376 0.983260 18.646226
154.605 -1.235088 -0.080912 0.990242 18.657583
154.705 -1.227317 -0.068704 1.013280 18.672055
154.807 -1.218647 -0.054272 1.046616 18.688890
154.906 -1.213562 -0.045167 1.069480 18.699319
155.005 -1.205759 -0.029906 1.120094 18.716459
155.105 -1.201323 -0.020690 1.111367 18.726687
155.221 -1.198125 -0.014304 1.100896 18.733830
155.306 -1.191801 -0.002344 1.055691 18.747358
155.414 -1.191355 -0.001594 1.024101 18.748231
155.508 -1.180391 0.023963 0.917106 18.776040
155.608 -1.163215 0.063110 0.778201 18.818790
155.705 -1.163383 0.062942 0.696345 18.819028
155.807 -1.161856 0.064085 0.607159 18.820935
155.905 -1.159885 0.065287 0.493712 18.823243
156.009 -1.157275 0.066487 0.380266 18.826116
156.106 -1.149503 0.068592 0.217950 18.834168
156.205 -1.139626 0.070197 0.127193 18.844175
156.305 -1.129753 0.070908 0.038181 18.854074
156.405 -1.117419 0.070636 -0.061303 18.866411
156.505 -1.172263 0.029133 -0.274280 18.935189
156.605 -1.162645 0.025913 -0.351074 18.945332
156.705 -1.150537 0.020866 -0.417571 18.958449
156.809 -1.137200 0.014368 -0.474993 18.973286
156.905 -1.101263 0.024235 -0.561859 19.010553
157.007 -1.009969 0.101215 -0.651473 19.129970
157.104 -1.000692 0.093750 -0.691616 19.141878
157.205 -0.985305 0.080055 -0.752702 19.162477
157.305 -0.976800 0.071818 -0.778882 19.174317
157.405 -0.969690 0.064546 -0.806807 19.184487
157.505 -0.958416 0.052011 -0.859167 19.201346
157.605 -0.949270 0.040870 -0.901055 19.215760
157.708 -0.940324 0.028969 -0.937707 19.230649
157.805 -0.935851 0.032222 -0.908984 19.236180
157.904 -0.926653 0.035622 -0.869137 19.245986
158.005 -0.919046 0.026597 -0.870883 19.257789
158.105 -0.906086 0.010902 -0.884845 19.278144
158.205 -0.898727 0.001766 -0.898808 19.289874
158.305 -0.889766 -0.009612 -0.904044 19.304358
158.404 -0.882698 -0.018626 -0.905789 19.315812
158.505 -0.871843 -0.032526 -0.907535 19.333449
158.605 -0.862585 -0.044401 -0.907535 19.348506
158.705 -0.855253 -0.054034 -0.930224 19.360612
158.805 -0.844921 -0.068385 -0.959894 19.378295
158.905 -0.836393 -0.080582 -0.961640 19.393178
159.005 -0.829701 -0.090183 -0.963385 19.404880
159.105 -0.819416 -0.104980 -0.963385 19.422902
159.205 -0.812665 -0.114719 -0.963385 19.434751
159.305 -0.802617 -0.129389 -0.980838 19.452533
159.405 -0.794609 -0.141776 -1.012254 19.467282
159.507 -0.788659 -0.151542 -1.027962 19.478718
159.604 -0.779683 -0.166549 -1.036689 19.496205
159.705 -0.772338 -0.179157 -1.055888 19.510797
159.805 -0.767066 -0.188781 -1.076832 19.521770
159.905 -0.759334 -0.203887 -1.108247 19.538740
160.005 -0.753079 -0.216881 -1.130937 19.553161
160.105 -0.748098 -0.227503 -1.123955 19.564892
160.205 -0.741990 -0.240096 -1.113483 19.578889
160.305 -0.733998 -0.255883 -1.094285 19.596584
160.405 -0.728432 -0.266391 -1.071596 19.608475
160.505 -0.722798 -0.276547 -1.055888 19.620088
160.605 -0.712830 -0.293527 -1.024472 19.639778
160.705 -0.707105 -0.302776 -1.008764 19.650656
160.805 -0.697042 -0.317968 -0.972112 19.668878
160.905 -0.690457 -0.327299 -0.954658 19.680299
161.010 -0.587327 -0.320484 -0.966280 19.783654
161.104 -0.577535 -0.334470 -0.959298 19.800727
161.205 -0.569729 -0.345602 -0.959298 19.814323
161.329 -0.563624 -0.354351 -0.962789 19.824991
161.406 -0.555371 -0.366242 -0.966280 19.839466
161.505 -0.550700 -0.373029 -0.969770 19.847705
161.606 -0.543024 -0.384271 -0.975006 19.861318
161.705 -0.536126 -0.394572 -0.990714 19.873715
161.805 -0.530053 -0.404158 -1.016894 19.885063
161.905 -0.522525 -0.417013 -1.055291 19.899960
162.005 -0.514640 -0.431693 -1.091943 19.916623
162.115 -0.509887 -0.441333 -1.123359 19.927372
162.205 -0.505417 -0.451044 -1.149539 19.938062
162.304 -0.497400 -0.469994 -1.184446 19.958638
162.405 -0.493180 -0.480866 -1.208880 19.970300
162.506 -0.489376 -0.491291 -1.224588 19.981398
162.605 -0.483196 -0.509144 -1.245532 20.000290
162.705 -0.479732 -0.519930 -1.271712 20.011618
162.805 -0.475664 -0.534254 -1.311855 20.026509
162.905 -0.472145 -0.548907 -1.350252 20.041578
163.005 -0.469958 -0.559661 -1.381668 20.052552
163.105 -0.468263 -0.569461 -1.411339 20.062499
163.204 -0.465899 -0.587553 -1.461953 20.080744
163.305 -0.464826 -0.597894 -1.460208 20.091140
163.405 -0.457566 -0.611490 -1.464822 20.106554
163.505 -0.404481 -0.644796 -1.529382 20.169222
163.605 -0.403622 -0.660935 -1.508438 20.185384
163.705 -0.402892 -0.671614 -1.496220 20.196087
163.805 -0.400877 -0.691415 -1.452587 20.215990
163.905 -0.399367 -0.702855 -1.431643 20.227530
164.005 -0.396821 -0.719415 -1.408954 20.244284
164.105 -0.394301 -0.733239 -1.375793 20.258336
164.204 -0.392006 -0.743889 -1.347867 20.269230
164.304 -0.387994 -0.759867 -1.309470 20.285705
164.405 -0.384996 -0.770626 -1.293762 20.296873
164.505 -0.380282 -0.786144 -1.265837 20.313091
164.611 -0.376452 -0.797707 -1.243148 20.325273
164.706 -0.373196 -0.807190 -1.236166 20.335299
164.805 -0.368433 -0.820474 -1.220458 20.349411
164.905 -0.364260 -0.831665 -1.208241 20.361354
165.005 -0.360859 -0.840541 -1.199514 20.370860
165.107 -0.355201 -0.855090 -1.203005 20.386470
165.205 -0.350526 -0.867442 -1.215222 20.399677
165.305 -0.346749 -0.877727 -1.222204 20.410635
165.405 -0.340705 -0.894896 -1.239657 20.428836
165.505 -0.338029 -0.902911 -1.251874 20.437286
165.605 -0.333150 -0.918410 -1.274563 20.453534
165.721 -0.329362 -0.931473 -1.300743 20.467136
165.805 -0.249723 -0.935931 -1.245149 20.546900
165.905 -0.242769 -0.945749 -1.259259 20.558931
166.005 -0.239505 -0.956688 -1.292420 20.570347
166.105 -0.234320 -0.976376 -1.330818 20.590706
166.205 -0.232007 -0.986401 -1.350016 20.600995
166.305 -0.228699 -1.002381 -1.379687 20.617313
166.405 -0.226382 -1.015506 -1.407612 20.630641
166.505 -0.224778 -1.026279 -1.432047 20.641533
166.605 -0.222449 -1.042921 -1.433792 20.658337
166.705 -0.220475 -1.057426 -1.437283 20.672976
166.805 -0.218987 -1.068687 -1.440773 20.684335
166.904 -0.216662 -1.086469 -1.440773 20.702268
167.005 -0.214718 -1.101375 -1.442519 20.717301
167.105 -0.213214 -1.113199 -1.444264 20.729219
167.205 -0.211295 -1.128535 -1.447755 20.744676
167.305 -0.209130 -1.145836 -1.446009 20.762111
167.405 -0.207636 -1.157543 -1.442519 20.773913
167.505 -0.205578 -1.172273 -1.428556 20.788786
167.612 -0.202957 -1.189551 -1.414593 20.806262
167.705 -0.201093 -1.201131 -1.409357 20.817991
167.805 -0.198241 -1.218514 -1.405867 20.835606
167.905 -0.195652 -1.232780 -1.386668 20.850105
168.005 -0.193353 -1.244407 -1.372706 20.861957
168.105 -0.189732 -1.262025 -1.362234 20.879944
168.205 -0.186634 -1.276486 -1.358743 20.894733
168.305 -0.184169 -1.288310 -1.367470 20.906811
168.405 -0.180670 -1.305736 -1.376196 20.924585
168.506 -0.179040 -1.314079 -1.372706 20.933086
168.605 -0.175359 -1.331024 -1.348271 20.950425
168.705 -0.172613 -1.342903 -1.336054 20.962618
168.805 -0.168281 -1.362127 -1.356998 20.982324
168.905 -0.165852 -1.372921 -1.339544 20.993388
169.005 -0.162914 -1.384965 -1.325582 21.005785
169.104 -0.042820 -1.421501 -1.282282 21.131314
169.207 -0.038575 -1.432193 -1.273315 21.142818
169.305 -0.035227 -1.442815 -1.262843 21.153955
169.405 -0.029108 -1.461677 -1.255861 21.173785
169.504 -0.025532 -1.472640 -1.254116 21.185316
169.605 -0.021999 -1.483435 -1.255861 21.196675
169.705 -0.015805 -1.502418 -1.257607 21.216643
169.805 -0.012278 -1.513323 -1.259352 21.228104
169.905 -0.008787 -1.524199 -1.261097 21.239527
170.005 -0.004557 -1.537420 -1.261097 21.253408
170.107 0.000574 -1.553486 -1.261097 21.270273
170.205 0.004064 -1.564326 -1.259352 21.281661
170.305 0.010174 -1.583148 -1.255861 21.301450
170.405 0.013384 -1.592957 -1.254116 21.311770
170.505 0.018080 -1.607237 -1.252371 21.326803
170.605 0.023605 -1.623853 -1.248880 21.344314
170.705 0.027229 -1.634672 -1.247135 21.355723
170.805 0.031853 -1.648425 -1.245389 21.370233
170.905 0.037381 -1.664775 -1.245389 21.387492
171.005 0.041208 -1.676053 -1.243644 21.399402
171.105 0.044751 -1.686476 -1.241899 21.410411
171.205 0.051408 -1.705920 -1.240153 21.430963
171.305 0.054979 -1.716412 -1.243644 21.442046
171.405 0.058546 -1.726926 -1.243644 21.453148
171.504 0.064973 -1.745865 -1.243644 21.473148
171.605 0.068785 -1.757097 -1.243644 21.485010
171.705 0.072447 -1.768396 -1.262843 21.496887
171.805 0.078024 -1.786754 -1.287277 21.516073
171.905 0.081297 -1.797915 -1.285532 21.527704
172.005 0.084521 -1.808909 -1.285532 21.539161
172.107 0.111330 -1.824051 -1.281281 21.569951
172.205 0.174648 -1.843853 -1.271370 21.636294
172.305 0.177886 -1.854488 -1.278351 21.647411
172.405 0.183191 -1.872334 -1.285332 21.666028
172.505 0.186412 -1.883307 -1.285332 21.677465
172.605 0.189842 -1.894996 -1.285332 21.689646
172.705 0.195499 -1.914220 -1.283587 21.709685
172.806 0.198729 -1.925173 -1.283587 21.721104
172.908 0.201839 -1.935670 -1.283587 21.732053
173.005 0.207901 -1.956137 -1.281842 21.753398
173.105 0.211053 -1.966739 -1.281842 21.764459
173.205 0.214078 -1.976914 -1.281842 21.775074
173.305 0.218894 -1.993043 -1.280096 21.791906
173.405 0.222408 -2.004828 -1.281842 21.804204
173.505 0.226555 -2.018723 -1.281842 21.818706
173.605 0.231618 -2.035662 -1.280096 21.836384
173.705 0.234936 -2.046752 -1.280096 21.847961
173.805 0.240491 -2.065322 -1.280096 21.867344
173.905 0.243646 -2.075867 -1.280096 21.878350
174.004 0.246760 -2.086275 -1.280096 21.889214
174.105 0.252516 -2.105429 -1.278351 21.909215
174.205 0.255816 -2.116354 -1.278351 21.920627
174.305 0.259106 -2.127247 -1.276606 21.932007
174.406 0.265112 -2.147069 -1.276606 21.952718
174.505 0.268415 -2.157970 -1.276606 21.964108
174.605 0.271677 -2.168789 -1.276606 21.975409
174.705 0.276102 -2.183469 -1.276606 21.990741
174.807 0.281251 -2.200479 -1.276606 22.008512
174.907 0.284676 -2.211785 -1.276606 22.020326
175.018 0.290643 -2.231694 -1.281842 22.041110
175.105 0.294035 -2.243066 -1.281842 22.052978
175.205 0.327047 -2.250770 -1.273448 22.086877
175.305 0.389852 -2.262896 -1.255675 22.150842
175.407 0.393629 -2.274483 -1.255675 22.163030
175.505 0.396027 -2.281540 -1.217278 22.170482
175.605 0.398603 -2.287632 -1.121285 22.177096
175.705 0.400082 -2.290292 -1.030527 22.180140
175.806 0.402384 -2.293714 -0.946752 22.184264
175.905 0.407285 -2.299435 -0.819343 22.191798
176.006 0.414198 -2.305797 -0.692108 22.201193
176.105 0.418977 -2.309415 -0.627356 22.207187
176.206 0.431487 -2.317149 -0.501693 22.221894
176.306 0.445914 -2.323848 -0.391737 22.237801
176.407 0.453285 -2.326584 -0.337632 22.245663
176.505 0.468645 -2.330941 -0.229596 22.261629
176.605 0.488602 -2.324948 -0.092926 22.282466
176.705 0.508594 -2.259755 0.112092 22.350655
176.805 0.523153 -2.257485 0.174924 22.365390
176.905 0.540449 -2.253899 0.227284 22.383054
177.005 0.554566 -2.250345 0.263936 22.397612
177.118 0.550176 -2.262791 0.278459 22.410810
177.205 0.541188 -2.282700 0.306223 22.432654
177.305 0.557531 -2.277115 0.348110 22.449925
177.405 0.565311 -2.274199 0.365564 22.458233
177.505 0.581814 -2.267606 0.389998 22.476005
177.605 0.598103 -2.260663 0.409197 22.493712
177.705 0.605808 -2.257253 0.421414 22.502137
177.805 0.620962 -2.250314 0.437122 22.518804
177.905 0.632621 -2.244803 0.445849 22.531701
178.005 0.640531 -2.241014 0.447594 22.540471
178.104 0.655528 -2.233684 0.456321 22.557164
178.205 0.670050 -2.226471 0.463477 22.573379
178.305 0.676886 -2.223045 0.465222 22.581025
178.410 0.685357 -2.218754 0.470807 22.590521
178.505 0.704598 -2.208838 0.478137 22.612167
178.605 0.711969 -2.204996 0.481803 22.620479
178.704 0.725443 -2.197899 0.487213 22.635707
178.805 0.736162 -2.192190 0.490878 22.647852
178.905 0.745085 -2.187395 0.494544 22.657982
179.005 0.760142 -2.179233 0.498209 22.675108
179.105 0.766604 -2.175718 0.498209 22.682465
179.204 0.779099 -2.168905 0.500129 22.696697
179.304 0.790667 -2.162594 0.498209 22.709874
179.404 0.800037 -2.157464 0.500129 22.720557
179.505 0.813615 -2.150043 0.500129 22.736030
179.605 0.822887 -2.144965 0.501874 22.746602
179.705 0.837047 -2.137211 0.501874 22.762746
179.805 0.849283 -2.130502 0.501874 22.776700
179.905 0.857869 -2.125791 0.501874 22.786494
180.005 0.869610 -2.119348 0.501874 22.799887
180.104 0.880025 -2.113622 0.503794 22.811772
180.205 0.889377 -2.108444 0.507459 22.822462
180.305 0.938739 -2.085357 0.474670 22.876955
180.405 0.955091 -2.076871 0.486135 22.895379
180.504 0.963716 -2.072189 0.498178 22.905192
180.605 0.979287 -2.063513 0.512664 22.923017
180.705 0.988697 -2.058189 0.516329 22.933829
180.805 1.002753 -2.050106 0.527325 22.950043
180.905 1.015336 -2.042749 0.530990 22.964619
181.005 1.025632 -2.036635 0.536401 22.976594
181.105 1.037765 -2.029362 0.541811 22.990740
181.205 1.051701 -2.020896 0.548967 23.007046
181.305 1.061162 -2.015073 0.552632 23.018156
181.404 1.076211 -2.005724 0.558043 23.035872
181.505 1.088250 -1.997821 0.592949 23.050273
181.606 1.098228 -1.990833 0.622794 23.062455
181.705 1.110405 -1.981729 0.647229 23.077659
181.805 1.123609 -1.971663 0.654559 23.094262
181.905 1.132817 -1.964578 0.656305 23.105880
182.005 1.143358 -1.956396 0.661890 23.119224
182.105 1.156780 -1.945419 0.705348 23.136563
182.205 1.165875 -1.937385 0.735019 23.148698
182.305 1.176810 -1.927138 0.766435 23.163684
182.405 1.188862 -1.915051 0.798025 23.180753
182.505 1.196501 -1.907230 0.796280 23.191686
182.605 1.207892 -1.895709 0.785459 23.207887
182.705 1.217795 -1.885685 0.794186 23.221977
182.805 1.226099 -1.877202 0.797851 23.233849
182.905 1.236412 -1.866591 0.801516 23.248646
183.005 1.249067 -1.853849 0.782143 23.266604
183.105 1.257451 -1.845680 0.768180 23.278310
183.205 1.267524 -1.836106 0.750553 23.292206
183.305 1.279976 -1.824906 0.724198 23.308955
183.405 1.289053 -1.817130 0.703254 23.320907
183.505 1.237272 -1.708356 0.808438 23.441377
183.605 1.246787 -1.698256 0.821005 23.455252
183.705 1.256741 -1.687596 0.819259 23.469838
183.805 1.264708 -1.679094 0.817340 23.481490
183.905 1.272849 -1.670416 0.817340 23.493388
184.004 1.286075 -1.656316 0.817340 23.512720
184.105 1.292121 -1.649855 0.819259 23.521568
184.205 1.306435 -1.634484 0.822925 23.542573
184.305 1.314406 -1.625868 0.824670 23.554311
184.404 1.322274 -1.617317 0.828335 23.565930
184.506 1.336594 -1.601668 0.830255 23.587142
184.609 1.344334 -1.593163 0.832000 23.598642
184.706 1.352243 -1.584431 0.835666 23.610423
184.805 1.365828 -1.569407 0.835666 23.630679
184.905 1.373713 -1.560686 0.835666 23.642436
185.005 1.381801 -1.551716 0.837585 23.654514
185.105 1.395736 -1.536237 0.837585 23.675341
185.216 1.403786 -1.527317 0.835666 23.687357
185.305 1.415985 -1.513847 0.832000 23.705529
185.405 1.424016 -1.504996 0.833920 23.717481
185.505 1.431989 -1.496209 0.833920 23.729346
185.606 1.442334 -1.485157 0.783131 23.744484
185.710 1.444910 -1.482748 0.725535 23.748011
185.805 1.447114 -1.480946 0.655722 23.750858
185.905 1.450121 -1.478863 0.568456 23.754516
186.005 1.448431 -1.479733 0.439301 23.756416
186.104 1.446292 -1.480607 0.353780 23.758727
186.205 1.450424 -1.479674 0.205427 23.762963
186.305 1.455615 -1.478876 0.123397 23.768215
186.405 1.464464 -1.478283 0.037876 23.777084
186.505 1.481908 -1.479119 -0.108732 23.794548
186.607 1.480137 -1.470899 -0.174709 23.802957
186.705 1.444547 -1.427252 -0.305343 23.859275
186.805 1.462786 -1.434407 -0.422280 23.878867
186.905 1.472290 -1.439096 -0.481796 23.889465
187.005 1.481473 -1.444319 -0.539217 23.900029
187.105 1.489634 -1.441753 -0.598562 23.908584
187.208 1.498793 -1.448437 -0.647432 23.919922
187.305 1.512479 -1.459752 -0.720735 23.937681
187.405 1.521105 -1.467791 -0.766114 23.949471
187.505 1.530722 -1.477638 -0.820394 23.963236
187.605 1.541830 -1.490446 -0.883051 23.980190
187.705 1.642737 -1.502639 -0.937877 24.081831
187.805 1.650958 -1.514509 -0.979764 24.096269
187.907 1.660428 -1.529142 -1.009435 24.113699
188.005 1.666485 -1.539001 -1.025143 24.125270
188.105 1.674227 -1.551984 -1.039106 24.140387
188.205 1.682753 -1.566837 -1.061795 24.157513
188.305 1.687895 -1.576259 -1.074012 24.168246
188.405 1.695970 -1.591427 -1.082739 24.185430
188.505 1.702799 -1.604355 -1.086230 24.200051
188.605 1.707846 -1.613961 -1.087975 24.210902
188.706 1.712714 -1.623277 -1.089720 24.221413
188.805 1.721745 -1.640602 -1.091465 24.240950
188.905 1.726847 -1.650419 -1.091465 24.252015
189.005 1.732198 -1.660758 -1.093211 24.263656
189.105 1.741137 -1.678190 -1.108919 24.283247
189.205 1.744827 -1.685659 -1.117645 24.291577
189.307 1.750114 -1.696919 -1.143825 24.304016
189.405 1.754668 -1.707231 -1.161279 24.315290
189.505 1.759238 -1.717889 -1.168260 24.326886
189.606 1.766618 -1.736036 -1.192695 24.346476
189.705 1.770553 -1.746188 -1.204912 24.357364
189.805 1.788198 -1.749072 -1.230223 24.375243
189.905 1.825082 -1.750965 -1.281580 24.412175
190.005 1.828284 -1.761958 -1.292052 24.423625
190.106 1.831176 -1.772493 -1.306014 24.434550
190.205 1.836205 -1.791510 -1.316486 24.454221
190.305 1.839105 -1.802709 -1.316486 24.465788
190.405 1.841743 -1.812765 -1.312996 24.476185
190.505 1.846801 -1.832536 -1.328704 24.496593
190.605 1.849495 -1.843875 -1.340921 24.508247
190.705 1.852155 -1.855465 -1.335685 24.520139
190.804 1.857301 -1.875800 -1.312996 24.541115
190.905 1.860256 -1.886727 -1.300778 24.552434
191.005 1.863343 -1.897240 -1.276344 24.563391
191.105 1.867391 -1.909901 -1.251909 24.576684
191.205 1.872909 -1.925444 -1.217003 24.593177
191.305 1.876845 -1.935581 -1.187332 24.604051
191.405 1.884938 -1.953290 -1.107047 24.623522
191.505 1.890157 -1.963108 -1.068650 24.634640
191.605 1.895362 -1.972135 -1.033743 24.645061
191.709 1.905767 -1.988314 -0.979638 24.664297
191.812 1.912604 -1.998065 -0.946476 24.676206
191.906 1.919724 -2.007579 -0.915061 24.688089
192.005 1.930823 -2.022229 -0.927278 24.706469
192.105 1.937383 -2.031014 -0.930769 24.717433
192.205 1.949457 -2.047230 -0.930769 24.737649
192.305 1.955920 -2.055817 -0.913315 24.748398
192.405 2.014213 -2.046698 -0.850841 24.807399
192.505 2.026825 -2.060241 -0.801972 24.825906
192.605 2.036623 -2.069884 -0.760084 24.839653
192.705 2.045156 -2.077662 -0.730413 24.851199
192.805 2.056257 -2.087225 -0.695681 24.865850
192.905 2.070096 -2.098268 -0.662520 24.883556
193.005 2.079275 -2.105187 -0.636340 24.895051
193.108 2.093382 -2.115306 -0.610160 24.912412
193.205 2.104270 -2.122714 -0.589042 24.925581
193.305 2.113623 -2.128786 -0.568098 24.936732
193.405 2.125062 -2.135959 -0.552215 24.950233
193.507 2.134861 -2.141908 -0.552215 24.961697
193.605 2.149734 -2.151456 -0.583457 24.979371
193.705 2.161470 -2.159509 -0.606146 24.993604
193.806 2.171018 -2.166141 -0.608066 25.005230
193.905 2.185429 -2.176288 -0.616792 25.022854
194.005 2.197350 -2.184773 -0.620458 25.037487
194.105 2.211630 -2.195080 -0.632849 25.055098
194.205 2.220452 -2.201575 -0.638260 25.066053
194.305 2.231195 -2.209648 -0.647336 25.079491
194.405 2.240701 -2.216890 -0.652921 25.091442
194.505 2.254365 -2.227746 -0.693063 25.108893
194.605 2.267276 -2.239042 -0.738442 25.126048
194.705 2.274115 -2.245474 -0.762876 25.135436
194.804 2.286338 -2.257463 -0.780330 25.152558
194.905 2.335367 -2.275726 -0.887030 25.204878
195.004 2.350867 -2.284003 -0.928715 25.222449
195.105 2.361374 -2.298105 -0.925224 25.240035
195.205 2.372543 -2.312457 -0.900789 25.258221
195.305 2.378064 -2.319209 -0.876355 25.266943
195.405 2.391563 -2.334583 -0.827311 25.287402
195.505 2.399895 -2.343267 -0.790659 25.299437
195.605 2.408528 -2.351601 -0.752436 25.311436
195.705 2.423357 -2.364567 -0.699728 25.331134
195.805 2.430835 -2.370684 -0.673548 25.340795
195.905 2.437625 -2.375931 -0.647193 25.349376
196.005 2.453516 -2.387293 -0.600069 25.368912
196.105 2.463204 -2.393862 -0.605305 25.380617
196.205 2.470769 -2.399202 -0.619442 25.389877
196.305 2.484397 -2.409285 -0.631834 25.406830
196.406 2.493252 -2.415723 -0.624678 25.417777
196.505 2.505104 -2.424170 -0.612112 25.432331
196.605 2.519137 -2.433959 -0.606702 25.449441
196.705 2.528700 -2.440584 -0.604782 25.461075
196.805 2.538534 -2.447381 -0.604782 25.473030
196.904 2.591268 -2.400156 -0.553816 25.543819
197.006 2.601497 -2.406468 -0.553816 25.555838
197.105 2.611839 -2.412832 -0.550151 25.567981
197.205 2.629855 -2.423863 -0.550151 25.589106
197.305 2.640106 -2.430196 -0.563939 25.601156
197.405 2.648582 -2.435715 -0.581567 25.611270
197.505 2.663225 -2.446009 -0.633927 25.629169
197.606 2.671934 -2.452700 -0.668833 25.640152
197.705 2.680566 -2.459829 -0.703740 25.651347
197.805 2.690432 -2.468633 -0.747373 25.664570
197.905 2.700566 -2.478551 -0.791006 25.678750
198.005 2.707078 -2.485370 -0.818932 25.688179
198.105 2.714900 -2.494109 -0.857329 25.699907
198.205 2.722673 -2.503569 -0.904453 25.712151
198.305 2.727685 -2.510166 -0.928887 25.720436
198.405 2.733093 -2.517805 -0.970775 25.729795
198.506 2.739584 -2.527861 -1.012663 25.741764
198.606 2.743997 -2.535207 -1.040589 25.750334
198.709 2.747820 -2.542002 -1.065023 25.758131
198.808 2.750103 -2.546113 -1.063278 25.762833
198.905 2.750007 -2.545941 -1.063278 25.763031
199.005 2.749939 -2.545818 -1.063278 25.763171
199.104 2.750246 -2.546365 -1.059787 25.763798
199.207 2.753843 -2.552326 -1.012663 25.770760
199.305 2.809166 -2.525667 -0.912168 25.832171
199.405 2.814335 -2.532276 -0.903442 25.840562
199.505 2.819909 -2.539223 -0.891224 25.849469
199.605 2.829227 -2.550686 -0.887734 25.864242
199.704 2.833113 -2.555486 -0.891224 25.870417
199.805 2.834377 -2.557051 -0.891224 25.872429
199.905 2.834201 -2.556833 -0.891224 25.872709
200.005 2.834189 -2.556817 -0.891224 25.872729
200.105 2.834164 -2.556786 -0.892970 25.872769
200.205 2.834101 -2.556708 -0.892970 25.872869
200.305 2.834013 -2.556599 -0.894715 25.873009
200.405 2.833938 -2.556505 -0.894715 25.873130
200.505 2.833926 -2.556490 -0.896460 25.873149
200.605 2.833975 -2.556552 -0.898206 25.873229
200.705 2.833950 -2.556521 -0.898206 25.873269
200.805 2.833988 -2.556568 -0.899951 25.873329
200.905 2.834025 -2.556616 -0.901696 25.873390
201.005 2.834013 -2.556600 -0.903442 25.873411
201.105 2.833913 -2.556474 -0.901696 25.873571
201.207 2.834494 -2.557208 -0.901696 25.874508
201.305 2.838152 -2.561834 -0.901696 25.880405
201.405 2.845806 -2.571513 -0.901696 25.892744
201.505 2.850848 -2.577889 -0.901696 25.900874
201.604 2.858154 -2.587128 -0.901696 25.912653
201.705 2.864430 -2.595052 -0.899951 25.922761
201.807 2.869079 -2.600926 -0.901696 25.930251
201.906 2.875273 -2.608759 -0.901696 25.940237
202.008 2.882739 -2.618200 -0.901696 25.952274
202.105 2.887520 -2.624246 -0.901696 25.959982
202.206 2.892181 -2.630130 -0.901696 25.967489
202.305 2.901448 -2.641836 -0.899951 25.982419
202.407 2.932189 -2.645065 -0.914473 26.013329
202.504 2.939125 -2.654044 -0.912727 26.024675
202.605 2.942191 -2.658000 -0.910982 26.029680
202.705 2.942697 -2.658655 -0.912727 26.030507
202.813 2.942648 -2.658591 -0.912727 26.030587
202.912 2.942648 -2.658591 -0.912727 26.030587
203.005 2.942648 -2.658591 -0.912727 26.030587
203.105 2.942648 -2.658591 -0.912727 26.030587
203.205 2.942648 -2.658591 -0.912727 26.030587
203.305 2.942574 -2.658496 -0.912727 26.030708
203.404 2.942574 -2.658496 -0.912727 26.030708
203.505 2.942648 -2.658591 -0.912727 26.030828
203.605 2.942648 -2.658591 -0.912727 26.030828
203.705 2.942648 -2.658591 -0.912727 26.030828
203.804 2.942660 -2.658607 -0.912727 26.030848
203.905 2.942660 -2.658607 -0.912727 26.030848
204.007 2.942660 -2.658607 -0.912727 26.030848
204.105 2.942634 -2.658574 -0.912727 26.030890
204.205 2.942634 -2.658574 -0.912727 26.030890
204.304 2.942634 -2.658574 -0.912727 26.030890
204.405 2.942634 -2.658574 -0.912727 26.030890
204.505 2.942634 -2.658574 -0.912727 26.030890
204.604 2.942634 -2.658574 -0.912727 26.030890
204.704 2.942634 -2.658574 -0.912727 26.030890
204.805 2.942634 -2.658574 -0.912727 26.030890
204.905 2.942634 -2.658574 -0.912727 26.030890
205.004 2.942634 -2.658574 -0.912727 26.030890
205.104 2.942634 -2.658574 -0.912727 26.030890
205.205 2.942634 -2.658574 -0.912727 26.030890
205.305 2.942634 -2.658574 -0.912727 26.030890
205.405 2.942634 -2.658574 -0.912727 26.030890
205.505 2.942638 -2.647633 -0.908313 26.041831
205.605 2.942638 -2.647633 -0.908313 26.041831
205.705 2.942638 -2.647633 -0.908313 26.041831
205.805 2.942638 -2.647633 -0.908313 26.041831
205.905 2.942638 -2.647633 -0.908313 26.041831
206.004 2.942638 -2.647633 -0.908313 26.041831
206.105 2.942638 -2.647633 -0.908313 26.041831
206.204 2.942638 -2.647633 -0.908313 26.041831
206.305 2.942638 -2.647633 -0.908313 26.041831
206.404 2.942638 -2.647633 -0.908313 26.041831
206.505 2.942638 -2.647633 -0.908313 26.041831
206.604 2.942638 -2.647633 -0.908313 26.041831
206.704 2.942638 -2.647633 -0.908313 26.041831
206.804 2.942638 -2.647633 -0.908313 26.041831
206.908 2.942638 -2.647633 -0.908313 26.041831
207.004 2.942638 -2.647633 -0.908313 26.041831
207.105 2.942638 -2.647633 -0.908313 26.041831
207.205 2.942638 -2.647633 -0.908313 26.041831
207.305 2.942638 -2.647633 -0.908313 26.041831
207.404 2.942638 -2.647633 -0.908313 26.041831
207.504 2.942638 -2.647633 -0.908313 26.041831
207.604 2.942638 -2.647633 -0.908313 26.041831
207.705 2.942638 -2.647633 -0.908313 26.041831
207.804 2.942638 -2.647633 -0.908313 26.041831
207.905 2.942638 -2.647633 -0.908313 26.041831
208.004 2.942638 -2.647633 -0.908313 26.041831
208.105 2.942638 -2.647633 -0.908313 26.041831
208.204 2.942638 -2.647633 -0.908313 26.041831
208.305 2.942638 -2.647633 -0.908313 26.041831
208.405 2.942638 -2.647633 -0.908313 26.041831
208.505 2.943942 -2.647836 -0.905188 26.043150
208.605 2.943942 -2.647836 -0.905188 26.043150
208.705 2.943942 -2.647836 -0.905188 26.043150
208.804 2.943942 -2.647836 -0.905188 26.043150
208.904 2.943942 -2.647836 -0.905188 26.043150
209.004 2.943942 -2.647836 -0.905188 26.043150
209.104 2.943942 -2.647836 -0.905188 26.043150
209.204 2.943942 -2.647836 -0.905188 26.043150
209.305 2.943955 -2.647851 -0.905188 26.043170
209.404 2.943955 -2.647851 -0.905188 26.043170
209.505 2.943942 -2.647835 -0.905188 26.043191
209.604 2.943954 -2.647851 -0.905188 26.043210
209.705 2.943954 -2.647851 -0.905188 26.043210
209.804 2.943954 -2.647851 -0.905188 26.043210
209.904 2.943954 -2.647851 -0.905188 26.043210
210.004 2.943954 -2.647851 -0.905188 26.043210
210.104 2.943954 -2.647851 -0.905188 26.043210
210.204 2.943954 -2.647851 -0.905188 26.043210
210.305 2.943954 -2.647851 -0.905188 26.043210
210.404 2.943954 -2.647851 -0.905188 26.043210
210.505 2.943954 -2.647851 -0.905188 26.043210
210.604 2.943954 -2.647851 -0.905188 26.043210
210.705 2.943954 -2.647851 -0.905188 26.043210
210.804 2.943954 -2.647851 -0.905188 26.043210
210.905 2.943954 -2.647851 -0.905188 26.043210
211.004 2.943954 -2.647851 -0.905188 26.043210
211.105 2.943954 -2.647851 -0.905188 26.043210
211.205 2.943954 -2.647851 -0.905188 26.043210
211.304 2.943954 -2.647851 -0.905188 26.043210
211.404 2.943954 -2.647851 -0.905188 26.043210
211.504 2.943954 -2.647851 -0.905188 26.043210
211.604 2.944082 -2.646187 -0.906750 26.044880
211.704 2.944082 -2.646187 -0.906750 26.044880
211.804 2.944082 -2.646187 -0.906750 26.044880
211.905 2.944082 -2.646187 -0.906750 26.044880
212.004 2.944082 -2.646187 -0.906750 26.044880
212.105 2.944082 -2.646187 -0.906750 26.044880
212.205 2.944082 -2.646187 -0.906750 26.044880
212.304 2.944082 -2.646187 -0.906750 26.044880
212.404 2.944082 -2.646187 -0.906750 26.044880
212.505 2.944082 -2.646187 -0.906750 26.044880
212.604 2.944082 -2.646187 -0.906750 26.044880
212.704 2.944082 -2.646187 -0.906750 26.044880
212.805 2.944082 -2.646187 -0.906750 26.044880
212.905 2.944082 -2.646187 -0.906750 26.044880
213.005 2.944082 -2.646187 -0.906750 26.044880
213.105 2.944082 -2.646187 -0.906750 26.044880
213.204 2.944082 -2.646187 -0.906750 26.044880
213.305 2.944082 -2.646187 -0.906750 26.044880
213.405 2.944082 -2.646187 -0.906750 26.044880
213.505 2.944082 -2.646187 -0.906750 26.044880
213.605 2.944082 -2.646187 -0.906750 26.044880
213.705 2.944082 -2.646187 -0.906750 26.044880
213.804 2.944094 -2.646202 -0.906750 26.044899
213.905 2.944094 -2.646202 -0.906750 26.044899
214.004 2.944094 -2.646202 -0.906750 26.044899
214.105 2.944094 -2.646202 -0.906750 26.044899
214.205 2.944094 -2.646202 -0.906750 26.044899
214.305 2.944094 -2.646202 -0.906750 26.044899
214.405 2.944094 -2.646202 -0.906750 26.044899
214.506 2.944094 -2.646202 -0.906750 26.044899
214.609 2.944094 -2.646202 -0.906750 26.044899
214.705 2.945528 -2.646305 -0.905184 26.046337
214.805 2.945528 -2.646305 -0.905184 26.046337
214.905 2.945528 -2.646305 -0.905184 26.046337
215.005 2.945528 -2.646305 -0.905184 26.046337
215.105 2.945528 -2.646305 -0.905184 26.046337
215.205 2.945528 -2.646305 -0.905184 26.046337
215.305 2.945528 -2.646305 -0.905184 26.046337
215.404 2.945528 -2.646305 -0.905184 26.046337
215.505 2.945528 -2.646305 -0.905184 26.046337
215.604 2.945528 -2.646305 -0.905184 26.046337
