# t_sec x y yaw_rad cum_dist_m
0.104 0.009375 0.002961 0.001562 0.000000
0.202 0.009375 0.002961 0.001562 0.000000
0.304 0.009375 0.002961 0.001562 0.000000
0.402 0.009375 0.002961 0.001562 0.000000
0.502 0.009375 0.002961 0.001562 0.000000
0.602 0.009375 0.002961 0.001562 0.000000
0.703 0.009375 0.002961 0.001562 0.000000
0.802 0.009375 0.002961 0.001562 0.000000
0.903 0.009375 0.002961 0.001562 0.000000
1.002 0.009375 0.002961 0.001562 0.000000
1.102 0.009375 0.002961 0.001562 0.000000
1.204 0.009375 0.002961 0.001562 0.000000
1.302 0.009375 0.002961 0.001562 0.000000
1.402 0.009375 0.002961 0.001562 0.000000
1.502 0.009375 0.002961 0.001562 0.000000
1.602 0.009375 0.002961 0.001562 0.000000
1.702 0.009375 0.002961 0.001562 0.000000
1.802 0.009375 0.002961 0.001562 0.000000
1.903 0.001563 0.001398 0.001563 0.007967
2.004 0.001563 0.001398 0.001563 0.007967
2.102 0.001563 0.001398 0.001563 0.007967
2.202 0.001563 0.001398 0.001563 0.007967
2.302 0.001563 0.001398 0.001563 0.007967
2.403 0.001473 0.001398 0.008544 0.008057
2.502 0.001378 0.001394 0.034724 0.008152
2.602 0.001099 0.001381 0.055668 0.008431
2.702 0.001557 0.001419 0.085338 0.008890
2.802 0.001537 0.001415 0.123736 0.008911
2.911 0.001378 0.001405 0.170859 0.009070
3.002 0.001928 0.001506 0.198785 0.009629
3.102 0.001381 0.001386 0.224965 0.010189
3.202 0.001549 0.001435 0.266853 0.010364
3.303 0.001646 0.001462 0.300014 0.010464
3.402 0.001361 0.001369 0.324448 0.010764
3.502 0.001472 0.001411 0.366336 0.010882
3.602 0.001249 0.001318 0.401243 0.011124
3.702 0.001397 0.001386 0.429168 0.011286
3.802 0.001884 0.001618 0.465995 0.011825
3.902 0.001394 0.001353 0.507708 0.012383
4.002 0.001406 0.001363 0.537379 0.012399
4.102 0.001675 0.001527 0.560242 0.012714
4.202 0.001440 0.001374 0.610682 0.012995
4.302 0.001553 0.001456 0.638782 0.013135
4.402 0.001601 0.001494 0.664962 0.013197
4.502 0.020164 0.014163 0.720385 0.035671
4.602 0.051189 0.035315 0.752000 0.073220
4.702 0.051432 0.035552 0.774863 0.073560
4.802 0.051091 0.035185 0.820242 0.074060
4.906 0.050909 0.034984 0.853403 0.074331
5.002 0.051420 0.035591 0.881329 0.075124
5.105 0.051345 0.035489 0.926882 0.075251
5.202 0.051405 0.035576 0.956378 0.075357
5.302 0.051231 0.035316 0.982558 0.075670
5.406 0.051197 0.035277 1.027936 0.075722
5.502 0.051351 0.035540 1.057607 0.076028
5.603 0.051166 0.035189 1.099495 0.076425
5.702 0.051237 0.035348 1.137892 0.076599
5.802 0.051249 0.035370 1.157091 0.076623
5.917 0.051022 0.034817 1.195488 0.077221
6.002 0.051084 0.034983 1.221668 0.077398
6.103 0.060224 0.031260 1.274162 0.087267
6.202 0.073971 0.025514 1.307617 0.102167
6.302 0.073962 0.025442 1.351250 0.102239
6.403 0.073925 0.025268 1.379175 0.102418
6.502 0.073926 0.025285 1.407101 0.102435
6.602 0.073865 0.024768 1.461206 0.102957
6.702 0.073877 0.024908 1.485640 0.103098
6.802 0.073901 0.025263 1.511820 0.103453
6.912 0.073902 0.025235 1.553708 0.103481
7.003 0.073905 0.024854 1.597341 0.103862
7.103 0.073906 0.024815 1.618285 0.103902
7.203 0.073881 0.025156 1.668900 0.104243
7.303 0.073905 0.024961 1.693335 0.104440
7.402 0.073944 0.024682 1.724750 0.104721
7.505 0.071773 0.016136 1.783456 0.113538
7.603 0.071827 0.015904 1.807890 0.113777
7.702 0.071949 0.015420 1.832325 0.114275
7.802 0.071647 0.016456 1.874213 0.115354
7.902 0.071960 0.015571 1.917846 0.116293
8.002 0.071772 0.016049 1.945946 0.116806
8.102 0.071725 0.016166 1.975617 0.116933
8.207 0.071836 0.015911 2.017679 0.117212
8.307 0.071758 0.016071 2.036703 0.117390
8.403 0.071884 0.015844 2.085572 0.117649
8.502 0.071740 0.016084 2.115243 0.117929
8.602 0.071526 0.016426 2.143168 0.118333
8.702 0.071975 0.015766 2.188547 0.119131
8.803 0.071738 0.016089 2.216472 0.119532
8.914 0.071746 0.016082 2.260105 0.119542
9.008 0.071795 0.016023 2.291521 0.119620
9.102 0.075297 0.024096 2.328254 0.128420
9.202 0.075397 0.023993 2.357925 0.128563
9.302 0.075423 0.023969 2.408540 0.128599
9.402 0.075409 0.023979 2.434720 0.128617
9.502 0.075378 0.024005 2.457409 0.128657
9.611 0.075520 0.023908 2.504533 0.128828
9.704 0.075750 0.023742 2.532458 0.129112
9.802 0.075187 0.024121 2.560383 0.129791
9.902 0.075121 0.024167 2.588309 0.129871
10.002 0.075655 0.023853 2.621470 0.130490
10.102 0.075139 0.024124 2.663532 0.131073
10.202 0.075088 0.024151 2.684651 0.131131
10.302 0.075831 0.023803 2.715892 0.131952
10.402 0.074875 0.024210 2.752544 0.132991
10.502 0.075192 0.024086 2.780469 0.133331
10.602 0.077007 0.023899 2.817497 0.135156
10.703 0.109129 0.022708 2.827303 0.167300
10.807 0.109281 0.022660 2.843011 0.167459
10.902 0.108655 0.022827 2.886644 0.168107
11.003 0.109051 0.022736 2.916315 0.168513
11.117 0.109047 0.022719 2.966929 0.168530
11.202 0.108733 0.022771 2.996600 0.168848
11.302 0.109070 0.022726 3.019289 0.169188
11.402 0.109011 0.022730 3.062922 0.169248
11.502 0.108839 0.022740 3.103065 0.169420
11.602 0.108879 0.022739 3.124009 0.169461
11.702 0.109094 0.022739 -3.119034 0.169676
11.802 0.109074 0.022732 -3.077146 0.169698
11.902 0.108954 0.022723 -3.052711 0.169818
12.002 0.109321 0.022764 -3.014314 0.170187
12.102 0.109221 0.022751 -2.974346 0.170287
12.202 0.109300 0.022766 -2.951482 0.170367
12.302 0.130026 0.012685 -2.895936 0.193415
12.402 0.130199 0.012734 -2.864346 0.193594
12.505 0.130525 0.012831 -2.834675 0.193934
12.602 0.129655 0.012534 -2.794533 0.194853
12.702 0.130342 0.012807 -2.756135 0.195593
12.802 0.130298 0.012786 -2.728210 0.195642
12.902 0.129945 0.012620 -2.686322 0.196032
13.002 0.130435 0.012871 -2.653161 0.196582
13.102 0.130104 0.012688 -2.611273 0.196960
13.202 0.130513 0.012936 -2.585093 0.197439
13.302 0.130191 0.012722 -2.553677 0.197826
13.402 0.130025 0.012613 -2.515280 0.198024
13.502 0.130470 0.012947 -2.478628 0.198581
13.604 0.130141 0.012678 -2.450703 0.199007
13.702 0.121172 0.016908 -2.399319 0.208924
13.802 0.113839 0.020265 -2.374893 0.216988
13.902 0.113584 0.020011 -2.345223 0.217348
14.002 0.113419 0.019836 -2.299844 0.217588
14.105 0.113519 0.019953 -2.266683 0.217742
14.203 0.113783 0.020279 -2.242248 0.218161
14.302 0.113724 0.020196 -2.203851 0.218262
14.402 0.113655 0.020111 -2.161963 0.218372
14.502 0.113845 0.020406 -2.134038 0.218723
14.602 0.113613 0.020015 -2.097386 0.219177
14.702 0.113564 0.019927 -2.053753 0.219277
14.802 0.113510 0.019818 -2.027573 0.219399
14.902 0.113627 0.020071 -2.001393 0.219678
15.002 0.113613 0.020020 -1.950778 0.219732
15.102 0.113512 0.019758 -1.924599 0.220013
15.202 0.113699 0.020307 -1.882885 0.220593
15.302 0.089406 0.056932 -1.847488 0.264542
15.402 0.089421 0.056991 -1.823228 0.264603
15.505 0.089509 0.057381 -1.781340 0.265003
15.605 0.089548 0.057566 -1.749749 0.265192
15.702 0.089510 0.057329 -1.721824 0.265432
15.802 0.089507 0.057307 -1.679762 0.265454
15.902 0.089475 0.056949 -1.644855 0.265813
16.002 0.089481 0.057049 -1.616755 0.265912
16.102 0.089495 0.057517 -1.573122 0.266381
16.202 0.089495 0.057498 -1.541706 0.266401
16.302 0.089481 0.057816 -1.517271 0.266720
16.402 0.089519 0.057290 -1.477129 0.267248
16.502 0.089490 0.057529 -1.438732 0.267490
16.604 0.089472 0.057661 -1.414297 0.267622
16.702 0.052827 0.053070 -1.338372 0.304553
16.802 0.052805 0.053172 -1.303465 0.304658
16.907 0.052820 0.053105 -1.277285 0.304726
17.003 0.052792 0.053194 -1.249360 0.304819
17.105 0.052848 0.053043 -1.203981 0.304981
17.202 0.052788 0.053191 -1.177801 0.305140
17.302 0.052768 0.053248 -1.139404 0.305201
17.402 0.053022 0.052723 -1.102752 0.305784
17.503 0.052774 0.053194 -1.080063 0.306315
17.602 0.052741 0.053269 -1.036430 0.306398
17.708 0.052853 0.053079 -1.005014 0.306618
17.805 0.052585 0.053488 -0.980579 0.307107
17.903 0.052872 0.053085 -0.940437 0.307602
18.003 0.052751 0.053244 -0.917747 0.307802
18.102 0.052965 0.053003 -0.867133 0.308125
18.202 0.052850 0.053132 -0.844444 0.308298
18.302 0.052447 0.053569 -0.816518 0.308892
18.402 0.032986 0.050147 -0.764646 0.328652
18.502 0.006981 0.046860 -0.692162 0.354864
18.602 0.006450 0.047285 -0.662491 0.355544
18.703 0.006944 0.046915 -0.629155 0.356161
18.802 0.007028 0.046853 -0.582031 0.356266
18.902 0.007096 0.046810 -0.557597 0.356346
19.002 0.006902 0.046928 -0.529497 0.356574
19.102 0.007096 0.046823 -0.482373 0.356794
19.202 0.006773 0.046983 -0.454448 0.357154
19.302 0.006554 0.047087 -0.430013 0.357396
19.402 0.006905 0.046944 -0.384635 0.357776
19.502 0.007709 0.046632 -0.356709 0.358638
19.602 0.007358 0.046756 -0.335591 0.359011
19.708 0.006885 0.046926 -0.288467 0.359514
19.812 0.007079 0.046869 -0.260542 0.359717
19.902 0.006693 0.046966 -0.230871 0.360116
20.003 0.003645 0.041960 -0.188969 0.365978
20.103 -0.005509 0.030640 -0.148398 0.380535
20.203 -0.005143 0.030601 -0.104765 0.380903
20.302 -0.005337 0.030609 -0.068113 0.381098
20.419 -0.004965 0.030603 -0.031461 0.381470
20.502 -0.004595 0.030594 -0.020989 0.381840
20.602 -0.005554 0.030575 0.029626 0.382799
20.702 -0.005117 0.030598 0.055806 0.383237
20.802 -0.004594 0.030634 0.087221 0.383761
20.902 -0.005416 0.030549 0.106420 0.384588
21.016 -0.005456 0.030544 0.106420 0.384628
21.102 -0.005456 0.030544 0.106420 0.384628
21.202 -0.005456 0.030544 0.106420 0.384628
21.302 -0.005456 0.030544 0.106420 0.384628
21.402 -0.005456 0.030544 0.106420 0.384628
21.504 -0.005456 0.030544 0.106420 0.384628
21.602 -0.005456 0.030544 0.106420 0.384628
21.702 -0.005456 0.030544 0.106420 0.384628
21.802 -0.005456 0.030544 0.106420 0.384628
21.903 -0.005456 0.030544 0.106420 0.384628
22.003 -0.005456 0.030544 0.106420 0.384628
22.102 -0.005456 0.030544 0.106420 0.384628
22.206 -0.005456 0.030544 0.106420 0.384628
22.302 -0.004720 0.030623 0.106420 0.385368
22.402 0.004515 0.031552 0.095948 0.394650
22.503 0.015315 0.032592 0.095948 0.405500
22.602 0.023914 0.033419 0.095948 0.414139
22.702 0.033326 0.034325 0.095948 0.423594
22.803 0.051922 0.036124 0.097693 0.442277
22.902 0.062401 0.037151 0.097693 0.452806
23.003 0.073857 0.038274 0.097693 0.464317
23.102 0.117272 0.032826 0.102462 0.508072
23.218 0.180075 0.019866 0.106705 0.572199
23.302 0.185669 0.020466 0.106705 0.577824
23.404 0.206347 0.022680 0.106705 0.598621
23.502 0.217094 0.023832 0.106705 0.609430
23.602 0.227523 0.024949 0.106705 0.619918
23.702 0.246788 0.027032 0.108450 0.639295
23.802 0.258685 0.028327 0.108450 0.651262
23.902 0.270705 0.029636 0.108450 0.663354
24.002 0.291346 0.031852 0.104959 0.684113
24.102 0.302071 0.032982 0.104959 0.694898
24.202 0.314003 0.034223 0.103214 0.706894
24.302 0.333795 0.036287 0.106705 0.726793
24.402 0.345330 0.037564 0.111941 0.738399
24.502 0.356617 0.038863 0.118922 0.749760
24.602 0.375656 0.041138 0.118922 0.768935
24.702 0.387108 0.042506 0.118922 0.780468
24.802 0.398995 0.043905 0.117177 0.792437
24.904 0.419998 0.046378 0.117177 0.813585
25.002 0.431827 0.047749 0.115431 0.825494
25.103 0.443745 0.049131 0.115431 0.837492
25.202 0.462382 0.051306 0.117177 0.856255
25.302 0.473952 0.052699 0.124158 0.867909
25.402 0.485506 0.054191 0.131139 0.879558
25.502 0.506050 0.057038 0.143357 0.900299
25.602 0.517137 0.058674 0.148593 0.911506
25.702 0.528208 0.060371 0.152083 0.922706
25.802 0.548599 0.063459 0.150338 0.943329
25.902 0.559857 0.065165 0.150338 0.954716
26.002 0.574157 0.067316 0.148593 0.969177
26.103 0.591387 0.069851 0.146847 0.986592
26.202 0.603542 0.071648 0.146847 0.998880
26.302 0.617821 0.073760 0.146847 1.013314
26.402 0.597867 0.141296 0.160429 1.083735
26.504 0.614034 0.143737 0.142976 1.100085
26.602 0.628450 0.145642 0.120287 1.114627
26.702 0.639464 0.146822 0.101088 1.125704
26.802 0.652984 0.147970 0.073163 1.139273
26.902 0.668969 0.148955 0.060946 1.155288
27.002 0.680512 0.149659 0.060946 1.166853
27.102 0.691930 0.150336 0.059200 1.178291
27.202 0.711917 0.151520 0.059200 1.198312
27.302 0.723113 0.152194 0.060946 1.209528
27.402 0.734463 0.152867 0.059200 1.220898
27.502 0.754407 0.154049 0.059200 1.240877
27.604 0.766022 0.154737 0.059200 1.252513
27.703 0.778072 0.155451 0.059200 1.264584
27.802 0.798038 0.156635 0.059200 1.284585
27.911 0.810340 0.157385 0.060946 1.296910
28.002 0.822492 0.158143 0.062691 1.309085
28.102 0.837237 0.159074 0.064436 1.323860
28.203 0.855119 0.160238 0.066182 1.341780
28.302 0.866725 0.161046 0.076654 1.353414
28.402 0.887340 0.162829 0.092362 1.374106
28.502 0.899083 0.163922 0.094107 1.385900
28.602 0.911013 0.165048 0.094107 1.397883
28.702 0.929790 0.166849 0.095852 1.416746
28.802 0.940169 0.167851 0.097598 1.427173
28.902 0.950730 0.168885 0.097598 1.437785
29.002 0.970660 0.170862 0.099343 1.457813
29.112 0.982392 0.172047 0.101088 1.469604
29.208 0.994196 0.173244 0.101088 1.481469
29.303 1.014553 0.175355 0.104579 1.501934
29.402 1.028232 0.240474 0.162517 1.568475
29.504 1.039857 0.242401 0.164262 1.580258
29.602 1.060295 0.245820 0.166008 1.600981
29.704 1.072077 0.247741 0.155536 1.612918
29.802 1.083990 0.249525 0.141573 1.624964
29.909 1.104269 0.252219 0.131101 1.645421
30.002 1.115885 0.253740 0.129356 1.657136
30.102 1.127887 0.255301 0.129356 1.669240
30.210 1.145092 0.257564 0.131101 1.686593
30.302 1.156748 0.259097 0.129356 1.698349
30.405 1.177561 0.261788 0.127610 1.719336
30.504 1.188776 0.263222 0.125865 1.730642
30.602 1.200345 0.264681 0.124120 1.742302
30.702 1.215166 0.266531 0.125865 1.757238
30.802 1.231926 0.268864 0.145064 1.774160
30.902 1.243772 0.270595 0.145064 1.786132
31.002 1.264304 0.273584 0.141573 1.806880
31.102 1.275707 0.275168 0.138082 1.818392
31.202 1.287573 0.276791 0.134592 1.830370
31.302 1.304427 0.279063 0.132846 1.847375
31.402 1.316316 0.280646 0.131101 1.859369
31.514 1.336705 0.283320 0.129356 1.879933
31.603 1.348300 0.284817 0.127610 1.891624
31.702 1.360043 0.286308 0.125865 1.903462
31.802 1.371596 0.287760 0.124120 1.915106
31.902 1.391764 0.290276 0.124120 1.935430
32.002 1.403906 0.291769 0.122374 1.947663
32.102 1.424892 0.294090 0.094449 1.968777
32.202 1.436526 0.295050 0.073505 1.980451
32.302 1.448088 0.295708 0.049071 1.992031
32.404 1.463010 0.296122 0.012419 2.006960
32.502 1.492700 0.306279 -0.005714 2.038338
32.602 1.596760 0.376630 -0.072668 2.163948
32.702 1.613188 0.375449 -0.070922 2.180419
32.802 1.624835 0.374637 -0.069177 2.192094
32.902 1.636663 0.373874 -0.060450 2.203947
33.004 1.656102 0.372883 -0.044743 2.223411
33.103 1.668062 0.372352 -0.042997 2.235383
33.202 1.680041 0.371842 -0.041252 2.247372
33.303 1.700307 0.371020 -0.039507 2.267656
33.402 1.712274 0.370563 -0.037761 2.279631
33.505 1.726940 0.370095 -0.029035 2.294305
33.616 1.745186 0.369682 -0.018563 2.312555
33.702 1.756544 0.369538 -0.008091 2.323914
33.802 1.767897 0.369505 -0.001109 2.335268
33.903 1.786934 0.369584 0.004127 2.354304
34.002 1.797325 0.369645 0.005872 2.364695
34.102 1.807907 0.369707 0.005872 2.375277
34.202 1.829120 0.369873 0.009363 2.396491
34.303 1.839887 0.369974 0.009363 2.407258
34.403 1.856192 0.370146 0.011108 2.423565
34.502 1.867008 0.370266 0.011108 2.434381
34.602 1.877681 0.370403 0.012853 2.445055
34.702 1.891076 0.370627 0.025071 2.458452
34.802 1.904792 0.371033 0.032052 2.472174
34.902 1.922825 0.371861 0.052996 2.490226
35.004 1.932742 0.372413 0.058232 2.500159
35.102 1.945833 0.373255 0.073940 2.513276
35.202 1.956031 0.374073 0.084412 2.523507
35.304 1.971229 0.375448 0.093138 2.538767
35.402 1.980301 0.376337 0.103610 2.547883
35.502 1.998402 0.378395 0.121064 2.566101
35.612 2.009983 0.379925 0.136772 2.577782
35.702 2.021122 0.381483 0.140262 2.589029
35.802 2.037865 0.508766 0.346633 2.717409
35.902 2.051572 0.513744 0.350123 2.731991
36.002 2.063188 0.517648 0.309981 2.744246
36.102 2.076803 0.521666 0.266348 2.758442
36.204 2.094238 0.525775 0.205261 2.776354
36.310 2.104901 0.527822 0.187808 2.787212
36.403 2.114594 0.529490 0.161628 2.797047
36.503 2.132908 0.531985 0.116249 2.815530
36.602 2.144390 0.533145 0.090069 2.827071
36.702 2.157867 0.534140 0.069125 2.840585
36.802 2.175915 0.535347 0.062144 2.858672
36.902 2.187240 0.536037 0.060399 2.870019
37.005 2.198764 0.536713 0.058653 2.881562
37.102 2.219325 0.537885 0.055163 2.902157
37.202 2.230763 0.538517 0.055163 2.913613
37.314 2.251413 0.539606 0.048182 2.934291
37.402 2.262753 0.540128 0.044691 2.945643
37.502 2.274339 0.540636 0.042946 2.957240
37.602 2.291866 0.541364 0.039455 2.974782
37.702 2.306503 0.541937 0.037710 2.989430
37.802 2.318573 0.542392 0.037710 3.001509
37.902 2.330044 0.542805 0.035964 3.012987
38.002 2.350198 0.543511 0.034219 3.033154
38.102 2.361669 0.543893 0.032474 3.044632
38.202 2.379581 0.544449 0.028983 3.062552
38.302 2.394157 0.544871 0.028983 3.077134
38.402 2.406092 0.545202 0.027238 3.089074
38.502 2.424115 0.545683 0.025492 3.107103
38.602 2.438484 0.546034 0.023747 3.121476
38.703 2.450077 0.546305 0.022002 3.133073
38.802 2.467822 0.546644 0.015020 3.150820
38.902 2.479531 0.546778 0.007864 3.162531
39.002 2.494285 0.563712 -0.034752 3.184990
39.102 2.494383 0.607277 -0.091117 3.228555
39.202 2.508072 0.606094 -0.080295 3.242295
39.302 2.518867 0.605324 -0.069823 3.253118
39.403 2.533614 0.604486 -0.050625 3.267889
39.502 2.543567 0.604097 -0.034917 3.277849
39.603 2.560048 0.603730 -0.012228 3.294334
39.702 2.574542 0.603660 -0.003501 3.308829
39.806 2.586214 0.603635 -0.001756 3.320500
39.903 2.604191 0.603634 -0.000010 3.338478
40.002 2.618982 0.603660 0.001735 3.353269
40.103 2.633281 0.603720 0.005226 3.367568
40.202 2.645184 0.603798 0.006971 3.379471
40.302 2.655893 0.603901 0.010462 3.390181
40.402 2.676130 0.604150 0.013952 3.410420
40.505 2.684798 0.604280 0.015698 3.419088
40.603 2.704413 0.604661 0.022679 3.438707
40.702 2.716047 0.604924 0.022679 3.450344
40.802 2.727810 0.605196 0.024424 3.462110
40.906 2.747872 0.605686 0.024424 3.482178
41.002 2.758838 0.605954 0.024424 3.493147
41.103 2.769703 0.606230 0.027915 3.504015
41.202 2.790340 0.606811 0.029660 3.524661
41.302 2.801644 0.607033 0.013952 3.535967
41.402 2.813738 0.607176 0.008716 3.548062
41.506 2.835393 0.607223 0.001735 3.569717
41.602 2.847706 0.607266 0.005226 3.582030
41.702 2.859253 0.607337 0.008716 3.593578
41.802 2.880393 0.607573 0.017443 3.614718
41.914 2.892494 0.607794 0.020934 3.626822
42.002 2.918862 0.731563 0.105218 3.753368
42.104 2.930407 0.732782 0.105218 3.764977
42.216 2.950970 0.734984 0.108709 3.785657
42.311 2.962688 0.736242 0.103473 3.797442
42.402 2.974910 0.737457 0.096491 3.809725
42.502 2.991702 0.738921 0.079038 3.826581
42.602 3.005837 0.739935 0.066821 3.840752
42.702 3.020630 0.740769 0.051113 3.855569
42.802 3.032462 0.741352 0.045877 3.867415
42.902 3.049932 0.742133 0.044132 3.884902
43.002 3.061908 0.742651 0.042386 3.896890
43.102 3.078603 0.743340 0.040641 3.913599
43.202 3.093279 0.743870 0.035405 3.928285
43.302 3.104970 0.744213 0.028424 3.939980
43.402 3.121791 0.744483 0.009225 3.956804
43.502 3.135788 0.744520 -0.004738 3.970801
43.602 3.146988 0.744457 -0.006483 3.982001
43.702 3.161535 0.744293 -0.015210 3.996548
43.802 3.179822 0.743999 -0.016955 4.014838
43.902 3.191881 0.743789 -0.018700 4.026899
44.002 3.206285 0.743520 -0.018700 4.041305
44.102 3.222886 0.743151 -0.029172 4.057911
44.202 3.234213 0.742741 -0.039644 4.069245
44.302 3.245550 0.742186 -0.053781 4.080596
44.402 3.265607 0.740940 -0.069838 4.100691
44.502 3.277259 0.740082 -0.077169 4.112375
44.602 3.294907 0.738707 -0.078914 4.130076
44.706 3.309606 0.737517 -0.080834 4.144823
44.803 3.321429 0.736543 -0.082579 4.156686
44.902 3.336081 0.735330 -0.082579 4.171388
45.002 3.374066 0.758643 -0.186309 4.215956
45.102 3.385980 0.756397 -0.186309 4.228081
45.202 3.400264 0.753720 -0.184564 4.242613
45.302 3.418465 0.750370 -0.180899 4.261120
45.402 3.429298 0.748412 -0.175663 4.272129
45.502 3.439327 0.746646 -0.173743 4.282312
45.602 3.458648 0.743501 -0.154370 4.301887
45.702 3.470901 0.741768 -0.135171 4.314262
45.802 3.481931 0.740387 -0.119289 4.325378
45.902 3.500872 0.738342 -0.100090 4.344429
46.007 3.513153 0.737215 -0.084382 4.356762
46.103 3.524050 0.736389 -0.072165 4.367690
46.202 3.544301 0.735220 -0.045985 4.387974
46.302 3.555952 0.734705 -0.044239 4.399637
46.402 3.573610 0.733964 -0.040749 4.417310
46.503 3.585492 0.733485 -0.039003 4.429202
46.602 3.596953 0.733038 -0.039003 4.440672
46.702 3.617755 0.732309 -0.033768 4.461486
46.802 3.625724 0.732040 -0.033768 4.469460
46.902 3.635030 0.731730 -0.032022 4.478772
47.004 3.655617 0.731086 -0.030277 4.499369
47.160 3.678026 0.730464 -0.023296 4.521786
47.204 3.682853 0.730376 -0.018060 4.526613
47.314 3.693229 0.730252 -0.009333 4.536990
47.405 3.703013 0.730225 0.004630 4.546775
47.502 3.720819 0.730432 0.018592 4.564581
47.604 3.731946 0.730788 0.037791 4.575714
47.702 3.743785 0.731261 0.041282 4.587562
47.802 3.764375 0.732328 0.055244 4.608181
47.916 3.776450 0.732996 0.055244 4.620274
48.002 3.788070 0.733668 0.060480 4.631913
48.122 3.806534 0.734890 0.072698 4.650418
48.202 3.819470 0.740498 0.078755 4.664517
48.303 3.855361 0.856025 0.226163 4.785491
48.402 3.875842 0.860596 0.196492 4.806476
48.502 3.886104 0.862410 0.159840 4.816897
48.602 3.895845 0.863724 0.117952 4.826726
48.702 3.910038 0.864850 0.051630 4.840964
48.812 3.919779 0.865073 0.006251 4.850708
48.903 3.936908 0.864440 -0.072288 4.867848
49.002 3.945120 0.863655 -0.110686 4.876098
49.103 3.953112 0.862556 -0.152574 4.884164
49.211 3.965725 0.860113 -0.222387 4.897012
49.302 3.982558 0.855178 -0.327107 4.914554
49.414 3.995814 0.849911 -0.412802 4.928818
49.511 4.005967 0.844898 -0.485932 4.940141
49.602 4.020304 0.836150 -0.585415 4.956936
49.702 4.032145 0.827718 -0.641266 4.971472
49.802 4.072589 0.843036 -0.691708 5.014720
49.902 4.080610 0.836015 -0.735342 5.025379
50.002 4.091638 0.825534 -0.784211 5.040593
50.103 4.098656 0.818225 -0.817372 5.050727
50.205 4.109842 0.805511 -0.874968 5.067661
50.302 4.116394 0.797343 -0.908129 5.078131
50.402 4.123742 0.787262 -0.956998 5.090607
50.502 4.132941 0.773082 -1.023321 5.107509
50.602 4.140242 0.760578 -1.047756 5.121988
50.702 4.148863 0.744995 -1.077426 5.139798
50.804 4.154026 0.735260 -1.086153 5.150816
50.905 4.168323 0.753355 -1.069849 5.173877
51.002 4.176988 0.755153 -1.057446 5.182726
51.103 4.177181 0.754810 -1.057446 5.183120
51.202 4.177102 0.754950 -1.057446 5.183280
51.302 4.177073 0.755003 -1.057446 5.183341
51.404 4.177073 0.755003 -1.057446 5.183341
51.502 4.177073 0.755003 -1.057446 5.183341
51.602 4.177073 0.755003 -1.057446 5.183341
51.702 4.177073 0.755003 -1.057446 5.183341
51.802 4.177073 0.755003 -1.057446 5.183341
51.902 4.177073 0.755003 -1.057446 5.183341
52.002 4.177073 0.755003 -1.057446 5.183341
52.102 4.177073 0.755003 -1.057446 5.183341
52.202 4.177073 0.755003 -1.057446 5.183341
52.302 4.177073 0.755003 -1.057446 5.183341
52.407 4.177073 0.755003 -1.057446 5.183341
52.502 4.177073 0.755003 -1.057446 5.183341
52.602 4.177073 0.755003 -1.057446 5.183341
52.702 4.177073 0.755003 -1.057446 5.183341
52.804 4.177073 0.755003 -1.057446 5.183341
52.902 4.177073 0.755003 -1.057446 5.183341
53.013 4.177073 0.755003 -1.057446 5.183341
53.102 4.177073 0.755003 -1.057446 5.183341
53.202 4.177073 0.755003 -1.057446 5.183341
53.302 4.177073 0.755003 -1.057446 5.183341
53.402 4.177073 0.755003 -1.057446 5.183341
53.502 4.177073 0.755003 -1.057446 5.183341
53.602 4.177073 0.755003 -1.057446 5.183341
53.702 4.177073 0.755003 -1.057446 5.183341
53.802 4.177073 0.755003 -1.057446 5.183341
53.903 4.234179 0.776495 -1.080809 5.244358
54.003 4.252465 0.783474 -1.088479 5.263930
54.102 4.252465 0.783474 -1.088479 5.263930
54.202 4.252465 0.783474 -1.088479 5.263930
54.302 4.252465 0.783474 -1.088479 5.263930
54.402 4.252465 0.783474 -1.088479 5.263930
54.502 4.252465 0.783474 -1.088479 5.263930
54.602 4.252465 0.783474 -1.088479 5.263930
54.702 4.252465 0.783474 -1.088479 5.263930
54.802 4.252465 0.783474 -1.088479 5.263930
54.903 4.252465 0.783474 -1.088479 5.263930
55.003 4.252465 0.783474 -1.088479 5.263930
55.102 4.252465 0.783474 -1.088479 5.263930
55.202 4.252465 0.783474 -1.088479 5.263930
55.302 4.252465 0.783474 -1.088479 5.263930
55.406 4.252465 0.783474 -1.088479 5.263930
55.505 4.252465 0.783474 -1.088479 5.263930
55.602 4.252465 0.783474 -1.088479 5.263930
55.702 4.252465 0.783474 -1.088479 5.263930
55.804 4.252465 0.783474 -1.088479 5.263930
55.906 4.252465 0.783474 -1.088479 5.263930
56.002 4.252465 0.783474 -1.088479 5.263930
56.102 4.252465 0.783474 -1.088479 5.263930
56.202 4.252465 0.783474 -1.088479 5.263930
56.302 4.252465 0.783474 -1.088479 5.263930
56.402 4.252465 0.783474 -1.088479 5.263930
56.502 4.252465 0.783474 -1.088479 5.263930
56.602 4.252465 0.783474 -1.088479 5.263930
56.702 4.252465 0.783474 -1.088479 5.263930
56.802 4.252465 0.783474 -1.088479 5.263930
56.902 4.254027 0.775662 -1.088479 5.271898
57.013 4.254027 0.775662 -1.088479 5.271898
57.102 4.254027 0.775662 -1.088479 5.271898
57.202 4.254027 0.775662 -1.088479 5.271898
57.302 4.254027 0.775662 -1.088479 5.271898
57.402 4.254027 0.775662 -1.088479 5.271898
57.503 4.254027 0.775662 -1.088479 5.271898
57.602 4.254027 0.775662 -1.088479 5.271898
57.702 4.254027 0.775662 -1.088479 5.271898
57.802 4.254027 0.775662 -1.088479 5.271898
57.902 4.255901 0.772027 -1.097206 5.275988
58.003 4.260333 0.763164 -1.112914 5.285896
58.102 4.263005 0.757678 -1.119895 5.291998
58.221 4.270959 0.740750 -1.140839 5.310702
58.302 4.275517 0.730704 -1.149565 5.321734
58.407 4.280107 0.720316 -1.158292 5.333091
58.502 4.288220 0.701068 -1.182727 5.353979
58.602 4.292321 0.690808 -1.193199 5.365028
58.702 4.297712 0.676752 -1.212397 5.380083
58.802 4.301258 0.666939 -1.233341 5.390517
58.903 4.306535 0.651284 -1.256031 5.407037
59.002 4.310694 0.638166 -1.273484 5.420799
59.102 4.313471 0.628917 -1.282210 5.430455
59.202 4.317700 0.614198 -1.294428 5.445770
59.303 4.320235 0.604992 -1.306645 5.455318
59.402 4.324046 0.590268 -1.322353 5.470528
59.502 4.327143 0.578214 -1.315372 5.482973
59.602 4.330090 0.567052 -1.311881 5.494518
59.702 4.334623 0.550300 -1.301409 5.511872
59.802 4.337716 0.539376 -1.285701 5.523226
59.902 4.340373 0.530467 -1.275229 5.532523
60.002 4.343959 0.519323 -1.250795 5.544229
60.102 4.357557 0.502711 -1.242969 5.565697
60.202 4.383268 0.483810 -1.267030 5.597608
60.302 4.384779 0.478963 -1.268775 5.602685
60.403 4.384696 0.479226 -1.268775 5.602962
60.503 4.384673 0.479302 -1.268775 5.603041
60.603 4.384673 0.479302 -1.268775 5.603041
60.702 4.384673 0.479302 -1.268775 5.603041
60.820 4.384673 0.479302 -1.268775 5.603041
60.903 4.384673 0.479302 -1.268775 5.603041
61.003 4.384673 0.479302 -1.268775 5.603041
61.102 4.384673 0.479302 -1.268775 5.603041
61.202 4.384673 0.479302 -1.268775 5.603041
61.302 4.384673 0.479302 -1.268775 5.603041
61.402 4.384673 0.479302 -1.268775 5.603041
61.502 4.384673 0.479302 -1.268775 5.603041
61.602 4.384673 0.479302 -1.268775 5.603041
61.715 4.384673 0.479302 -1.268775 5.603041
61.804 4.384673 0.479302 -1.268775 5.603041
61.905 4.384673 0.479302 -1.268775 5.603041
62.002 4.384673 0.479302 -1.268775 5.603041
62.102 4.384673 0.479302 -1.268775 5.603041
62.202 4.384673 0.479302 -1.268775 5.603041
62.302 4.384673 0.479302 -1.268775 5.603041
62.405 4.384673 0.479302 -1.268775 5.603041
62.503 4.384673 0.479302 -1.268775 5.603041
62.602 4.384673 0.479302 -1.268775 5.603041
62.702 4.384673 0.479302 -1.268775 5.603041
62.802 4.384673 0.479302 -1.268775 5.603041
62.907 4.384673 0.479302 -1.268775 5.603041
63.002 4.384673 0.479302 -1.268775 5.603041
63.103 4.390700 0.488350 -1.218756 5.613913
63.205 4.390975 0.488700 -1.218561 5.614358
63.302 4.393656 0.481274 -1.227287 5.622252
63.402 4.398093 0.468672 -1.236014 5.635613
63.504 4.401085 0.460021 -1.239505 5.644767
63.602 4.406501 0.444014 -1.248231 5.661665
63.702 4.409717 0.434279 -1.255213 5.671918
63.802 4.413020 0.423995 -1.262194 5.682718
63.902 4.419188 0.404250 -1.277902 5.703405
64.002 4.422437 0.393116 -1.293610 5.715003
64.109 4.426519 0.378569 -1.304082 5.730112
64.202 4.431168 0.361193 -1.314554 5.748100
64.303 4.433924 0.350162 -1.328517 5.759469
64.402 4.437178 0.336534 -1.344225 5.773481
64.502 4.440622 0.321210 -1.354696 5.789187
64.607 4.442753 0.311294 -1.361678 5.799329
64.702 4.445097 0.300150 -1.365168 5.810717
64.802 4.449180 0.280309 -1.370404 5.830974
64.902 4.451425 0.269322 -1.363423 5.842187
65.002 4.453496 0.259629 -1.358187 5.852099
65.102 4.457396 0.242393 -1.338989 5.869771
65.202 4.459783 0.232786 -1.319790 5.879670
65.302 4.462597 0.222364 -1.298846 5.890466
65.402 4.467892 0.204872 -1.263939 5.908742
65.502 4.471561 0.193599 -1.251722 5.920597
65.602 4.475322 0.182503 -1.236014 5.932313
65.702 4.481804 0.164457 -1.218561 5.951487
65.802 4.485247 0.155445 -1.201108 5.961135
65.902 4.489167 0.145698 -1.178418 5.971640
66.002 4.497195 0.127522 -1.140021 5.991510
66.102 4.501900 0.117619 -1.119077 6.002474
66.202 4.515829 0.097430 -1.111633 6.027002
66.302 4.529596 0.079150 -1.110042 6.049886
66.402 4.533817 0.070891 -1.090843 6.059162
66.502 4.540818 0.057725 -1.076881 6.074073
66.602 4.544428 0.051161 -1.064663 6.081565
66.702 4.548406 0.044031 -1.061173 6.089728
66.802 4.556756 0.029268 -1.052446 6.106690
66.902 4.561623 0.020768 -1.048955 6.116485
67.002 4.566507 0.012300 -1.047210 6.126260
67.102 4.575092 -0.002408 -1.040229 6.143290
67.204 4.580494 -0.011841 -1.055937 6.154160
67.302 4.585637 -0.020960 -1.059427 6.164630
67.402 4.594425 -0.037112 -1.096079 6.183018
67.502 4.599236 -0.047041 -1.132731 6.194051
67.602 4.603612 -0.056938 -1.164147 6.204872
67.704 4.610607 -0.073552 -1.178110 6.222899
67.802 4.613371 -0.080212 -1.176364 6.230109
67.902 4.614188 -0.082174 -1.176364 6.232234
68.003 4.614768 -0.083576 -1.179855 6.233752
68.102 4.619437 -0.095553 -1.209526 6.246607
68.202 4.622992 -0.105249 -1.226979 6.256934
68.302 4.628349 -0.121612 -1.275848 6.274151
68.402 4.631109 -0.131085 -1.296792 6.284018
68.502 4.633644 -0.140623 -1.314245 6.293887
68.602 4.635452 -0.147637 -1.333444 6.301131
68.702 4.637269 -0.156021 -1.370096 6.309710
68.807 4.639763 -0.171098 -1.434673 6.324992
68.902 4.640979 -0.182697 -1.488778 6.336655
69.005 4.641498 -0.188954 -1.487033 6.342933
69.102 4.641619 -0.190396 -1.487033 6.344379
69.202 4.705158 -0.183999 -1.498810 6.408239
69.302 4.705649 -0.191570 -1.511027 6.415825
69.402 4.706097 -0.201333 -1.530225 6.425598
69.502 4.706671 -0.222158 -1.551344 6.446432
69.603 4.706735 -0.233826 -1.572462 6.458100
69.702 4.706671 -0.245093 -1.583283 6.469368
69.806 4.706305 -0.262100 -1.597770 6.486378
69.902 4.706113 -0.269223 -1.597770 6.493504
70.002 4.706093 -0.270020 -1.595850 6.494301
70.102 4.706117 -0.269046 -1.595850 6.495275
70.204 4.706121 -0.268897 -1.595850 6.495425
70.302 4.706121 -0.268897 -1.595850 6.495425
70.402 4.706090 -0.269930 -1.601260 6.496458
70.502 4.705867 -0.276206 -1.608591 6.502738
70.602 4.705485 -0.284675 -1.622728 6.511216
70.704 4.704403 -0.301625 -1.647337 6.528200
70.802 4.703368 -0.313322 -1.666710 6.539943
70.902 4.702676 -0.320657 -1.664965 6.547311
71.003 4.702484 -0.322681 -1.664965 6.549344
71.102 4.701674 -0.331215 -1.666710 6.557916
71.202 4.700444 -0.343751 -1.668630 6.570512
71.304 4.698730 -0.358532 -1.698475 6.585392
71.405 4.696371 -0.374653 -1.730240 6.601684
71.502 4.694413 -0.386346 -1.744377 6.613540
71.606 4.690637 -0.406642 -1.767416 6.634185
71.702 4.688392 -0.417914 -1.767416 6.645678
71.804 4.686081 -0.429382 -1.771081 6.657377
71.903 4.681956 -0.449495 -1.772826 6.677908
72.002 4.679621 -0.460947 -1.771081 6.689596
72.102 4.677331 -0.472228 -1.771081 6.701108
72.202 4.675064 -0.483475 -1.767416 6.712580
72.302 4.670917 -0.504413 -1.765496 6.733925
72.403 4.668741 -0.515339 -1.767416 6.745066
72.502 4.665344 -0.532737 -1.756769 6.762792
72.616 4.699653 -0.589293 -1.818210 6.828941
72.702 4.698233 -0.594937 -1.816291 6.834761
72.802 4.694032 -0.611923 -1.812625 6.852259
72.902 4.689847 -0.629104 -1.807215 6.869942
73.002 4.687802 -0.637778 -1.799884 6.878853
73.102 4.684025 -0.654155 -1.796219 6.895661
73.202 4.680821 -0.668240 -1.794474 6.910105
73.302 4.677037 -0.685259 -1.787144 6.927540
73.406 4.674464 -0.697094 -1.783478 6.939652
73.502 4.671501 -0.711319 -1.772832 6.954182
73.603 4.668060 -0.728464 -1.760265 6.971669
73.702 4.665937 -0.739999 -1.744383 6.983398
73.802 4.664046 -0.751220 -1.731991 6.994777
73.902 4.661659 -0.768567 -1.684693 7.012287
74.002 4.660817 -0.777667 -1.649786 7.021426
74.102 4.660288 -0.786160 -1.623606 7.029935
74.202 4.660022 -0.800459 -1.567756 7.044237
74.303 4.660152 -0.808390 -1.552048 7.052169
74.411 4.660392 -0.816522 -1.532849 7.060305
74.502 4.661026 -0.828396 -1.503178 7.072195
74.602 4.662024 -0.840314 -1.473508 7.084155
74.702 4.662703 -0.846548 -1.456055 7.090426
74.805 4.664220 -0.858037 -1.429875 7.102015
74.902 4.666172 -0.871381 -1.426384 7.115501
75.002 4.667284 -0.879157 -1.429875 7.123356
75.102 4.669432 -0.894486 -1.433365 7.138835
75.202 4.671368 -0.908580 -1.435111 7.153062
75.302 4.672268 -0.915280 -1.440347 7.159822
75.403 4.695938 -0.932416 -1.432819 7.189044
75.502 4.790292 -0.965566 -1.385732 7.289051
75.602 4.792497 -0.977344 -1.385732 7.301033
75.702 4.795446 -0.995249 -1.427620 7.319180
75.802 4.797076 -1.008864 -1.469508 7.332892
75.902 4.797967 -1.019662 -1.497433 7.343727
76.002 4.798822 -1.038326 -1.544557 7.362410
76.102 4.798881 -1.053041 -1.579464 7.377125
76.203 4.798493 -1.065074 -1.614370 7.389165
76.304 4.797267 -1.082231 -1.663240 7.406366
76.402 4.795726 -1.095627 -1.701637 7.419850
76.502 4.794267 -1.105201 -1.733053 7.429535
76.602 4.791657 -1.118759 -1.781922 7.443342
76.702 4.788957 -1.130091 -1.817003 7.454991
76.802 4.786369 -1.139570 -1.848419 7.464817
76.902 4.782246 -1.152790 -1.883326 7.478665
77.002 4.780349 -1.158696 -1.881580 7.484867
77.102 4.780221 -1.159096 -1.881580 7.485288
77.202 4.780245 -1.159020 -1.881580 7.485367
77.302 4.780245 -1.159020 -1.881580 7.485367
77.402 4.780245 -1.159020 -1.881580 7.485367
77.502 4.812113 -1.159293 -1.888411 7.517236
77.602 4.812113 -1.159293 -1.888411 7.517236
77.703 4.812113 -1.159293 -1.888411 7.517236
77.802 4.812113 -1.159293 -1.888411 7.517236
77.902 4.812113 -1.159293 -1.888411 7.517236
78.002 4.812113 -1.159293 -1.888411 7.517236
78.102 4.812113 -1.159293 -1.888411 7.517236
78.202 4.812113 -1.159293 -1.888411 7.517236
78.302 4.812113 -1.159293 -1.888411 7.517236
78.402 4.812113 -1.159293 -1.888411 7.517236
78.502 4.812113 -1.159293 -1.888411 7.517236
78.602 4.812108 -1.159308 -1.888411 7.517252
78.702 4.810950 -1.162786 -1.893647 7.520917
78.802 4.806958 -1.174561 -1.902373 7.533351
78.902 4.802853 -1.186620 -1.898883 7.546089
79.002 4.798953 -1.198277 -1.895392 7.558381
79.102 4.795095 -1.209030 -1.919827 7.569805
79.202 4.787520 -1.228432 -1.961715 7.590633
79.302 4.783218 -1.238752 -1.968696 7.601814
79.403 4.778668 -1.249292 -1.984404 7.613295
79.502 4.770503 -1.268366 -1.959969 7.634043
79.602 4.766081 -1.279447 -1.942516 7.645974
79.702 4.760183 -1.295356 -1.912845 7.662940
79.802 4.755585 -1.309054 -1.884920 7.677390
79.902 4.752070 -1.319938 -1.879684 7.688827
80.002 4.746799 -1.336811 -1.870957 7.706505
80.102 4.742508 -1.350951 -1.863976 7.721281
80.202 4.739253 -1.361912 -1.858566 7.732715
80.302 4.735864 -1.373435 -1.856820 7.744727
80.406 4.730231 -1.392590 -1.856820 7.764693
80.502 4.726886 -1.403793 -1.862231 7.776384
80.608 4.758972 -1.470700 -1.869580 7.850587
80.702 4.754701 -1.484431 -1.873071 7.864967
80.803 4.751114 -1.495864 -1.876561 7.876950
80.902 4.747643 -1.506693 -1.885288 7.888321
81.002 4.741165 -1.526240 -1.894015 7.908913
81.102 4.738421 -1.534293 -1.900996 7.917421
81.204 4.731540 -1.554140 -1.907977 7.938427
81.303 4.727464 -1.565654 -1.911468 7.950641
81.404 4.723499 -1.576761 -1.914959 7.962435
81.502 4.716592 -1.595913 -1.918449 7.982794
81.602 4.712449 -1.607268 -1.920195 7.994881
81.703 4.707594 -1.620535 -1.921940 8.009009
81.803 4.701553 -1.637012 -1.923685 8.026558
81.906 4.697513 -1.647953 -1.923685 8.038222
82.002 4.693461 -1.658821 -1.928921 8.049820
82.103 4.686303 -1.677934 -1.927176 8.070230
82.202 4.682213 -1.688963 -1.923685 8.081992
82.302 4.678190 -1.699873 -1.925431 8.093621
82.414 4.671192 -1.718961 -1.921940 8.113951
82.502 4.667166 -1.729804 -1.927176 8.125517
82.602 4.663115 -1.740586 -1.932412 8.137035
82.702 4.655747 -1.759722 -1.942884 8.157541
82.802 4.651369 -1.770767 -1.949865 8.169421
82.902 4.646943 -1.781767 -1.955101 8.181278
83.002 4.639170 -1.800640 -1.963828 8.201690
83.102 4.634548 -1.811599 -1.970809 8.213584
83.202 4.629783 -1.822735 -1.977791 8.225696
83.302 4.621615 -1.841477 -1.983027 8.246141
83.402 4.616983 -1.852045 -1.984772 8.257679
83.502 4.612306 -1.862664 -1.988262 8.269283
83.621 4.601468 -1.886748 -1.998734 8.295693
83.702 4.598975 -1.892215 -1.998734 8.301702
83.802 4.594060 -1.902964 -2.000480 8.313521
83.903 4.612930 -1.959999 -2.032098 8.373596
84.003 4.607641 -1.970571 -2.035589 8.385418
84.102 4.601954 -1.981826 -2.039080 8.398028
84.202 4.593145 -1.999112 -2.044316 8.417429
84.302 4.587656 -2.009745 -2.047806 8.429395
84.402 4.582642 -2.019445 -2.047806 8.440314
84.502 4.573457 -2.037024 -2.053042 8.460149
84.602 4.569431 -2.044650 -2.058278 8.468772
84.702 4.560048 -2.062254 -2.061769 8.488720
84.802 4.554549 -2.072518 -2.063514 8.500365
84.902 4.549063 -2.082725 -2.063514 8.511953
85.002 4.539615 -2.100123 -2.070496 8.531751
85.103 4.533818 -2.110754 -2.070496 8.543860
85.203 4.528208 -2.121030 -2.070496 8.555567
85.302 4.518363 -2.139164 -2.067005 8.576201
85.402 4.512996 -2.149087 -2.065260 8.587482
85.502 4.507647 -2.159135 -2.053042 8.598866
85.602 4.500782 -2.172474 -2.040825 8.613867
85.702 4.493985 -2.186064 -2.032098 8.629063
85.802 4.484846 -2.204751 -2.021626 8.649865
85.902 4.479804 -2.215283 -2.014645 8.661541
86.002 4.474825 -2.225876 -2.007664 8.673246
86.103 4.466537 -2.243892 -1.997192 8.693077
86.202 4.462837 -2.252063 -1.993701 8.702046
86.302 4.454588 -2.270737 -1.981484 8.722461
86.402 4.449690 -2.282098 -1.976248 8.734833
86.502 4.445428 -2.292152 -1.965776 8.745753
86.603 4.437920 -2.310920 -1.941341 8.765967
86.704 4.433975 -2.321481 -1.920397 8.777241
86.802 4.430556 -2.331276 -1.901199 8.787616
86.909 4.472872 -2.404099 -1.872388 8.871840
87.002 4.469349 -2.415599 -1.863661 8.883868
87.102 4.466051 -2.426606 -1.860170 8.895358
87.202 4.459781 -2.447666 -1.860170 8.917332
87.302 4.456558 -2.458491 -1.860170 8.928626
87.402 4.453094 -2.470167 -1.858251 8.940805
87.502 4.447033 -2.490614 -1.865232 8.962132
87.602 4.443491 -2.501920 -1.875704 8.973980
87.702 4.439899 -2.512975 -1.891412 8.985603
87.802 4.435017 -2.527217 -1.908865 9.000659
87.902 4.429143 -2.543023 -1.938536 9.017521
88.002 4.425193 -2.553087 -1.950753 9.028333
88.104 4.418096 -2.570155 -1.973442 9.046818
88.202 4.413542 -2.580627 -1.985660 9.058237
88.305 4.408695 -2.591493 -1.990896 9.070134
88.403 4.400242 -2.610045 -2.001368 9.090522
88.502 4.395272 -2.620743 -2.008349 9.102318
88.602 4.390298 -2.631292 -2.013585 9.113981
88.703 4.381441 -2.649839 -2.013585 9.134534
88.802 4.376630 -2.660330 -1.996132 9.146076
88.902 4.371716 -2.671450 -1.980424 9.158233
89.002 4.366397 -2.684200 -1.955989 9.172047
89.102 4.360514 -2.699578 -1.922828 9.188513
89.202 4.356960 -2.709571 -1.905374 9.199119
89.302 4.351243 -2.727145 -1.879195 9.217599
89.402 4.347976 -2.737557 -1.872213 9.228512
89.504 4.343978 -2.750592 -1.866977 9.242146
89.605 4.339968 -2.763018 -1.889666 9.255203
89.702 4.334771 -2.778046 -1.915846 9.271104
89.802 4.330160 -2.790289 -1.943772 9.284187
89.902 4.326329 -2.799771 -1.962970 9.294414
90.002 4.349450 -2.859441 -2.002121 9.358406
90.102 4.351435 -2.895371 -2.052877 9.394391
90.202 4.345827 -2.905605 -2.080803 9.406061
90.302 4.340285 -2.915114 -2.110473 9.417068
90.402 4.330987 -2.929348 -2.180286 9.434069
90.502 4.325204 -2.937195 -2.220429 9.443817
90.604 4.319005 -2.944983 -2.257081 9.453771
90.702 4.309713 -2.955787 -2.297223 9.468020
90.802 4.297795 -2.968412 -2.346093 9.485382
90.902 4.289438 -2.976566 -2.379254 9.497059
91.006 4.278689 -2.986370 -2.417826 9.511608
91.107 4.264893 -2.997962 -2.459539 9.529626
91.204 4.255715 -3.005144 -2.487464 9.541281
91.302 4.245969 -3.012369 -2.515390 9.553413
91.402 4.231694 -3.022101 -2.564259 9.570690
91.502 4.230443 -3.055707 -2.599314 9.604319
91.602 4.220038 -3.071829 -2.648708 9.623507
91.702 4.205329 -3.079187 -2.697578 9.639953
91.802 4.197661 -3.082706 -2.718521 9.648390
91.907 4.182383 -3.089145 -2.756919 9.664970
92.002 4.169150 -3.094202 -2.788335 9.679136
92.102 4.158287 -3.098052 -2.807533 9.690662
92.202 4.142320 -3.103231 -2.842440 9.707447
92.302 4.129238 -3.107113 -2.859893 9.721093
92.402 4.118132 -3.110185 -2.875601 9.732616
92.502 4.101288 -3.114493 -2.901781 9.750003
92.602 4.087260 -3.117710 -2.926216 9.764395
92.702 4.073140 -3.120515 -2.955886 9.778790
92.802 4.056095 -3.123291 -2.997774 9.796060
92.902 4.048828 -3.124274 -3.011737 9.803393
93.002 4.033793 -3.133900 -3.048283 9.821246
93.102 4.026497 -3.172480 -3.077285 9.860510
93.202 4.014337 -3.173146 -3.092993 9.872688
93.302 3.997620 -3.173766 -3.113937 9.889416
93.402 3.984839 -3.173949 -3.138372 9.902198
93.503 3.967762 -3.173833 3.123695 9.919276
93.602 3.956420 -3.173548 3.113223 9.930622
93.702 3.941609 -3.173008 3.095770 9.945442
93.805 3.930422 -3.172407 3.081807 9.956646
93.903 3.914308 -3.171298 3.066099 9.972797
94.002 3.896886 -3.169835 3.053358 9.990281
94.102 3.887605 -3.168926 3.039396 9.999606
94.202 3.870589 -3.166941 3.018103 10.016738
94.302 3.856168 -3.164912 2.990177 10.031300
94.402 3.838866 -3.161967 2.960507 10.048852
94.502 3.827453 -3.159793 2.950035 10.060469
94.602 3.815974 -3.157473 2.939563 10.072181
94.702 3.801129 -3.154313 2.922109 10.087358
94.802 3.783924 -3.150443 2.916873 10.104993
94.902 3.772792 -3.147883 2.913383 10.116416
95.003 3.761539 -3.145233 2.908147 10.127977
95.102 3.741697 -3.140432 2.899420 10.148392
95.207 3.730746 -3.137696 2.895930 10.159678
95.302 3.713988 -3.133432 2.890694 10.176970
95.403 3.697251 -3.129065 2.883712 10.194268
95.502 3.691589 -3.127561 2.881967 10.200127
95.602 3.671110 -3.121973 2.869750 10.221354
95.702 3.659599 -3.118722 2.859278 10.233315
95.802 3.645575 -3.114572 2.850202 10.247940
95.903 3.627911 -3.109136 2.841301 10.266422
96.002 3.616811 -3.105665 2.837636 10.278052
96.102 3.605174 -3.102009 2.835890 10.290250
96.203 3.585839 -3.095912 2.835890 10.310523
96.302 3.574463 -3.092300 2.830480 10.322459
96.402 3.532424 -3.145326 2.702480 10.390128
96.502 3.519802 -3.139349 2.697070 10.404093
96.602 3.515512 -3.137311 2.698990 10.408843
96.702 3.515709 -3.137404 2.698990 10.409061
96.802 3.515907 -3.137498 2.698990 10.409280
96.902 3.515907 -3.137498 2.698990 10.409280
97.003 3.515907 -3.137498 2.698990 10.409280
97.103 3.515907 -3.137498 2.698990 10.409280
97.205 3.515907 -3.137498 2.698990 10.409280
97.311 3.515907 -3.137498 2.698990 10.409280
97.405 3.515907 -3.137498 2.698990 10.409280
97.502 3.515907 -3.137498 2.698990 10.409280
97.602 3.515907 -3.137498 2.698990 10.409280
97.702 3.513305 -3.136250 2.693579 10.412166
97.802 3.505849 -3.132624 2.686249 10.420457
97.902 3.498769 -3.129109 2.675602 10.428362
98.002 3.486424 -3.122697 2.652738 10.442272
98.103 3.479681 -3.119040 2.641917 10.449943
98.202 3.469388 -3.113388 2.638252 10.461686
98.308 3.459816 -3.108012 2.624115 10.472664
98.402 3.449396 -3.101999 2.613643 10.484695
98.502 3.434325 -3.093011 2.597935 10.502242
98.602 3.422298 -3.085578 2.583972 10.516381
98.702 3.412755 -3.079495 2.570010 10.527698
98.802 3.398194 -3.069936 2.554302 10.545116
98.902 3.386830 -3.062003 2.508923 10.558975
99.002 3.378227 -3.055372 2.470526 10.569837
99.102 3.365137 -3.044503 2.446091 10.586851
99.202 3.353970 -3.035177 2.446091 10.601400
99.302 3.338132 -3.042956 2.377847 10.619046
99.406 3.323544 -3.031429 2.375302 10.637638
99.502 3.313755 -3.021947 2.359594 10.651266
99.602 3.306583 -3.014531 2.326433 10.661582
99.702 3.296559 -3.003135 2.268837 10.676760
99.802 3.288712 -2.993138 2.218222 10.689470
99.902 3.282409 -2.984356 2.179825 10.700279
100.002 3.272567 -2.969232 2.120484 10.718323
100.106 3.266940 -2.959598 2.092559 10.729480
100.202 3.259016 -2.945061 2.052241 10.746037
100.302 3.252901 -2.932742 2.019080 10.759789
100.402 3.248031 -2.922152 1.991155 10.771446
100.502 3.242522 -2.909332 1.970036 10.785399
100.602 3.236045 -2.892976 1.933210 10.802991
100.703 3.232112 -2.882276 1.920818 10.814391
100.802 3.227345 -2.868776 1.903365 10.828708
100.902 3.221886 -2.852337 1.887133 10.846030
101.004 3.218490 -2.841881 1.883468 10.857023
101.102 3.140748 -2.828456 1.892606 10.935916
101.202 3.126515 -2.810798 1.913208 10.958597
101.302 3.122591 -2.800017 1.922109 10.970069
101.402 3.117500 -2.786271 1.927694 10.984728
101.502 3.111208 -2.769856 1.943576 11.002307
101.602 3.107271 -2.759931 1.952478 11.012985
101.702 3.102169 -2.747500 1.966440 11.026423
101.802 3.096309 -2.733829 1.980752 11.041296
101.902 3.089246 -2.718085 2.005187 11.058552
102.002 3.082866 -2.704847 2.027876 11.073247
102.102 3.077458 -2.694254 2.048994 11.085140
102.202 3.070695 -2.681290 2.052659 11.099762
102.302 3.062058 -2.665217 2.070287 11.118009
102.402 3.056660 -2.655303 2.070287 11.129298
102.502 3.048173 -2.639816 2.073952 11.146957
102.602 3.041019 -2.626965 2.081283 11.161666
102.702 3.035291 -2.616821 2.086693 11.173315
102.802 3.026557 -2.601967 2.114619 11.190546
102.903 3.019532 -2.590663 2.135563 11.203856
103.002 3.013290 -2.580980 2.146035 11.215376
103.102 3.003162 -2.565832 2.172215 11.233598
103.202 2.996263 -2.556039 2.189668 11.245577
103.305 2.987598 -2.544168 2.208866 11.260275
103.402 2.977286 -2.530646 2.235046 11.277279
103.502 2.970411 -2.522026 2.252500 11.288305
103.602 2.962660 -2.512678 2.273444 11.300449
103.702 2.952052 -2.500516 2.294388 11.316587
103.802 2.944163 -2.491745 2.308350 11.328384
103.902 2.934051 -2.480794 2.320568 11.343290
104.002 2.921579 -2.467694 2.341511 11.361378
104.106 2.913673 -2.459649 2.351983 11.372656
104.202 2.824323 -2.503841 2.537416 11.472338
104.307 2.810012 -2.494075 2.537416 11.489664
104.402 2.800050 -2.487059 2.525199 11.501849
104.502 2.790772 -2.480335 2.509491 11.513306
104.602 2.774356 -2.467906 2.479820 11.533897
104.707 2.764926 -2.460485 2.471093 11.545897
104.802 2.756499 -2.453693 2.460621 11.556720
104.903 2.740991 -2.440903 2.450149 11.576822
105.002 2.732194 -2.433558 2.443168 11.588282
105.102 2.721051 -2.424209 2.443168 11.602828
105.202 2.707230 -2.412618 2.443168 11.620866
105.302 2.698214 -2.404994 2.437932 11.632674
105.402 2.689797 -2.397793 2.432696 11.643750
105.502 2.674731 -2.384793 2.427460 11.663650
105.602 2.666181 -2.377370 2.425715 11.674972
105.702 2.657516 -2.369788 2.422224 11.686486
105.802 2.642327 -2.356402 2.416988 11.706732
105.902 2.634209 -2.349272 2.423970 11.717536
106.002 2.625658 -2.341841 2.429206 11.728865
106.104 2.610143 -2.328461 2.429206 11.749353
106.203 2.601237 -2.320729 2.427460 11.761147
106.302 2.592564 -2.313132 2.420479 11.772676
106.403 2.577654 -2.300000 2.418734 11.792545
106.502 2.568796 -2.292193 2.420479 11.804352
106.602 2.555600 -2.280628 2.423970 11.821899
106.702 2.549251 -2.275059 2.418734 11.830345
106.802 2.536615 -2.263409 2.385572 11.847531
106.902 2.524304 -2.251380 2.362883 11.864743
107.003 2.518522 -2.245662 2.361138 11.872875
107.103 2.503982 -2.231357 2.371610 11.893272
107.202 2.425048 -2.246777 2.316723 11.973698
107.302 2.417206 -2.238349 2.323704 11.985210
107.403 2.403167 -2.223434 2.330686 12.005694
107.502 2.395390 -2.215271 2.334176 12.016968
107.602 2.387468 -2.207038 2.339412 12.028393
107.702 2.373574 -2.192740 2.342903 12.048330
107.805 2.365536 -2.184522 2.346394 12.059825
107.902 2.357323 -2.176145 2.346394 12.071557
108.004 2.343798 -2.162380 2.346394 12.090855
108.102 2.335729 -2.154109 2.342903 12.102409
108.202 2.327517 -2.145632 2.339412 12.114212
108.306 2.313072 -2.130680 2.341158 12.135002
108.403 2.305192 -2.122580 2.344648 12.146302
108.502 2.292449 -2.109561 2.344648 12.164520
108.602 2.284014 -2.100914 2.342903 12.176600
108.702 2.274358 -2.090822 2.323704 12.190567
108.802 2.263090 -2.078415 2.290543 12.207327
108.903 2.256030 -2.070124 2.267854 12.218216
109.002 2.248482 -2.060909 2.253891 12.230128
109.102 2.235004 -2.044312 2.253891 12.251509
109.202 2.227548 -2.035215 2.260872 12.263271
109.302 2.219771 -2.025827 2.264363 12.275461
109.402 2.210359 -2.014627 2.273090 12.290091
109.502 2.198740 -2.000985 2.271344 12.308010
109.602 2.189757 -1.990069 2.253891 12.322148
109.702 2.179029 -1.976333 2.220730 12.339577
109.803 2.172112 -1.966980 2.199786 12.351210
109.902 2.163782 -1.955082 2.173606 12.365733
110.002 2.155568 -1.942803 2.152138 12.380507
110.103 2.145747 -1.927742 2.148648 12.398487
110.202 2.142490 -1.922777 2.152313 12.404425
110.302 2.131109 -1.905459 2.145332 12.425147
110.402 2.125404 -1.896568 2.139921 12.435712
110.502 2.051848 -1.912203 2.143102 12.510911
110.604 2.015282 -1.906149 2.130029 12.547974
110.703 2.008981 -1.896028 2.126364 12.559897
110.802 2.002443 -1.885496 2.126364 12.572293
110.902 1.991378 -1.867827 2.138756 12.593141
111.002 1.984957 -1.857807 2.142421 12.605042
111.102 1.978979 -1.848649 2.153242 12.615979
111.202 1.971451 -1.837303 2.158652 12.629595
111.302 1.961991 -1.823215 2.164238 12.646564
111.402 1.955876 -1.814150 2.164238 12.657499
111.503 1.943895 -1.796468 2.165983 12.678857
111.606 1.937522 -1.787021 2.164238 12.690253
111.706 1.930900 -1.777183 2.162318 12.702112
111.807 1.919614 -1.760222 2.154987 12.722485
111.902 1.913155 -1.750351 2.147831 12.734282
112.002 1.906814 -1.740542 2.142246 12.745962
112.102 1.898389 -1.727411 2.154289 12.761563
112.204 1.893466 -1.720371 2.203158 12.770153
112.303 1.890916 -1.717020 2.231084 12.774365
112.402 1.883252 -1.708289 2.332313 12.785982
112.502 1.873407 -1.699120 2.430051 12.799435
112.602 1.861147 -1.689715 2.529535 12.814887
112.702 1.852025 -1.683884 2.599348 12.825713
112.802 1.837169 -1.675960 2.691851 12.842551
112.902 1.829667 -1.672622 2.737229 12.850762
113.002 1.813691 -1.666652 2.815769 12.867817
113.102 1.802616 -1.663295 2.864638 12.879390
113.202 1.781994 -1.658481 2.948414 12.900566
113.304 1.770142 -1.656528 2.995538 12.912578
113.407 1.707679 -1.732076 3.135073 13.010604
113.502 1.697667 -1.732244 -3.111460 13.020617
113.602 1.680032 -1.733091 -3.078299 13.038273
113.702 1.668649 -1.733972 -3.059100 13.049690
113.803 1.648707 -1.736101 -3.023844 13.069745
113.902 1.637697 -1.737498 -3.011453 13.080843
114.002 1.623970 -1.739466 -2.988763 13.094710
114.102 1.592390 -1.728085 -2.997962 13.128279
114.202 1.568713 -1.726175 -2.963910 13.152033
114.302 1.550561 -1.729801 -2.941221 13.170543
114.402 1.542315 -1.731486 -2.939476 13.178960
114.502 1.525760 -1.734944 -2.925513 13.195872
114.602 1.509113 -1.738739 -2.907885 13.212946
114.703 1.500740 -1.740825 -2.893923 13.221575
114.802 1.485551 -1.744829 -2.874550 13.237282
114.904 1.470762 -1.748940 -2.871059 13.252632
115.002 1.462031 -1.751356 -2.872804 13.261691
115.102 1.445630 -1.755882 -2.867568 13.278705
115.202 1.433286 -1.759387 -2.862332 13.291537
115.302 1.418359 -1.763782 -2.846624 13.307098
115.402 1.407291 -1.767171 -2.843134 13.318673
115.502 1.393643 -1.771501 -2.830567 13.332992
115.602 1.384070 -1.774635 -2.821841 13.343065
115.702 1.369268 -1.779595 -2.814859 13.358675
115.803 1.357758 -1.783575 -2.804387 13.370854
115.903 1.342011 -1.789347 -2.774717 13.387626
116.002 1.328205 -1.794925 -2.745046 13.402516
116.102 1.317512 -1.799571 -2.724102 13.414175
116.202 1.301438 -1.806770 -2.716772 13.431788
116.302 1.288218 -1.812926 -2.694082 13.446370
116.402 1.277937 -1.817935 -2.685007 13.457806
116.503 1.262707 -1.825664 -2.667553 13.474885
116.602 1.249481 -1.832514 -2.660572 13.489780
116.703 1.236919 -1.838989 -2.674535 13.503912
116.802 1.226375 -1.844191 -2.688497 13.515671
116.902 1.210140 -1.851821 -2.714852 13.533608
117.003 1.224617 -1.929228 -2.611669 13.612357
117.102 1.214943 -1.934878 -2.615160 13.623560
117.203 1.199225 -1.943911 -2.622490 13.641690
117.302 1.186644 -1.951035 -2.627901 13.656147
117.402 1.176741 -1.956547 -2.638722 13.667480
117.502 1.164499 -1.963119 -2.652684 13.681375
117.602 1.152204 -1.969529 -2.666647 13.695241
117.702 1.142548 -1.974489 -2.668392 13.706096
117.803 1.127327 -1.982282 -2.668392 13.723197
117.902 1.114944 -1.988611 -2.670138 13.737103
118.002 1.105021 -1.993664 -2.671883 13.748238
118.102 1.089715 -2.001418 -2.673628 13.765396
118.202 1.083226 -2.004688 -2.675374 13.772663
118.302 1.068414 -2.012095 -2.678864 13.789224
118.402 1.057990 -2.017288 -2.680784 13.800869
118.502 1.046967 -2.022761 -2.680784 13.813177
118.602 1.028427 -2.031942 -2.682530 13.833865
118.702 1.017955 -2.037118 -2.682530 13.845547
118.802 1.007579 -2.042211 -2.686195 13.857106
118.902 0.989449 -2.051151 -2.675723 13.877319
119.002 0.980248 -2.055849 -2.668741 13.887651
119.102 0.970341 -2.060955 -2.661760 13.898796
119.202 0.952757 -2.070282 -2.649543 13.918700
119.302 0.942702 -2.075802 -2.635580 13.930171
119.405 0.929909 -2.082908 -2.633835 13.944805
119.502 0.914012 -2.091850 -2.621618 13.963044
119.602 0.904058 -2.097603 -2.614462 13.974541
119.702 0.893849 -2.103599 -2.605561 13.986381
119.802 0.876296 -2.114189 -2.592994 14.006881
119.902 0.866438 -2.120311 -2.577112 14.018485
120.002 0.856689 -2.126664 -2.557913 14.030121
120.102 0.844030 -2.154200 -2.532458 14.060428
120.204 0.829836 -2.185354 -2.519504 14.094663
120.302 0.815785 -2.195381 -2.522994 14.111925
120.402 0.803592 -2.204098 -2.519504 14.126913
120.502 0.793777 -2.211142 -2.519504 14.138994
120.602 0.780019 -2.221061 -2.516013 14.155955
120.702 0.770301 -2.228108 -2.512522 14.167960
120.802 0.755159 -2.239126 -2.512522 14.186686
120.902 0.743637 -2.247567 -2.507286 14.200969
121.002 0.734130 -2.254657 -2.500305 14.212829
121.108 0.722241 -2.263644 -2.489833 14.227732
121.202 0.710462 -2.272650 -2.486342 14.242559
121.302 0.696467 -2.283457 -2.482852 14.260241
121.402 0.685508 -2.291965 -2.481106 14.274116
121.502 0.676289 -2.299121 -2.482852 14.285786
121.602 0.663641 -2.308830 -2.489833 14.301731
121.702 0.652694 -2.317123 -2.493324 14.315464
121.802 0.641558 -2.325521 -2.496814 14.329412
121.902 0.632372 -2.332416 -2.498560 14.340897
122.002 0.618117 -2.343096 -2.498560 14.358709
122.102 0.608354 -2.350301 -2.512522 14.370843
122.203 0.599149 -2.356903 -2.526485 14.382171
122.302 0.582360 -2.368502 -2.536957 14.402577
122.402 0.572766 -2.375150 -2.535212 14.414249
122.502 0.563059 -2.381907 -2.533466 14.426076
122.602 0.546390 -2.393532 -2.533466 14.446399
122.702 0.536768 -2.400255 -2.531721 14.458137
122.802 0.527186 -2.406974 -2.528230 14.469839
122.904 0.511308 -2.418186 -2.524740 14.489277
123.002 0.502386 -2.424542 -2.521249 14.500232
123.102 0.493803 -2.430685 -2.519504 14.510787
123.202 0.484139 -2.467858 -2.531624 14.549195
123.302 0.488389 -2.523182 -2.526830 14.604682
123.402 0.478633 -2.529925 -2.542538 14.616542
123.502 0.461659 -2.541006 -2.574303 14.636812
123.602 0.452438 -2.546732 -2.590011 14.647667
123.702 0.442322 -2.552834 -2.602403 14.659481
123.802 0.424821 -2.563133 -2.613224 14.679787
123.902 0.414714 -2.569008 -2.614969 14.691477
124.002 0.404564 -2.574898 -2.616714 14.703213
124.102 0.386575 -2.585315 -2.616714 14.724000
124.203 0.376562 -2.591113 -2.616714 14.735570
124.302 0.360658 -2.600322 -2.616714 14.753949
124.402 0.350201 -2.606377 -2.616714 14.766032
124.502 0.335190 -2.615070 -2.616714 14.783378
124.602 0.322593 -2.622352 -2.616714 14.797929
124.703 0.312815 -2.627998 -2.618460 14.809220
124.802 0.300027 -2.635325 -2.623696 14.823958
124.902 0.284548 -2.644081 -2.628932 14.841742
125.002 0.274482 -2.649747 -2.628932 14.853293
125.102 0.264027 -2.655613 -2.630677 14.865282
125.204 0.246340 -2.665423 -2.637658 14.885507
125.302 0.236260 -2.670963 -2.639404 14.897009
125.403 0.225952 -2.676624 -2.639404 14.908770
125.503 0.207688 -2.686654 -2.639404 14.929605
125.602 0.197368 -2.692199 -2.651621 14.941322
125.702 0.187211 -2.697544 -2.663838 14.952799
125.802 0.168576 -2.707147 -2.669074 14.973762
125.902 0.157945 -2.712568 -2.670994 14.985695
126.002 0.148028 -2.717602 -2.672739 14.996818
126.102 0.131354 -2.725960 -2.678150 15.015469
126.202 0.120288 -2.731660 -2.678307 15.027917
126.311 0.082918 -2.760606 -2.689979 15.075186
126.402 0.064424 -2.769588 -2.689979 15.095746
126.504 0.054553 -2.774347 -2.695215 15.106704
126.603 0.045077 -2.778853 -2.698706 15.117197
126.702 0.028196 -2.786728 -2.712669 15.135824
126.803 0.017987 -2.791362 -2.717905 15.147036
126.902 0.007489 -2.795950 -2.733613 15.158493
127.002 -0.008529 -2.802684 -2.749321 15.175869
127.102 -0.023261 -2.808626 -2.763283 15.191754
127.202 -0.037227 -2.814103 -2.772184 15.206756
127.302 -0.048298 -2.818345 -2.777420 15.218611
127.402 -0.064297 -2.824374 -2.782656 15.235708
127.502 -0.077087 -2.829137 -2.786147 15.249356
127.602 -0.088131 -2.833156 -2.794874 15.261110
127.702 -0.102295 -2.838256 -2.796619 15.276164
127.802 -0.118128 -2.843889 -2.801855 15.292969
127.902 -0.129533 -2.847880 -2.808662 15.305051
128.002 -0.140149 -2.851522 -2.812327 15.316275
128.102 -0.160071 -2.858191 -2.821054 15.337284
128.202 -0.170890 -2.861736 -2.826290 15.348669
128.302 -0.182176 -2.865370 -2.833271 15.360525
128.402 -0.201869 -2.871631 -2.835016 15.381190
128.502 -0.212723 -2.875050 -2.838681 15.392569
128.602 -0.224153 -2.878622 -2.838681 15.404545
128.702 -0.243872 -2.884767 -2.842347 15.425199
128.802 -0.254243 -2.887972 -2.842347 15.436054
128.910 -0.264074 -2.891005 -2.842347 15.446342
129.002 -0.283364 -2.896945 -2.844092 15.466526
129.102 -0.291190 -2.899338 -2.844092 15.474709
129.202 -0.310994 -2.905399 -2.844092 15.495420
129.302 -0.322070 -2.908774 -2.845837 15.506999
129.404 -0.333553 -2.912273 -2.845837 15.519004
129.502 -0.346788 -2.916316 -2.845837 15.532842
129.611 -0.372624 -3.013163 -3.013051 15.633076
129.702 -0.384830 -3.014741 -3.013051 15.645383
129.803 -0.403306 -3.017058 -3.020032 15.664004
129.903 -0.413042 -3.018233 -3.023523 15.673811
130.002 -0.424876 -3.019583 -3.030504 15.685721
130.102 -0.443923 -3.021649 -3.035915 15.704880
130.202 -0.454710 -3.022760 -3.039580 15.715724
130.302 -0.465718 -3.023857 -3.043245 15.726787
130.404 -0.482270 -3.025439 -3.046910 15.743415
130.503 -0.493927 -3.026526 -3.048656 15.755122
130.603 -0.508106 -3.027833 -3.050401 15.769361
130.702 -0.525296 -3.029395 -3.052146 15.786621
130.802 -0.537135 -3.030457 -3.052146 15.798508
130.902 -0.557434 -3.032257 -3.053892 15.818887
131.002 -0.568862 -3.033262 -3.053892 15.830359
131.103 -0.578531 -3.034112 -3.053892 15.840066
131.202 -0.595243 -3.035578 -3.055637 15.856842
131.302 -0.602933 -3.036241 -3.055637 15.864560
131.402 -0.610382 -3.036883 -3.055637 15.872037
131.502 -0.621580 -3.037828 -3.057382 15.883274
131.602 -0.629735 -3.038542 -3.038184 15.891460
131.704 -0.629824 -3.038551 -3.024221 15.891550
131.802 -0.630137 -3.038601 -2.978843 15.891867
131.904 -0.629865 -3.038546 -2.922992 15.892145
132.003 -0.629805 -3.038532 -2.898557 15.892206
132.102 -0.630468 -3.038721 -2.867142 15.892896
132.203 -0.630604 -3.038759 -2.868887 15.893037
132.302 -0.630604 -3.038759 -2.868887 15.893037
132.402 -0.630604 -3.038759 -2.868887 15.893037
132.502 -0.630604 -3.038759 -2.868887 15.893037
132.602 -0.630604 -3.038759 -2.868887 15.893037
132.702 -0.630604 -3.038759 -2.868887 15.893037
132.802 -0.630604 -3.038759 -2.868887 15.893037
132.902 -0.632044 -3.058841 -2.901194 15.913171
133.002 -0.631788 -3.073829 -2.928694 15.928161
133.102 -0.631788 -3.073829 -2.928694 15.928161
133.202 -0.633711 -3.074191 -2.965346 15.930118
133.304 -0.635818 -3.074491 -3.033588 15.932246
133.407 -0.636996 -3.074570 -3.089439 15.933427
133.502 -0.649819 -3.074284 3.071748 15.946252
133.602 -0.658120 -3.073300 2.994779 15.954612
133.702 -0.666540 -3.071691 2.926711 15.963184
133.802 -0.675478 -3.069354 2.863879 15.972422
133.902 -0.692047 -3.063482 2.753924 15.990002
134.002 -0.701286 -3.059301 2.694583 16.000142
134.102 -0.716223 -3.051110 2.602080 16.017178
134.202 -0.730412 -3.041583 2.513068 16.034268
134.303 -0.737130 -3.036390 2.469435 16.042759
134.403 -0.750121 -3.024919 2.382169 16.060090
134.502 -0.796824 -2.988874 2.262387 16.119085
134.602 -0.801745 -2.982635 2.227480 16.127032
134.702 -0.811250 -2.969428 2.173549 16.143303
134.802 -0.819818 -2.956113 2.119270 16.159136
134.902 -0.823761 -2.949395 2.091344 16.166926
135.006 -0.831495 -2.935225 2.051202 16.183069
135.108 -0.837592 -2.922898 2.016295 16.196822
135.202 -0.842246 -2.912749 1.988370 16.207987
135.303 -0.848601 -2.897542 1.946482 16.224469
135.402 -0.868199 -2.902927 1.959672 16.244793
135.502 -0.872650 -2.891792 1.947455 16.256785
135.602 -0.876879 -2.880623 1.924766 16.268728
135.702 -0.882552 -2.864173 1.884623 16.286129
135.802 -0.885696 -2.853939 1.860188 16.296835
135.902 -0.888883 -2.842815 1.842735 16.308406
136.002 -0.893343 -2.825028 1.792121 16.326744
136.102 -0.895305 -2.815419 1.760705 16.336552
136.202 -0.898021 -2.800687 1.743251 16.351531
136.302 -0.900260 -2.787434 1.731034 16.364972
136.402 -0.901522 -2.779042 1.715326 16.373459
136.502 -0.904251 -2.758683 1.692637 16.394000
136.602 -0.905333 -2.749095 1.680419 16.403648
136.707 -0.906837 -2.733646 1.655985 16.419170
136.802 -0.907597 -2.724207 1.649004 16.428640
136.902 -0.908315 -2.713913 1.636786 16.438959
137.002 -0.982706 -2.651092 1.611512 16.536327
137.102 -0.983299 -2.639991 1.627220 16.547443
137.202 -0.984076 -2.629369 1.651655 16.558093
137.302 -0.985995 -2.610460 1.690052 16.577100
137.402 -0.987519 -2.598772 1.709250 16.588887
137.503 -0.989751 -2.583925 1.728449 16.603900
137.602 -0.992691 -2.566721 1.749393 16.621355
137.702 -0.994870 -2.555440 1.765101 16.632844
137.803 -0.997712 -2.541979 1.784300 16.646601
137.902 -1.001429 -2.525977 1.805243 16.663029
138.002 -1.004016 -2.515496 1.817461 16.673825
138.102 -1.006572 -2.505522 1.824442 16.684122
138.202 -1.010819 -2.489621 1.838405 16.700580
138.302 -1.013406 -2.480405 1.845386 16.710152
138.402 -1.016601 -2.469245 1.852367 16.721760
138.502 -1.020541 -2.455775 1.857603 16.735795
138.603 -1.023225 -2.446746 1.861094 16.745214
138.702 -1.028249 -2.430824 1.901237 16.761910
138.802 -1.031677 -2.421304 1.929162 16.772028
138.902 -1.035522 -2.411587 1.950106 16.782479
139.005 -1.041667 -2.395778 1.939459 16.799440
139.112 -1.046829 -2.382348 1.937714 16.813827
139.202 -1.050951 -2.371802 1.949931 16.825151
139.302 -1.057374 -2.356048 1.962498 16.842164
139.402 -1.061123 -2.347319 1.981871 16.851664
139.502 -1.067312 -2.333715 2.002989 16.866609
139.602 -1.073893 -2.319494 2.006654 16.882279
139.703 -1.078867 -2.308873 2.010320 16.894007
139.802 -1.085785 -2.294635 2.028297 16.909838
139.902 -1.091456 -2.283262 2.038943 16.922545
140.002 -1.096529 -2.273300 2.045924 16.933724
140.102 -1.163334 -2.218527 2.107942 17.020113
140.202 -1.170501 -2.206608 2.116844 17.034021
140.302 -1.176566 -2.196842 2.129235 17.045517
140.402 -1.182494 -2.187328 2.120683 17.056727
140.505 -1.192915 -2.169900 2.099739 17.077033
140.603 -1.198378 -2.160232 2.075130 17.088138
140.704 -1.205954 -2.145851 2.039875 17.104392
140.802 -1.210638 -2.136210 2.011775 17.115110
140.902 -1.214281 -2.128314 1.997638 17.123807
141.002 -1.220666 -2.113466 1.958891 17.139969
141.102 -1.225376 -2.101356 1.929221 17.152963
141.208 -1.229114 -2.090861 1.903041 17.164104
141.302 -1.234511 -2.073849 1.861153 17.181951
141.402 -1.237621 -2.063094 1.847190 17.193147
141.502 -1.242047 -2.046604 1.822756 17.210221
141.614 -1.245253 -2.033571 1.807048 17.223642
141.702 -1.247565 -2.023709 1.794830 17.233771
141.802 -1.249792 -2.013420 1.775632 17.244299
141.903 -1.253545 -1.994153 1.754688 17.263928
142.002 -1.255473 -1.983032 1.737234 17.275215
142.102 -1.257321 -1.971647 1.725017 17.286749
142.202 -1.260376 -1.952361 1.733744 17.306275
142.305 -1.262224 -1.941641 1.742470 17.317153
142.403 -1.263951 -1.932157 1.756433 17.326793
142.502 -1.266203 -1.920809 1.770396 17.338363
142.602 -1.269366 -1.904212 1.747706 17.355258
142.702 -1.271296 -1.892848 1.735489 17.366785
142.802 -1.274234 -1.873172 1.707564 17.386680
142.902 -1.275655 -1.862637 1.709309 17.397309
143.003 -1.277101 -1.853313 1.728508 17.406746
143.102 -1.391757 -1.822009 1.719127 17.525598
143.202 -1.393487 -1.810227 1.715636 17.537506
143.302 -1.396046 -1.792240 1.713891 17.555674
143.402 -1.398162 -1.777696 1.715636 17.570372
143.502 -1.399899 -1.765931 1.717382 17.582265
143.602 -1.401629 -1.754423 1.720872 17.593902
143.702 -1.404594 -1.735108 1.724363 17.613442
143.802 -1.406471 -1.723046 1.726108 17.625650
143.905 -1.409318 -1.705102 1.729599 17.643819
144.007 -1.411029 -1.694412 1.731344 17.654645
144.116 -1.413460 -1.679568 1.734835 17.669686
144.202 -1.415507 -1.667199 1.734835 17.682223
144.302 -1.417149 -1.657463 1.738326 17.692097
144.402 -1.419155 -1.644195 1.692947 17.705516
144.502 -1.419976 -1.634666 1.630115 17.715080
144.603 -1.420138 -1.625034 1.563793 17.724713
144.702 -1.419396 -1.612275 1.480017 17.737494
144.802 -1.416636 -1.594498 1.375297 17.755484
144.907 -1.413768 -1.582797 1.303739 17.767531
145.003 -1.409574 -1.569487 1.235671 17.781487
145.102 -1.403557 -1.554678 1.150150 17.797472
145.205 -1.399077 -1.545479 1.097790 17.807703
145.303 -1.393115 -1.534788 1.036703 17.819944
145.402 -1.447512 -1.514161 0.954955 17.878120
145.502 -1.440833 -1.505311 0.906260 17.889208
145.602 -1.430814 -1.493440 0.839763 17.904741
145.702 -1.422531 -1.484796 0.785658 17.916713
145.812 -1.414288 -1.477001 0.742025 17.928059
145.903 -1.403670 -1.467891 0.691410 17.942049
146.007 -1.391476 -1.458434 0.639050 17.957480
146.102 -1.382974 -1.452403 0.602399 17.967904
146.202 -1.371381 -1.444632 0.565579 17.981860
146.302 -1.355173 -1.396084 0.525271 18.033042
146.402 -1.345652 -1.390793 0.495426 18.043935
146.510 -1.335887 -1.385717 0.469246 18.054940
146.604 -1.317498 -1.377167 0.411650 18.075219
146.702 -1.306464 -1.372603 0.380234 18.087161
146.802 -1.296809 -1.368772 0.371508 18.097548
146.902 -1.278102 -1.361822 0.338346 18.117504
147.002 -1.266829 -1.358112 0.305185 18.129371
147.103 -1.255665 -1.354764 0.282496 18.141026
147.202 -1.239006 -1.350094 0.263297 18.158329
147.302 -1.222332 -1.345811 0.238863 18.175543
147.402 -1.207945 -1.342634 0.205701 18.190277
147.502 -1.196405 -1.339952 0.179435 18.202124
147.602 -1.181126 -1.322035 0.164504 18.225672
147.702 -1.164042 -1.319230 0.162758 18.242984
147.802 -1.152772 -1.317395 0.161013 18.254402
147.902 -1.135940 -1.314661 0.161013 18.271455
148.003 -1.127247 -1.313254 0.159268 18.280261
148.104 -1.106253 -1.309882 0.159268 18.301524
148.202 -1.094365 -1.307972 0.159268 18.313565
148.302 -1.082604 -1.306104 0.157522 18.325473
148.402 -1.063435 -1.303054 0.157522 18.344883
148.507 -1.052323 -1.301289 0.157522 18.356134
148.602 -1.041338 -1.299545 0.157522 18.367257
148.702 -1.021295 -1.296397 0.155777 18.387546
148.802 -1.010628 -1.294722 0.155777 18.398344
148.902 -0.999299 -1.292942 0.155777 18.409811
149.002 -0.979390 -1.289405 0.192429 18.430033
149.102 -0.967930 -1.287021 0.206391 18.441738
149.203 -0.956893 -1.284710 0.206391 18.453014
149.303 -0.938302 -1.280740 0.223845 18.472025
149.402 -0.926947 -1.278057 0.239553 18.483692
149.509 -0.915970 -1.275230 0.258751 18.495027
149.602 -0.896301 -1.269575 0.297149 18.515493
149.702 -0.884777 -1.265862 0.319838 18.527600
149.802 -0.874436 -1.262291 0.335546 18.538540
149.902 -0.856447 -1.255837 0.356490 18.557652
150.002 -0.845598 -1.251632 0.375688 18.569287
150.102 -0.834438 -1.247075 0.396632 18.581342
150.202 -0.816594 -1.239067 0.440440 18.600900
150.302 -0.809304 -1.235567 0.451087 18.608988
150.402 -0.791881 -1.226496 0.501701 18.628630
150.502 -0.782385 -1.221126 0.521074 18.639539
150.602 -0.770817 -1.204850 0.557967 18.659507
150.702 -0.763404 -1.110350 0.571250 18.754298
150.802 -0.753751 -1.104320 0.545245 18.765679
150.902 -0.744020 -1.098792 0.494456 18.776871
151.019 -0.727451 -1.090856 0.415916 18.795242
151.103 -0.713115 -1.085332 0.339121 18.810606
151.203 -0.700652 -1.081442 0.279780 18.823662
151.302 -0.689308 -1.078588 0.225675 18.835359
151.402 -0.670899 -1.075486 0.122700 18.854027
151.502 -0.659832 -1.074552 0.059869 18.865134
151.611 -0.648503 -1.074286 0.000527 18.876466
151.703 -0.631501 -1.075200 -0.088484 18.893493
151.812 -0.611301 -1.078001 -0.175751 18.913886
151.913 -0.605745 -1.079092 -0.200360 18.919548
152.002 -0.588846 -1.083232 -0.268253 18.936947
152.106 -0.573059 -1.088226 -0.331260 18.953505
152.202 -0.558761 -1.152653 -0.387980 19.019500
152.315 -0.540403 -1.183000 -0.454154 19.054967
152.402 -0.525955 -1.190623 -0.508434 19.071303
152.507 -0.519055 -1.194666 -0.539675 19.079300
152.602 -0.505674 -1.202902 -0.564633 19.095013
152.702 -0.494422 -1.210252 -0.585577 19.108453
152.802 -0.486156 -1.121637 -0.591956 19.197453
152.903 -0.477207 -1.127809 -0.611155 19.208325
153.002 -0.466417 -1.135620 -0.640825 19.221645
153.102 -0.457437 -1.142370 -0.646410 19.232879
153.202 -0.443352 -1.153309 -0.667529 19.250713
153.302 -0.434232 -1.160596 -0.678001 19.262386
153.402 -0.418592 -1.173600 -0.704530 19.282727
153.502 -0.409310 -1.181611 -0.716747 19.294987
153.602 -0.400665 -1.189278 -0.727219 19.306543
153.702 -0.387297 -1.201294 -0.735946 19.324517
153.804 -0.376620 -1.211164 -0.755144 19.339057
153.902 -0.367886 -1.219434 -0.762126 19.351085
154.002 -0.357838 -1.229176 -0.770852 19.365081
154.102 -0.345400 -1.241328 -0.776088 19.382470
154.202 -0.336899 -1.249694 -0.777834 19.394396
154.303 -0.322150 -1.264309 -0.783070 19.415161
154.405 -0.313666 -1.272753 -0.783070 19.427131
154.502 -0.305442 -1.280960 -0.784815 19.438749
154.602 -0.293018 -1.293370 -0.784815 19.456309
154.702 -0.282221 -1.304124 -0.783070 19.471548
154.803 -0.273908 -1.312427 -0.784815 19.483298
154.902 -0.261377 -1.324980 -0.788306 19.501035
155.002 -0.248995 -1.337369 -0.784815 19.518550
155.102 -0.242807 -1.343521 -0.781324 19.527275
155.202 -0.229828 -1.356300 -0.774343 19.545490
155.302 -0.219809 -1.365962 -0.765616 19.559409
155.403 -0.211272 -1.373941 -0.744673 19.571094
155.502 -0.197789 -1.386065 -0.720238 19.589226
155.602 -0.189542 -1.393238 -0.713257 19.600156
155.704 -0.177089 -1.403728 -0.692313 19.616439
155.802 -0.146027 -1.411461 -0.689861 19.648449
155.902 -0.051426 -1.415705 -0.710479 19.743146
156.002 -0.042700 -1.423171 -0.706814 19.754630
156.108 -0.029231 -1.434542 -0.694247 19.772257
156.204 -0.018138 -1.443728 -0.688662 19.786659
156.303 -0.008753 -1.451446 -0.686917 19.798810
156.402 -0.000122 -1.458485 -0.683252 19.809948
156.502 0.016110 -1.471572 -0.675921 19.830797
156.603 0.024614 -1.478214 -0.651312 19.841588
156.702 0.037424 -1.487656 -0.619722 19.857502
156.803 0.046338 -1.493782 -0.591971 19.868318
156.902 0.060736 -1.503035 -0.551654 19.885433
157.002 0.072711 -1.510108 -0.523729 19.899341
157.102 0.082663 -1.515605 -0.494058 19.910710
157.202 0.095213 -1.522048 -0.460897 19.924817
157.302 0.110505 -1.529160 -0.419009 19.941683
157.402 0.120619 -1.533580 -0.408362 19.952720
157.502 0.134007 -1.539077 -0.377121 19.967193
157.602 0.149044 -1.544898 -0.361064 19.983317
157.702 0.158426 -1.548360 -0.350243 19.993318
157.802 0.167998 -1.551780 -0.341342 20.003482
157.902 0.184407 -1.557484 -0.326855 20.020854
158.002 0.193209 -1.560446 -0.323190 20.030141
158.102 0.202615 -1.563549 -0.315860 20.040046
158.202 0.219280 -1.568808 -0.296312 20.057521
158.302 0.229791 -1.571928 -0.284095 20.068485
158.402 0.240949 -1.575088 -0.264896 20.080082
158.502 0.260375 -1.579831 -0.223008 20.100079
158.602 0.270942 -1.582155 -0.223008 20.110898
158.702 0.282100 -1.584836 -0.242207 20.122374
158.802 0.301483 -1.589996 -0.272052 20.142432
158.902 0.370385 -1.482422 -0.203052 20.270181
159.007 0.396728 -1.466894 -0.203225 20.300760
159.102 0.410490 -1.469825 -0.213697 20.314830
159.202 0.422238 -1.472415 -0.222773 20.326860
159.304 0.440053 -1.476937 -0.264486 20.345240
159.403 0.453908 -1.481017 -0.301312 20.359683
159.504 0.464166 -1.484491 -0.339535 20.370514
159.603 0.479525 -1.490302 -0.372871 20.386935
159.703 0.493342 -1.496011 -0.401145 20.401886
159.802 0.503728 -1.500545 -0.417028 20.413218
159.902 0.518936 -1.507605 -0.443557 20.429985
160.002 0.528782 -1.512381 -0.456123 20.440928
160.103 0.543578 -1.520022 -0.491030 20.457581
160.202 0.555925 -1.526680 -0.494520 20.471608
160.302 0.568757 -1.533631 -0.496440 20.486203
160.402 0.579099 -1.539257 -0.500105 20.497975
160.502 0.594897 -1.547906 -0.501851 20.515986
160.616 0.613435 -1.558078 -0.501851 20.537131
160.702 0.618684 -1.560965 -0.503771 20.543122
160.803 0.633778 -1.569265 -0.503771 20.560347
160.902 0.644336 -1.575109 -0.505516 20.572415
161.002 0.659871 -1.583745 -0.509181 20.590189
161.103 0.672850 -1.591004 -0.511101 20.605060
161.202 0.682555 -1.596440 -0.509181 20.616183
161.302 0.695839 -1.603819 -0.505516 20.631379
161.402 0.710665 -1.611985 -0.503771 20.648306
161.502 0.720124 -1.617181 -0.501851 20.659097
161.602 0.734557 -1.625136 -0.503771 20.675578
161.713 0.747285 -1.632164 -0.505516 20.690118
161.802 0.757280 -1.637715 -0.507436 20.701550
161.902 0.770095 -1.644899 -0.512846 20.716242
162.002 0.849089 -1.611562 -0.562089 20.801983
162.102 0.859286 -1.617997 -0.564008 20.814040
162.202 0.868814 -1.624024 -0.565754 20.825314
162.302 0.885859 -1.634835 -0.565754 20.845499
162.402 0.895547 -1.640879 -0.553362 20.856917
162.503 0.910387 -1.649877 -0.537130 20.874272
162.602 0.919734 -1.655389 -0.533814 20.885124
162.703 0.929116 -1.660909 -0.531894 20.896009
162.802 0.946436 -1.670820 -0.500653 20.915965
162.902 0.955459 -1.675621 -0.486516 20.926185
163.002 0.967443 -1.681806 -0.474124 20.939671
163.102 0.981824 -1.689113 -0.468539 20.955802
163.202 0.991237 -1.693687 -0.444104 20.966268
163.302 1.004995 -1.699844 -0.400471 20.981341
163.411 1.017703 -1.705098 -0.386334 20.995091
163.502 1.027436 -1.708995 -0.375687 21.005576
163.603 1.037682 -1.712967 -0.365041 21.016565
163.703 1.055034 -1.719379 -0.345319 21.035064
163.802 1.065836 -1.723058 -0.319139 21.046475
163.902 1.077132 -1.726617 -0.296624 21.058318
164.003 1.097363 -1.732286 -0.254562 21.079329
164.102 1.108729 -1.735124 -0.236934 21.091044
164.202 1.119892 -1.737706 -0.226462 21.102501
164.302 1.138934 -1.742074 -0.224716 21.122038
164.402 1.150133 -1.744622 -0.224716 21.133523
164.503 1.162732 -1.747515 -0.226462 21.146449
164.602 1.180903 -1.751600 -0.215815 21.165075
164.702 1.190537 -1.753672 -0.208834 21.174929
164.802 1.206542 -1.757026 -0.205169 21.191281
164.902 1.218129 -1.759448 -0.205169 21.203119
165.002 1.234583 -1.762886 -0.206914 21.219928
165.102 1.261874 -1.742549 -0.185579 21.253964
165.207 1.295373 -1.705475 -0.151232 21.303930
165.302 1.309741 -1.707665 -0.151232 21.318464
165.402 1.326704 -1.710500 -0.177587 21.335662
165.515 1.343003 -1.713740 -0.207432 21.352280
165.602 1.351750 -1.715645 -0.217904 21.361232
165.703 1.365764 -1.718940 -0.240768 21.375628
165.802 1.381867 -1.723124 -0.262235 21.392266
165.902 1.395166 -1.726861 -0.284924 21.406080
166.002 1.405064 -1.729884 -0.300807 21.416430
166.102 1.416030 -1.733426 -0.320355 21.427953
166.203 1.433849 -1.739570 -0.336412 21.446802
166.303 1.445027 -1.743605 -0.352294 21.458686
166.402 1.455670 -1.747609 -0.369747 21.470057
166.502 1.475138 -1.755518 -0.399767 21.491070
166.602 1.485763 -1.760145 -0.417569 21.502659
166.703 1.496055 -1.764799 -0.433277 21.513954
166.802 1.513486 -1.773092 -0.449509 21.533258
166.902 1.522737 -1.777617 -0.458585 21.543556
167.002 1.532536 -1.782523 -0.465915 21.554515
167.102 1.551344 -1.792105 -0.474991 21.575623
167.202 1.561399 -1.797311 -0.478656 21.586945
167.302 1.572032 -1.802842 -0.480576 21.598931
167.402 1.590453 -1.812506 -0.485986 21.619733
167.502 1.600592 -1.817875 -0.487906 21.631206
167.602 1.611408 -1.823667 -0.496807 21.643475
167.702 1.628718 -1.833173 -0.507628 21.663223
167.802 1.639300 -1.839079 -0.509548 21.675342
167.903 1.649407 -1.844726 -0.509548 21.686920
168.002 1.667496 -1.854808 -0.507628 21.707628
168.102 1.677639 -1.860414 -0.503963 21.719217
168.202 1.687833 -1.866030 -0.502218 21.730856
168.302 1.749219 -1.841936 -0.631026 21.796801
168.403 1.764471 -1.851761 -0.631264 21.814944
168.502 1.771425 -1.856844 -0.631264 21.823558
168.602 1.787992 -1.868707 -0.613636 21.843934
168.702 1.797666 -1.875317 -0.596183 21.855650
168.802 1.807166 -1.881672 -0.581871 21.867080
168.902 1.822117 -1.891013 -0.543474 21.884709
169.002 1.830910 -1.896187 -0.522355 21.894912
169.102 1.840004 -1.901250 -0.499666 21.905320
169.202 1.851591 -1.907322 -0.471741 21.918401
169.302 1.867883 -1.915268 -0.438405 21.936528
169.402 1.878886 -1.920288 -0.420777 21.948622
169.502 1.897491 -1.928256 -0.389012 21.968861
169.602 1.907695 -1.932399 -0.382031 21.979875
169.702 1.919226 -1.936925 -0.369464 21.992262
169.802 1.934496 -1.942673 -0.350091 22.008578
169.902 1.944599 -1.946291 -0.339445 22.019309
170.002 1.957896 -1.950909 -0.332463 22.033385
170.102 1.969302 -1.954805 -0.326878 22.045439
170.202 1.985678 -1.960324 -0.323213 22.062719
170.302 1.999302 -1.964803 -0.316232 22.077060
170.402 2.015809 -1.970181 -0.316232 22.094422
170.503 2.027186 -1.973914 -0.317977 22.106395
170.602 2.041708 -1.978694 -0.317977 22.121684
170.702 2.058609 -1.984252 -0.316232 22.139475
170.802 2.069942 -1.987982 -0.317977 22.151406
170.902 2.081148 -1.991687 -0.321642 22.163209
171.003 2.100734 -1.998254 -0.325308 22.183867
171.110 2.111620 -2.001964 -0.328973 22.195367
171.202 2.122530 -2.005822 -0.346775 22.206940
171.302 2.135609 -2.010724 -0.368068 22.220907
171.402 2.209191 -1.930821 -0.291325 22.329529
171.502 2.220552 -1.934255 -0.294990 22.341398
171.603 2.239461 -1.940301 -0.324486 22.361251
171.702 2.250229 -1.944084 -0.347525 22.372663
171.803 2.260652 -1.948033 -0.368469 22.383810
171.902 2.276376 -1.954481 -0.405470 22.400804
172.002 2.291066 -1.961114 -0.431650 22.416922
172.102 2.298785 -1.964783 -0.449452 22.425469
172.208 2.313692 -1.972225 -0.474410 22.442130
172.303 2.327871 -1.979707 -0.492038 22.458163
172.402 2.335569 -1.984009 -0.518218 22.466981
172.502 2.350249 -1.992970 -0.568833 22.484180
172.602 2.362207 -2.000838 -0.584890 22.498494
172.702 2.376983 -2.010833 -0.600772 22.516333
172.807 2.386572 -2.017499 -0.611593 22.528012
172.902 2.396221 -2.024413 -0.627650 22.539882
173.002 2.412410 -2.036495 -0.654179 22.560082
173.102 2.421597 -2.043712 -0.671632 22.571765
173.202 2.430304 -2.050908 -0.703048 22.583061
173.302 2.445845 -2.064516 -0.730974 22.603717
173.402 2.453897 -2.071889 -0.748427 22.614635
173.502 2.461871 -2.079420 -0.762390 22.625603
173.602 2.473998 -2.091288 -0.779843 22.642571
173.703 2.486682 -2.103922 -0.786824 22.660474
173.802 2.492769 -2.110062 -0.790315 22.669119
173.908 2.505335 -2.122871 -0.797296 22.687064
174.002 2.547404 -2.125232 -0.948836 22.729198
174.102 2.554756 -2.135633 -0.959308 22.741936
174.202 2.564180 -2.148872 -0.934874 22.758186
174.302 2.573349 -2.160811 -0.892986 22.773240
174.402 2.578391 -2.166806 -0.861570 22.781073
174.503 2.590158 -2.179542 -0.800483 22.798413
174.602 2.601982 -2.190892 -0.735906 22.814803
174.702 2.607712 -2.195907 -0.709901 22.822417
174.802 2.620358 -2.206033 -0.650385 22.838618
174.902 2.634254 -2.215855 -0.589298 22.855635
175.011 2.646031 -2.223437 -0.557708 22.869642
175.119 2.655864 -2.229400 -0.533273 22.881141
175.202 2.670173 -2.237490 -0.502032 22.897579
175.303 2.676939 -2.241097 -0.484579 22.905246
175.402 2.686016 -2.245698 -0.459970 22.915423
175.504 2.702786 -2.253636 -0.426808 22.933976
175.602 2.712845 -2.258050 -0.407610 22.944962
175.702 2.731767 -2.257538 -0.371883 22.963891
175.802 2.764443 -2.236567 -0.345671 23.002718
175.902 2.773019 -2.239566 -0.329788 23.011802
176.010 2.785267 -2.243618 -0.310590 23.024704
176.102 2.795937 -2.246948 -0.294882 23.035881
176.202 2.804905 -2.249737 -0.308670 23.045273
176.303 2.817316 -2.253869 -0.331708 23.058354
176.402 2.825616 -2.256892 -0.359633 23.067187
176.503 2.837142 -2.261545 -0.401521 23.079616
176.602 2.846369 -2.265728 -0.439919 23.089748
176.702 2.853948 -2.269451 -0.467844 23.098191
176.802 2.860942 -2.273046 -0.474825 23.106056
176.902 2.861978 -2.273578 -0.473080 23.107220
177.002 2.861995 -2.273586 -0.473080 23.107239
177.102 2.861995 -2.273586 -0.473080 23.107239
177.202 2.861995 -2.273586 -0.473080 23.107239
177.302 2.861995 -2.273586 -0.473080 23.107239
177.402 2.861995 -2.273586 -0.474825 23.107239
177.506 2.862048 -2.273614 -0.474825 23.107299
177.602 2.862084 -2.273632 -0.474825 23.107340
177.714 2.862190 -2.273687 -0.474825 23.107459
177.802 2.862173 -2.273678 -0.476745 23.107479
177.902 2.862155 -2.273669 -0.478490 23.107498
178.002 2.861959 -2.273567 -0.480410 23.107719
178.102 2.861852 -2.273511 -0.482156 23.107841
178.202 2.862104 -2.273644 -0.485821 23.108126
178.302 2.862364 -2.273781 -0.487741 23.108420
178.402 2.862488 -2.273847 -0.489486 23.108561
178.502 2.862647 -2.273932 -0.491406 23.108741
178.602 2.862806 -2.274017 -0.495071 23.108921
178.703 2.862787 -2.274007 -0.496816 23.108942
178.802 2.862682 -2.273950 -0.500482 23.109061
178.902 2.877663 -2.273125 -0.546499 23.124065
179.002 2.877475 -2.273010 -0.548419 23.124284
179.103 2.877458 -2.273000 -0.550164 23.124304
179.202 2.877559 -2.273062 -0.553829 23.124422
179.302 2.877696 -2.273147 -0.555749 23.124583
179.402 2.877764 -2.273189 -0.557494 23.124663
179.503 2.877746 -2.273178 -0.561160 23.124683
179.602 2.877694 -2.273146 -0.563079 23.124745
179.703 2.877694 -2.273146 -0.564825 23.124745
179.802 2.877643 -2.273113 -0.566745 23.124805
179.902 2.877593 -2.273081 -0.568490 23.124865
180.002 2.877442 -2.272984 -0.572155 23.125045
180.102 2.877341 -2.272919 -0.577740 23.125164
180.202 2.877190 -2.272820 -0.579486 23.125345
180.302 2.877073 -2.272743 -0.581405 23.125485
180.405 2.877141 -2.272788 -0.583151 23.125566
180.503 2.877206 -2.272831 -0.585071 23.125645
180.602 2.877256 -2.272865 -0.586816 23.125705
180.708 2.877306 -2.272898 -0.590481 23.125765
180.803 2.877306 -2.272898 -0.592401 23.125765
180.902 2.877357 -2.272932 -0.594146 23.125826
181.004 2.877439 -2.272988 -0.592401 23.125925
181.102 2.877680 -2.273149 -0.590481 23.126215
181.202 2.881893 -2.275973 -0.590481 23.131287
181.302 2.894014 -2.284080 -0.588736 23.145869
181.402 2.900471 -2.288408 -0.590481 23.153642
181.502 2.910117 -2.294852 -0.590481 23.165243
181.602 2.916780 -2.299310 -0.588736 23.173260
181.702 2.926557 -2.305847 -0.588736 23.185021
181.802 2.934660 -2.311266 -0.590481 23.194769
181.902 2.947603 -2.318501 -0.611468 23.209597
182.002 2.962111 -2.322645 -0.660285 23.224685
182.102 2.971651 -2.330062 -0.660285 23.236769
182.202 2.979357 -2.336059 -0.662030 23.246534
182.302 2.985401 -2.340758 -0.660285 23.254189
182.402 2.991401 -2.345412 -0.660285 23.261782
182.502 3.001160 -2.352981 -0.658365 23.274133
182.602 3.010263 -2.360027 -0.660285 23.285645
182.702 3.018110 -2.366120 -0.660285 23.295579
182.802 3.026172 -2.372371 -0.658365 23.305781
182.902 3.032480 -2.377260 -0.658365 23.313762
183.002 3.038695 -2.382067 -0.658365 23.321619
183.102 3.049692 -2.390583 -0.658365 23.335528
183.202 3.055830 -2.395331 -0.658365 23.343287
183.302 3.061928 -2.400048 -0.658365 23.350997
183.402 3.072811 -2.408465 -0.658365 23.364755
183.506 3.078905 -2.413179 -0.658365 23.372459
183.602 3.085165 -2.418013 -0.656619 23.380369
183.702 3.095847 -2.426258 -0.658365 23.393863
183.802 3.102549 -2.431427 -0.656619 23.402326
183.902 3.107200 -2.435020 -0.658365 23.408204
184.007 3.107767 -2.435459 -0.656619 23.408921
184.106 3.107658 -2.435375 -0.656619 23.409058
184.202 3.107658 -2.435375 -0.656619 23.409058
184.302 3.107658 -2.435375 -0.656619 23.409058
184.402 3.107658 -2.435375 -0.656619 23.409058
184.502 3.107611 -2.435338 -0.656619 23.409118
184.602 3.107532 -2.435277 -0.656619 23.409218
184.704 3.107532 -2.435277 -0.656619 23.409218
184.802 3.107532 -2.435277 -0.656619 23.409218
184.902 3.107532 -2.435277 -0.656619 23.409218
185.002 3.107532 -2.435277 -0.656619 23.409218
185.102 3.125650 -2.420896 -0.656707 23.432350
185.202 3.125650 -2.420896 -0.656707 23.432350
185.302 3.125650 -2.420896 -0.656707 23.432350
185.402 3.125650 -2.420896 -0.656707 23.432350
185.502 3.125650 -2.420896 -0.656707 23.432350
185.602 3.125650 -2.420896 -0.656707 23.432350
185.702 3.125650 -2.420896 -0.656707 23.432350
185.802 3.125650 -2.420896 -0.656707 23.432350
185.902 3.125650 -2.420896 -0.656707 23.432350
186.002 3.125650 -2.420896 -0.656707 23.432350
186.102 3.125650 -2.420896 -0.656707 23.432350
186.202 3.125650 -2.420896 -0.656707 23.432350
186.302 3.125650 -2.420896 -0.656707 23.432350
186.403 3.125650 -2.420896 -0.656707 23.432350
186.502 3.125650 -2.420896 -0.656707 23.432350
186.602 3.125650 -2.420896 -0.656707 23.432350
186.702 3.125650 -2.420896 -0.656707 23.432350
186.802 3.125650 -2.420896 -0.656707 23.432350
186.902 3.125650 -2.420896 -0.656707 23.432350
187.002 3.125650 -2.420896 -0.656707 23.432350
187.102 3.125650 -2.420896 -0.656707 23.432350
187.202 3.125650 -2.420896 -0.656707 23.432350
187.302 3.125650 -2.420896 -0.656707 23.432350
187.403 3.125650 -2.420896 -0.656707 23.432350
187.502 3.125650 -2.420896 -0.656707 23.432350
187.602 3.125650 -2.420896 -0.656707 23.432350
187.702 3.125650 -2.420896 -0.656707 23.432350
187.802 3.125650 -2.420896 -0.656707 23.432350
187.902 3.125650 -2.420896 -0.656707 23.432350
188.002 3.125650 -2.420896 -0.656707 23.432350
188.103 3.131800 -2.419463 -0.655145 23.438665
188.208 3.131800 -2.419463 -0.655145 23.438665
188.302 3.131800 -2.419463 -0.655145 23.438665
188.402 3.131800 -2.419463 -0.655145 23.438665
188.502 3.131800 -2.419463 -0.655145 23.438665
188.602 3.131800 -2.419463 -0.655145 23.438665
188.702 3.131800 -2.419463 -0.655145 23.438665
188.802 3.131800 -2.419463 -0.655145 23.438665
188.902 3.131800 -2.419463 -0.655145 23.438665
189.002 3.131800 -2.419463 -0.655145 23.438665
189.102 3.131800 -2.419463 -0.655145 23.438665
189.202 3.131800 -2.419463 -0.655145 23.438665
189.302 3.131800 -2.419463 -0.655145 23.438665
189.402 3.131800 -2.419463 -0.655145 23.438665
189.502 3.131800 -2.419463 -0.655145 23.438665
189.602 3.131800 -2.419463 -0.655145 23.438665
189.702 3.131800 -2.419463 -0.655145 23.438665
189.802 3.131800 -2.419463 -0.655145 23.438665
189.902 3.131800 -2.419463 -0.655145 23.438665
190.002 3.131800 -2.419463 -0.655145 23.438665
190.103 3.131800 -2.419463 -0.655145 23.438665
190.202 3.131800 -2.419463 -0.655145 23.438665
190.302 3.131800 -2.419463 -0.655145 23.438665
190.402 3.131800 -2.419463 -0.655145 23.438665
190.502 3.131800 -2.419463 -0.655145 23.438665
190.603 3.131768 -2.419439 -0.655145 23.438705
190.702 3.131768 -2.419439 -0.655145 23.438705
190.802 3.131753 -2.419427 -0.655145 23.438724
190.902 3.131753 -2.419427 -0.655145 23.438724
191.002 3.131753 -2.419427 -0.655145 23.438724
191.102 3.131753 -2.419427 -0.655145 23.438724
191.202 3.131575 -2.419605 -0.655143 23.438976
191.302 3.130190 -2.420991 -0.655125 23.440935
191.402 3.130190 -2.420991 -0.655125 23.440935
191.502 3.130190 -2.420991 -0.655125 23.440935
191.607 3.130190 -2.420991 -0.655125 23.440935
191.702 3.130190 -2.420991 -0.655125 23.440935
191.802 3.130190 -2.420991 -0.655125 23.440935
191.902 3.130190 -2.420991 -0.655125 23.440935
192.002 3.130190 -2.420991 -0.655125 23.440935
192.102 3.130190 -2.420991 -0.655125 23.440935
192.202 3.130190 -2.420991 -0.655125 23.440935
192.302 3.130190 -2.420991 -0.655125 23.440935
192.402 3.130190 -2.420991 -0.655125 23.440935
192.502 3.130190 -2.420991 -0.655125 23.440935
192.602 3.130190 -2.420991 -0.655125 23.440935
192.702 3.130190 -2.420991 -0.655125 23.440935
192.802 3.130190 -2.420991 -0.655125 23.440935
192.902 3.130190 -2.420991 -0.655125 23.440935
193.002 3.130190 -2.420991 -0.655125 23.440935
193.102 3.130190 -2.420991 -0.655125 23.440935
193.202 3.130190 -2.420991 -0.655125 23.440935
193.302 3.130190 -2.420991 -0.655125 23.440935
193.403 3.130190 -2.420991 -0.655125 23.440935
193.502 3.130190 -2.420991 -0.655125 23.440935
193.602 3.130110 -2.420929 -0.655125 23.441036
193.702 3.130110 -2.420929 -0.655125 23.441036
193.802 3.130110 -2.420929 -0.655125 23.441036
193.902 3.130110 -2.420929 -0.655125 23.441036
194.002 3.130110 -2.420929 -0.655125 23.441036
194.102 3.130110 -2.420929 -0.655125 23.441036
194.202 3.130110 -2.420929 -0.655125 23.441036
194.302 3.130110 -2.420105 -0.655118 23.441860
194.403 3.130114 -2.416251 -0.655084 23.445714
194.502 3.130114 -2.416251 -0.655084 23.445714
194.602 3.130114 -2.416251 -0.655084 23.445714
194.702 3.130114 -2.416251 -0.655084 23.445714
194.802 3.130114 -2.416251 -0.655084 23.445714
194.902 3.130114 -2.416251 -0.655084 23.445714
195.002 3.130114 -2.416251 -0.655084 23.445714
195.102 3.130114 -2.416251 -0.655084 23.445714
195.202 3.130114 -2.416251 -0.655084 23.445714
195.302 3.130114 -2.416251 -0.655084 23.445714
195.402 3.130114 -2.416251 -0.655084 23.445714
195.502 3.130114 -2.416251 -0.655084 23.445714
195.602 3.130114 -2.416251 -0.655084 23.445714
195.702 3.130114 -2.416251 -0.655084 23.445714
195.803 3.130114 -2.416251 -0.655084 23.445714
195.902 3.130114 -2.416251 -0.655084 23.445714
196.002 3.130114 -2.416251 -0.655084 23.445714
196.104 3.130114 -2.416251 -0.655084 23.445714
196.202 3.130114 -2.416251 -0.655084 23.445714
196.302 3.130114 -2.416251 -0.655084 23.445714
196.402 3.130114 -2.416251 -0.655084 23.445714
196.503 3.130114 -2.416251 -0.655084 23.445714
196.603 3.130114 -2.416251 -0.655084 23.445714
196.702 3.130114 -2.416251 -0.655084 23.445714
196.802 3.130114 -2.416251 -0.655084 23.445714
