# t_sec x y yaw_rad cum_dist_m
0.136 0.001562 0.003125 -0.000000 0.000000
0.201 0.001562 0.003125 -0.000000 0.000000
0.301 0.001562 0.003125 -0.000000 0.000000
0.404 0.001562 0.003125 -0.000000 0.000000
0.511 0.001562 0.003125 -0.000000 0.000000
0.601 0.001562 0.003125 -0.000000 0.000000
0.701 0.001562 0.003125 -0.000000 0.000000
0.802 0.001501 0.003125 0.006981 0.000061
0.903 0.001162 0.003120 0.020944 0.000401
1.001 0.001362 0.003129 0.048869 0.000601
1.101 0.001694 0.003152 0.075049 0.000934
1.202 0.001746 0.003152 0.120428 0.000986
1.301 0.001600 0.003133 0.141372 0.001134
1.401 0.001878 0.003177 0.171042 0.001415
1.501 0.001824 0.003165 0.218166 0.001471
1.601 0.001785 0.003156 0.233874 0.001511
1.706 0.002072 0.003237 0.296706 0.001809
1.801 0.001900 0.003181 0.324457 0.001990
1.901 0.001863 0.003168 0.354476 0.002030
2.008 0.002199 0.003299 0.384147 0.002391
2.102 0.002127 0.003262 0.426035 0.002472
2.201 0.002145 0.003274 0.453960 0.002495
2.307 0.048103 0.051473 0.516497 0.069093
2.407 0.047897 0.051349 0.563621 0.069334
2.501 0.047983 0.051404 0.577409 0.069436
2.601 0.048273 0.051599 0.622962 0.069785
2.702 0.047816 0.051262 0.652633 0.070352
2.802 0.048252 0.051608 0.678813 0.070908
2.901 0.048292 0.051630 0.722446 0.070953
3.002 0.048460 0.051799 0.771315 0.071192
3.101 0.048628 0.051965 0.787023 0.071428
3.206 0.048122 0.051427 0.827166 0.072167
3.302 0.048628 0.052027 0.870799 0.072952
3.401 0.048676 0.052085 0.891743 0.073027
3.501 0.048666 0.052070 0.942357 0.073045
3.601 0.048699 0.052119 0.972028 0.073104
3.701 0.048802 0.052285 1.008680 0.073300
3.806 0.059553 0.041714 1.033061 0.088378
3.909 0.062241 0.037764 1.071330 0.093155
4.001 0.062298 0.037873 1.097509 0.093278
4.101 0.062530 0.038357 1.144633 0.093815
4.201 0.062514 0.038319 1.172733 0.093855
4.301 0.062359 0.037924 1.200484 0.094280
4.401 0.062384 0.038024 1.247782 0.094384
4.514 0.062474 0.038290 1.280944 0.094665
4.607 0.062439 0.038179 1.308869 0.094782
4.706 0.062530 0.038544 1.336794 0.095159
4.801 0.062585 0.038810 1.383918 0.095430
4.907 0.062619 0.038981 1.418999 0.095604
5.005 0.062582 0.038686 1.452160 0.095901
5.101 0.062583 0.038710 1.481831 0.095926
5.202 0.062596 0.038888 1.509756 0.096104
5.323 0.103185 0.041317 1.544910 0.136766
5.401 0.103185 0.041739 1.583307 0.137189
5.501 0.103183 0.042054 1.630431 0.137504
5.601 0.103186 0.041996 1.654866 0.137562
5.704 0.103170 0.042145 1.681046 0.137712
5.808 0.103190 0.041986 1.728169 0.137871
5.902 0.103145 0.042228 1.754349 0.138117
6.002 0.103152 0.042206 1.789256 0.138139
6.101 0.103150 0.042206 1.832889 0.138141
6.218 0.103095 0.042399 1.848597 0.138342
6.306 0.103036 0.042594 1.883504 0.138546
6.406 0.103086 0.042451 1.925392 0.138697
6.503 0.102978 0.042715 1.963789 0.138982
6.601 0.102964 0.042750 1.989969 0.139020
6.702 0.094567 0.040887 2.049150 0.147621
6.802 0.094427 0.041150 2.061368 0.147919
6.902 0.094387 0.041224 2.099765 0.148003
7.002 0.094333 0.041296 2.146889 0.148093
7.102 0.094289 0.041363 2.160851 0.148173
7.202 0.094498 0.041085 2.213037 0.148521
7.302 0.094146 0.041533 2.249863 0.149090
7.402 0.093855 0.041892 2.262081 0.149552
7.505 0.094128 0.041571 2.303968 0.149973
7.602 0.094047 0.041658 2.328403 0.150092
7.704 0.094387 0.041319 2.359994 0.150573
7.801 0.093694 0.041978 2.386173 0.151529
7.902 0.093886 0.041829 2.433297 0.151772
8.001 0.094254 0.041525 2.463142 0.152250
8.118 0.093722 0.041943 2.482167 0.152927
8.201 0.071965 0.028365 2.533708 0.178573
8.301 0.072080 0.028287 2.566695 0.178713
8.405 0.072181 0.028224 2.603521 0.178832
8.501 0.071973 0.028339 2.652390 0.179069
8.607 0.071958 0.028349 2.680665 0.179087
8.701 0.071822 0.028414 2.694627 0.179238
8.801 0.072006 0.028333 2.738261 0.179438
8.901 0.071703 0.028445 2.781894 0.179761
9.001 0.071524 0.028510 2.794111 0.179952
9.102 0.071795 0.028432 2.841235 0.180234
9.202 0.071868 0.028407 2.869160 0.180311
9.302 0.071289 0.028560 2.895340 0.180910
9.402 0.071729 0.028459 2.933737 0.181361
9.501 0.071477 0.028508 2.963408 0.181619
9.608 0.071155 0.028545 3.021004 0.181942
9.701 0.071060 0.028558 3.054165 0.182039
9.801 0.071560 0.028528 3.089072 0.182539
9.910 0.082670 0.029968 3.122951 0.193742
10.001 0.105112 0.032841 -3.123848 0.216368
10.101 0.105529 0.032858 -3.074978 0.216785
10.202 0.105395 0.032847 -3.052289 0.216919
10.303 0.105220 0.032830 -3.013892 0.217095
10.401 0.105458 0.032864 -2.991202 0.217335
10.502 0.104810 0.032747 -2.944079 0.217993
10.601 0.105521 0.032906 -2.909172 0.218721
10.702 0.105057 0.032782 -2.869029 0.219201
10.803 0.105117 0.032803 -2.828887 0.219264
10.903 0.104853 0.032711 -2.792235 0.219543
11.001 0.104609 0.032620 -2.781588 0.219803
11.101 0.104535 0.032594 -2.729229 0.219882
11.218 0.104735 0.032686 -2.706365 0.220102
11.301 0.104533 0.032576 -2.654005 0.220332
11.402 0.104358 0.032480 -2.633235 0.220532
11.501 0.102642 0.027914 -2.583777 0.225410
11.607 0.102434 0.027773 -2.541889 0.225661
11.708 0.102286 0.027671 -2.529672 0.225841
11.801 0.102688 0.027966 -2.489355 0.226340
11.901 0.102296 0.027650 -2.438915 0.226844
12.001 0.102523 0.027848 -2.412735 0.227144
12.103 0.102172 0.027524 -2.377829 0.227622
12.203 0.101801 0.027159 -2.355139 0.228142
12.302 0.102629 0.028023 -2.311506 0.229338
12.401 0.101770 0.027046 -2.283581 0.230639
12.505 0.101688 0.026951 -2.260891 0.230764
12.602 0.102260 0.027679 -2.212022 0.231690
12.703 0.102209 0.027624 -2.168389 0.231765
12.801 0.096865 0.033810 -2.143931 0.239941
12.901 0.087019 0.044081 -2.106826 0.254168
13.001 0.087020 0.044065 -2.068429 0.254184
13.101 0.086493 0.043053 -2.040503 0.255325
13.201 0.086439 0.042945 -2.010833 0.255445
13.301 0.086705 0.043536 -1.984653 0.256093
13.402 0.086642 0.043371 -1.946256 0.256271
13.501 0.086537 0.043088 -1.913094 0.256572
13.604 0.086506 0.042994 -1.881678 0.256671
13.707 0.086534 0.043086 -1.839791 0.256768
13.806 0.086508 0.042991 -1.827573 0.256866
13.901 0.086518 0.043065 -1.762996 0.256941
14.001 0.086518 0.043067 -1.742052 0.256943
14.109 0.086498 0.042992 -1.691438 0.257020
14.202 0.086503 0.043031 -1.675730 0.257059
14.312 0.086459 0.042550 -1.649550 0.257542
14.401 0.086458 0.042383 -1.586718 0.257709
14.501 0.086457 0.042180 -1.558793 0.257912
14.603 0.086458 0.042102 -1.530693 0.257990
14.701 0.043758 0.070008 -1.434480 0.308999
14.805 0.032701 0.076936 -1.394472 0.322048
14.901 0.032619 0.077361 -1.366721 0.322481
15.001 0.032755 0.076774 -1.322913 0.323083
15.101 0.032727 0.076871 -1.291497 0.323183
15.201 0.032689 0.077002 -1.263572 0.323320
15.301 0.032709 0.076920 -1.214528 0.323404
15.402 0.032667 0.077033 -1.186603 0.323525
15.501 0.032956 0.076353 -1.158678 0.324264
15.601 0.032859 0.076544 -1.115044 0.324478
15.704 0.032825 0.076613 -1.092355 0.324555
15.803 0.032972 0.076339 -1.057449 0.324865
15.902 0.032955 0.076370 -1.024287 0.324901
16.001 0.032869 0.076505 -0.994617 0.325061
16.109 -0.018712 0.062062 -0.908298 0.378625
16.209 -0.018574 0.061889 -0.857684 0.378847
16.302 -0.018839 0.062186 -0.838485 0.379245
16.402 -0.018900 0.062260 -0.807069 0.379342
16.501 -0.018689 0.062031 -0.761691 0.379653
16.602 -0.018905 0.062231 -0.728529 0.379948
16.701 -0.018419 0.061814 -0.705840 0.380588
16.805 -0.018592 0.061950 -0.676169 0.380807
16.903 -0.018559 0.061932 -0.648070 0.380844
17.002 -0.018410 0.061798 -0.595710 0.381045
17.102 -0.018593 0.061920 -0.569530 0.381264
17.201 -0.017822 0.061447 -0.541605 0.382169
17.301 -0.017906 0.061489 -0.506698 0.382263
17.403 -0.017905 0.061491 -0.468301 0.382265
17.502 -0.017922 0.061499 -0.457829 0.382284
17.602 -0.025067 0.052802 -0.407684 0.393540
17.703 -0.033962 0.042252 -0.363647 0.407339
17.802 -0.034307 0.042378 -0.339212 0.407707
17.902 -0.033704 0.042190 -0.293834 0.408339
18.001 -0.034259 0.042338 -0.251946 0.408913
18.107 -0.033982 0.042278 -0.217039 0.409197
18.202 -0.033577 0.042193 -0.185623 0.409611
18.307 -0.033662 0.042208 -0.159443 0.409698
18.401 -0.033407 0.042168 -0.117556 0.409956
18.501 -0.033723 0.042202 -0.103593 0.410274
18.601 -0.033579 0.042192 -0.066941 0.410417
18.701 -0.033579 0.042192 -0.058214 0.410418
18.803 -0.033780 0.042199 -0.023308 0.410619
18.902 -0.034157 0.042204 0.018580 0.410996
19.003 -0.034017 0.042208 0.034288 0.411136
19.103 -0.002901 0.034651 0.076388 0.443157
19.202 -0.002397 0.034688 0.072723 0.443661
19.302 -0.002397 0.034688 0.072723 0.443661
19.401 -0.002397 0.034688 0.072723 0.443661
19.502 -0.002397 0.034688 0.072723 0.443661
19.605 -0.002397 0.034688 0.072723 0.443661
19.701 -0.002397 0.034688 0.072723 0.443661
19.802 -0.002397 0.034688 0.072723 0.443661
19.903 -0.002397 0.034688 0.072723 0.443661
20.002 -0.002397 0.034688 0.072723 0.443661
20.102 -0.002397 0.034688 0.072723 0.443661
20.204 -0.002397 0.034688 0.072723 0.443661
20.302 -0.002397 0.034688 0.072723 0.443661
20.401 0.001562 0.034929 0.055269 0.447628
20.501 0.015071 0.035510 0.032405 0.461150
20.602 0.024460 0.035799 0.032405 0.470543
20.701 0.041752 0.036412 0.039561 0.487846
20.801 0.053758 0.036957 0.048288 0.499864
20.901 0.065069 0.037603 0.063996 0.511194
21.001 0.082210 0.038753 0.067661 0.528373
21.104 0.096666 0.039744 0.069406 0.542863
21.206 0.114393 0.041003 0.072897 0.560635
21.301 0.120199 0.041427 0.072897 0.566456
21.401 0.138019 0.042770 0.076388 0.584327
21.502 0.155844 0.044166 0.079878 0.602206
21.604 0.164654 0.044897 0.085114 0.611046
21.701 0.185294 0.046678 0.088605 0.631763
21.807 0.202987 0.048264 0.090350 0.649528
21.903 0.213920 0.049274 0.092096 0.660506
22.002 0.228102 0.050650 0.101171 0.674755
22.103 0.238924 0.051773 0.104837 0.685635
22.201 0.255559 0.053589 0.110247 0.702370
22.301 0.293325 0.066358 0.117778 0.742235
22.401 0.371854 0.091995 0.135622 0.824843
22.501 0.383557 0.093592 0.135622 0.836655
22.601 0.398109 0.095594 0.137367 0.851344
22.704 0.415585 0.098020 0.139113 0.868987
22.801 0.426451 0.099531 0.137367 0.879958
22.901 0.446611 0.102318 0.137367 0.900310
23.001 0.457787 0.103843 0.135622 0.911589
23.101 0.468869 0.105356 0.135622 0.922774
23.202 0.483460 0.107182 0.117994 0.937479
23.301 0.500672 0.109130 0.108918 0.954801
23.401 0.512056 0.110391 0.110838 0.966254
23.501 0.529530 0.112319 0.108918 0.983834
23.601 0.544052 0.113776 0.098272 0.998430
23.701 0.555413 0.114853 0.089545 1.009841
23.803 0.573401 0.116382 0.082564 1.027894
23.901 0.587641 0.117461 0.073837 1.042175
24.001 0.599383 0.118303 0.070172 1.053947
24.102 0.616957 0.119538 0.070172 1.071565
24.203 0.631758 0.120530 0.066507 1.086399
24.303 0.646340 0.121455 0.063016 1.101010
24.401 0.658028 0.122193 0.063016 1.112721
24.501 0.676018 0.123264 0.056035 1.130743
24.604 0.684998 0.123716 0.047308 1.139735
24.701 0.703071 0.124343 0.024444 1.157818
24.802 0.710996 0.124504 0.019208 1.165745
24.924 0.728677 0.124552 -0.008717 1.183426
25.001 0.748097 0.124247 -0.015698 1.202849
25.101 0.758846 0.124078 -0.015698 1.213599
25.203 0.772953 0.123867 -0.013953 1.227707
25.301 0.790668 0.123646 -0.012207 1.245424
25.411 0.806222 0.145845 -0.027964 1.272529
25.507 0.840628 0.177399 -0.051876 1.319214
25.602 0.855010 0.176667 -0.051876 1.333614
25.702 0.863826 0.176214 -0.050130 1.342442
25.808 0.886468 0.175093 -0.048385 1.365112
25.905 0.898361 0.174517 -0.048385 1.377019
26.002 0.915661 0.173739 -0.043149 1.394336
26.101 0.929579 0.173192 -0.037913 1.408265
26.204 0.940498 0.172811 -0.032677 1.419190
26.302 0.957692 0.172359 -0.016969 1.436390
26.402 0.962720 0.172291 -0.013478 1.441419
26.505 0.974186 0.172241 0.002230 1.452885
26.604 0.988090 0.172408 0.018112 1.466790
26.701 1.004358 0.172827 0.032075 1.483063
26.801 1.015156 0.173097 0.023348 1.493864
26.901 1.033050 0.173416 0.016367 1.511761
27.001 1.044196 0.173676 0.025093 1.522911
27.102 1.052143 0.173889 0.026839 1.530860
27.201 1.075197 0.174485 0.021603 1.553923
27.301 1.088195 0.174717 0.014621 1.566922
27.401 1.099073 0.174840 0.009036 1.577801
27.501 1.116799 0.174968 0.003800 1.595528
27.601 1.125964 0.174998 0.002055 1.604692
27.702 1.143102 0.175008 -0.001436 1.621831
27.816 1.163618 0.174970 -0.004926 1.642347
27.901 1.173672 0.174938 -0.003181 1.652400
28.002 1.190686 0.174934 0.000310 1.669415
28.101 1.205440 0.175011 0.005546 1.684169
28.203 1.211154 0.175047 0.007291 1.689883
28.304 1.225292 0.175136 0.005546 1.704021
28.402 1.242393 0.175283 0.010956 1.721123
28.502 1.260563 0.175514 0.012702 1.739294
28.603 1.274799 0.175504 -0.008242 1.753530
28.701 1.281712 0.236267 0.053368 1.814685
28.801 1.298080 0.242358 0.054118 1.832150
28.901 1.316282 0.243321 0.052198 1.850377
29.001 1.331124 0.244114 0.054118 1.865240
29.107 1.339572 0.244571 0.054118 1.873700
29.201 1.357192 0.245557 0.054118 1.891349
29.305 1.368843 0.246188 0.054118 1.903016
29.402 1.380923 0.246847 0.055863 1.915114
29.501 1.401195 0.248072 0.062845 1.935423
29.602 1.418965 0.249201 0.062845 1.953229
29.702 1.433772 0.250164 0.064590 1.968067
29.803 1.446003 0.250983 0.068081 1.980326
29.901 1.463605 0.252156 0.066335 1.997967
30.001 1.475523 0.252803 0.050453 2.009903
30.116 1.484188 0.253201 0.041726 2.018577
30.201 1.507317 0.253965 0.038235 2.041718
30.301 1.517659 0.254384 0.045217 2.052068
30.401 1.532574 0.255175 0.061099 2.067004
30.501 1.539997 0.255676 0.068081 2.074444
30.602 1.550023 0.256405 0.071571 2.084497
30.701 1.560411 0.257142 0.069826 2.094911
30.801 1.580303 0.258597 0.076807 2.114856
30.906 1.595561 0.259810 0.082218 2.130163
31.002 1.604590 0.260554 0.082218 2.139222
31.101 1.619115 0.261794 0.085883 2.153800
31.201 1.639681 0.263585 0.087628 2.174443
31.318 1.651065 0.264570 0.085883 2.185870
31.401 1.662564 0.265560 0.085883 2.197411
31.502 1.676943 0.266788 0.084138 2.211843
31.601 1.694216 0.268234 0.082218 2.229177
31.701 1.705916 0.269198 0.082218 2.240916
31.802 1.717284 0.270109 0.078553 2.252320
31.905 1.747566 0.297496 0.071338 2.293150
32.005 1.782427 0.350178 0.084754 2.356321
32.102 1.797421 0.351471 0.089990 2.371370
32.205 1.814278 0.352958 0.086499 2.388293
32.302 1.824931 0.353859 0.083009 2.398984
32.401 1.845419 0.355503 0.077773 2.419538
32.502 1.857510 0.356384 0.069046 2.431661
32.601 1.869325 0.357212 0.069046 2.443505
32.708 1.881005 0.357987 0.065381 2.455210
32.801 1.901124 0.359250 0.060145 2.475370
32.903 1.912281 0.359897 0.056654 2.486545
33.001 1.932163 0.361015 0.056654 2.506459
33.105 1.937323 0.361307 0.056654 2.511627
33.201 1.954892 0.362319 0.056654 2.529225
33.301 1.970116 0.363161 0.054909 2.544472
33.401 1.986907 0.363984 0.044437 2.561283
33.501 1.998273 0.364454 0.039201 2.572659
33.601 2.018861 0.364759 -0.004432 2.593249
33.706 2.027870 0.364616 -0.021886 2.602259
33.802 2.041587 0.364077 -0.044575 2.615987
33.901 2.058706 0.363139 -0.063774 2.633132
34.001 2.074352 0.361986 -0.081401 2.648820
34.101 2.086771 0.360882 -0.093793 2.661288
34.202 2.095858 0.359981 -0.104265 2.670419
34.301 2.109509 0.358446 -0.118228 2.684157
34.401 2.116058 0.357620 -0.128700 2.690758
34.502 2.124794 0.356470 -0.133936 2.699569
34.601 2.139105 0.354545 -0.128700 2.714009
34.702 2.152273 0.352868 -0.121719 2.727283
34.801 2.169295 0.350956 -0.102520 2.744412
34.901 2.214777 0.370331 -0.169391 2.793849
35.002 2.228455 0.373754 -0.188006 2.807949
35.101 2.245925 0.370496 -0.180850 2.825720
35.203 2.263360 0.367491 -0.161128 2.843412
35.304 2.277992 0.365275 -0.140184 2.858211
35.401 2.289123 0.363812 -0.126222 2.869437
35.501 2.306759 0.362003 -0.089570 2.887166
35.601 2.315336 0.361324 -0.073862 2.895769
35.701 2.326196 0.360639 -0.056408 2.906651
35.801 2.346384 0.359927 -0.014521 2.926852
35.901 2.364245 0.360103 0.023877 2.944714
36.001 2.375979 0.360404 0.027367 2.956452
36.101 2.390563 0.360885 0.036094 2.971043
36.201 2.408559 0.361807 0.064019 2.989063
36.301 2.419666 0.362656 0.083218 3.000203
36.401 2.431414 0.363673 0.086709 3.011995
36.501 2.445837 0.365011 0.098926 3.026479
36.602 2.462277 0.366652 0.100671 3.043002
36.701 2.472948 0.367716 0.100671 3.053725
36.801 2.493343 0.369955 0.114634 3.074243
36.931 2.505338 0.371370 0.118299 3.086321
37.004 2.519993 0.373112 0.118299 3.101079
37.102 2.531591 0.374506 0.118299 3.112761
37.201 2.549132 0.376611 0.118299 3.130427
37.302 2.566976 0.378742 0.118299 3.148398
37.402 2.581042 0.380434 0.120044 3.162565
37.501 2.592778 0.381850 0.120044 3.174387
37.602 2.598594 0.382557 0.121790 3.180245
37.702 2.622127 0.385460 0.123535 3.203957
37.802 2.633003 0.386820 0.123535 3.214917
37.901 2.641177 0.387835 0.123535 3.223154
38.001 2.650394 0.490384 0.252888 3.326117
38.106 2.661716 0.493356 0.254633 3.337822
38.204 2.667517 0.494770 0.233689 3.343793
38.301 2.687611 0.498819 0.169112 3.364291
38.401 2.701591 0.501076 0.151484 3.378452
38.504 2.716657 0.503204 0.134031 3.393668
38.601 2.734439 0.505535 0.125304 3.411602
38.702 2.740094 0.506247 0.125304 3.417301
38.801 2.751792 0.507627 0.114658 3.429081
38.902 2.778479 0.510618 0.107677 3.455934
39.003 2.783984 0.511227 0.111167 3.461473
39.103 2.800894 0.513095 0.111167 3.478486
39.202 2.815320 0.514705 0.111167 3.493002
39.301 2.832961 0.516669 0.111167 3.510752
39.401 2.844399 0.517896 0.104186 3.522255
39.501 2.864057 0.519907 0.100695 3.542016
39.602 2.875804 0.521058 0.097205 3.553819
39.701 2.887775 0.522220 0.095459 3.565847
39.817 2.899503 0.523291 0.088303 3.577624
39.903 2.920436 0.525051 0.079577 3.598630
40.001 2.931758 0.525943 0.077831 3.609987
40.109 2.951839 0.527484 0.076086 3.630127
40.203 2.960451 0.528141 0.076086 3.638764
40.302 2.966466 0.528600 0.076086 3.644796
40.401 2.992430 0.530468 0.067359 3.670827
40.501 3.004072 0.531224 0.063869 3.682495
40.602 3.015868 0.531979 0.063869 3.694314
40.701 3.036276 0.533284 0.063869 3.714765
40.802 3.042034 0.533652 0.063869 3.720534
40.912 3.058959 0.534744 0.065614 3.737495
41.001 3.078844 0.536071 0.065614 3.757423
41.103 3.084617 0.536450 0.065614 3.763209
41.202 3.071423 0.600697 0.013321 3.828797
41.302 3.089033 0.600897 0.008085 3.846408
41.402 3.095450 0.600925 0.002849 3.852825
41.502 3.114744 0.600841 -0.013033 3.872119
41.601 3.125622 0.600681 -0.013033 3.882999
41.701 3.143543 0.600420 -0.014779 3.900922
41.802 3.158360 0.600149 -0.021760 3.915741
41.902 3.172928 0.599832 -0.021760 3.930313
42.002 3.193241 0.599344 -0.023505 3.950631
42.102 3.204727 0.599059 -0.025251 3.962120
42.202 3.216356 0.598786 -0.023505 3.973753
42.301 3.236538 0.598296 -0.025251 3.993941
42.401 3.247523 0.598018 -0.025251 4.004929
42.502 3.259090 0.597747 -0.021760 4.016500
42.601 3.279465 0.597335 -0.020015 4.036878
42.701 3.290952 0.597114 -0.020015 4.048368
42.801 3.296876 0.596985 -0.021760 4.054293
42.901 3.317551 0.596607 -0.016524 4.074971
43.001 3.334880 0.596351 -0.013033 4.092302
43.101 3.346356 0.596212 -0.011288 4.103779
43.202 3.360598 0.595996 -0.016524 4.118023
43.301 3.378005 0.595638 -0.021760 4.135433
43.402 3.384024 0.595517 -0.020015 4.141454
43.501 3.404912 0.595171 -0.014779 4.162345
43.601 3.422559 0.594890 -0.014779 4.179994
43.721 3.434122 0.594694 -0.018269 4.191559
43.801 3.446015 0.594461 -0.021760 4.203454
43.901 3.466262 0.594031 -0.020015 4.223706
44.006 3.478258 0.593801 -0.020015 4.235704
44.101 3.496013 0.593492 -0.016524 4.253462
44.202 3.504493 0.593357 -0.014779 4.261942
44.310 3.559917 0.656379 -0.018384 4.345868
44.402 3.577797 0.657730 -0.011493 4.363799
44.502 3.592233 0.657606 -0.004511 4.378235
44.601 3.604082 0.657434 -0.023710 4.390086
44.702 3.621618 0.656855 -0.042909 4.407631
44.801 3.636192 0.656084 -0.060536 4.422226
44.901 3.647655 0.655289 -0.071008 4.433717
45.001 3.664272 0.653958 -0.086891 4.450387
45.101 3.678252 0.652679 -0.094221 4.464424
45.205 3.689454 0.651499 -0.111849 4.475688
45.304 3.701038 0.650197 -0.111849 4.487346
45.402 3.721217 0.647899 -0.113594 4.507655
45.501 3.732652 0.646595 -0.113594 4.519164
45.602 3.747726 0.644731 -0.129302 4.534353
45.702 3.752622 0.644060 -0.138029 4.539295
45.801 3.768232 0.641863 -0.141520 4.555059
45.901 3.788171 0.638844 -0.157402 4.575225
46.002 3.793411 0.637998 -0.162813 4.580533
46.101 3.810228 0.634925 -0.190913 4.597628
46.202 3.829069 0.630758 -0.236291 4.616924
46.302 3.839899 0.628026 -0.255490 4.628094
46.402 3.851046 0.624914 -0.276434 4.639667
46.501 3.862443 0.621670 -0.279924 4.651517
46.607 3.882437 0.615874 -0.283415 4.672334
46.701 3.899262 0.610953 -0.286906 4.689864
46.801 3.910258 0.607709 -0.286906 4.701329
46.901 3.926757 0.602788 -0.290396 4.718546
47.001 3.940888 0.598533 -0.293887 4.733303
47.102 3.955183 0.594061 -0.316576 4.748282
47.201 3.966005 0.590301 -0.346247 4.759738
47.302 3.976466 0.586284 -0.379408 4.770944
47.401 4.011785 0.634503 -0.525476 4.830715
47.502 4.021379 0.628650 -0.562128 4.841954
47.608 4.030798 0.622442 -0.593544 4.853234
47.702 4.045466 0.612017 -0.635257 4.871229
47.802 4.052224 0.606842 -0.663357 4.879742
47.901 4.069065 0.592973 -0.712226 4.901558
48.001 4.077646 0.585402 -0.731425 4.913001
48.101 4.081422 0.581945 -0.745387 4.918121
48.224 4.098515 0.565115 -0.796002 4.942109
48.301 4.106164 0.557041 -0.822182 4.953231
48.401 4.111299 0.551375 -0.841381 4.960878
48.501 4.125269 0.535180 -0.876287 4.982265
48.601 4.133239 0.525299 -0.898976 4.994960
48.703 4.139564 0.517144 -0.916430 5.005281
48.802 4.145918 0.508667 -0.933883 5.015875
48.908 4.152420 0.499724 -0.947846 5.026931
49.002 4.166140 0.479982 -0.974026 5.050973
49.101 4.173740 0.468015 -1.019404 5.065149
49.204 4.179130 0.458879 -1.049075 5.075757
49.301 4.184769 0.448586 -1.083981 5.087493
49.401 4.227882 0.466777 -1.099788 5.134287
49.501 4.232345 0.458217 -1.087396 5.143940
49.602 4.237378 0.448881 -1.066452 5.154546
49.702 4.246487 0.433149 -1.031546 5.172725
49.805 4.253658 0.421694 -0.998384 5.186240
49.902 4.259712 0.412688 -0.970459 5.197091
50.001 4.270560 0.397097 -0.963478 5.216085
50.101 4.277430 0.387119 -0.970459 5.228199
50.214 4.280806 0.382179 -0.970459 5.234183
50.302 4.295784 0.360519 -0.965223 5.260517
50.401 4.302416 0.350967 -0.961732 5.272146
50.501 4.311149 0.338513 -0.958242 5.287357
50.602 4.318113 0.328788 -0.944279 5.299318
50.701 4.328596 0.314591 -0.926826 5.316965
50.804 4.337737 0.302690 -0.907627 5.331972
50.906 4.345279 0.293187 -0.895410 5.344104
51.003 4.352822 0.283830 -0.897155 5.356123
51.101 4.363266 0.270250 -0.923335 5.373255
51.201 4.374951 0.254141 -0.959987 5.393155
51.301 4.377938 0.249793 -0.972204 5.398431
51.405 4.388354 0.233717 -1.019328 5.417586
51.509 4.394194 0.223821 -1.047253 5.429077
51.604 4.402743 0.208096 -1.090712 5.446975
51.702 4.409060 0.195260 -1.129284 5.461281
51.802 4.414885 0.182252 -1.167507 5.475534
51.902 4.418892 0.172555 -1.186880 5.486026
52.002 4.421700 0.165247 -1.211314 5.493855
52.104 4.501456 0.170229 -1.239590 5.573766
52.202 4.503147 0.165183 -1.250062 5.579088
52.302 4.508027 0.149699 -1.281478 5.595323
52.401 4.511939 0.135662 -1.310974 5.609895
52.501 4.516705 0.116005 -1.352862 5.630121
52.601 4.518976 0.105004 -1.375726 5.641355
52.701 4.521247 0.092696 -1.394924 5.653870
52.801 4.524108 0.074146 -1.426340 5.672639
52.902 4.525479 0.064075 -1.440303 5.682804
53.001 4.526900 0.052282 -1.459502 5.694682
53.103 4.528128 0.040651 -1.468228 5.706377
53.202 4.530060 0.017428 -1.494408 5.729681
53.301 4.531094 0.002544 -1.504880 5.744601
53.404 4.531738 -0.008797 -1.520588 5.755960
53.501 4.532107 -0.016814 -1.529315 5.763985
53.612 4.532694 -0.034577 -1.538041 5.781758
53.702 4.533357 -0.054965 -1.538041 5.802157
53.801 4.533634 -0.063276 -1.536296 5.810472
53.902 4.534142 -0.077685 -1.534551 5.824891
54.001 4.591394 -0.101338 -1.580346 5.886836
54.101 4.591289 -0.113399 -1.580346 5.898897
54.202 4.591237 -0.118857 -1.580346 5.904356
54.301 4.590990 -0.144363 -1.580346 5.929863
54.401 4.590877 -0.156199 -1.580346 5.941700
54.501 4.590761 -0.168687 -1.578600 5.954188
54.602 4.590724 -0.173391 -1.578600 5.958892
54.701 4.590720 -0.173967 -1.578600 5.959468
54.802 4.590721 -0.173848 -1.578600 5.959588
54.901 4.590688 -0.176851 -1.582091 5.962592
55.001 4.590588 -0.184042 -1.585582 5.969783
55.101 4.590416 -0.195678 -1.585582 5.981420
55.201 4.590139 -0.214410 -1.585582 6.000154
55.301 4.589897 -0.226326 -1.596053 6.012073
55.401 4.589629 -0.236769 -1.597799 6.022520
55.512 4.589072 -0.256308 -1.599544 6.042067
55.609 4.588739 -0.267873 -1.599544 6.053636
55.701 4.588384 -0.279864 -1.599544 6.065633
55.802 4.587789 -0.300912 -1.597799 6.086689
55.905 4.587498 -0.312239 -1.596053 6.098020
56.002 4.587225 -0.323642 -1.594308 6.109426
56.102 4.586922 -0.337738 -1.590818 6.123525
56.201 4.586590 -0.355633 -1.587327 6.141423
56.301 4.586409 -0.367148 -1.585582 6.152939
56.401 4.586221 -0.380194 -1.583836 6.165987
56.501 4.586089 -0.390624 -1.582091 6.176418
56.602 4.585967 -0.402294 -1.580346 6.188088
56.701 4.585810 -0.422983 -1.576855 6.208778
56.801 4.585748 -0.433258 -1.576855 6.219053
56.902 4.585684 -0.451041 -1.573364 6.236836
57.002 4.585659 -0.463760 -1.571619 6.249556
57.106 4.585644 -0.472865 -1.571619 6.258661
57.202 4.585657 -0.487337 -1.569874 6.273132
57.301 4.657359 -0.529533 -1.545319 6.356329
57.402 4.657693 -0.541799 -1.543573 6.368599
57.503 4.658221 -0.559649 -1.540083 6.386458
57.604 4.658492 -0.568791 -1.541828 6.395603
57.702 4.658830 -0.580630 -1.543573 6.407448
57.811 4.659338 -0.600561 -1.547064 6.427385
57.902 4.659730 -0.618157 -1.550554 6.444985
58.003 4.659939 -0.630025 -1.557536 6.456855
58.102 4.660106 -0.644148 -1.561026 6.470979
58.207 4.660197 -0.655494 -1.562772 6.482325
58.301 4.660289 -0.672635 -1.566262 6.499467
58.401 4.660310 -0.678358 -1.568008 6.505189
58.501 4.660332 -0.703853 -1.571498 6.530685
58.601 4.660302 -0.714128 -1.574989 6.540960
58.702 4.660277 -0.719118 -1.576734 6.545949
58.801 4.660168 -0.735102 -1.578480 6.561934
58.907 4.659986 -0.753134 -1.581970 6.579967
59.002 4.659916 -0.758505 -1.583716 6.585338
59.103 4.659799 -0.767584 -1.583716 6.594418
59.203 4.659803 -0.767268 -1.583716 6.594735
59.304 4.659809 -0.766846 -1.583716 6.595157
59.403 4.659811 -0.766640 -1.583716 6.595363
59.501 4.659813 -0.766536 -1.583716 6.595467
59.601 4.659813 -0.766536 -1.583716 6.595467
59.702 4.659813 -0.766536 -1.583716 6.595467
59.801 4.659813 -0.766536 -1.583716 6.595467
59.904 4.659813 -0.766515 -1.583716 6.595487
60.003 4.659813 -0.766515 -1.583716 6.595487
60.102 4.659813 -0.766515 -1.583716 6.595487
60.202 4.659813 -0.766515 -1.583716 6.595487
60.302 4.687784 -0.805979 -1.638857 6.643859
60.401 4.687784 -0.805979 -1.638857 6.643859
60.502 4.687784 -0.805979 -1.638857 6.643859
60.601 4.687784 -0.805979 -1.638857 6.643859
60.701 4.687784 -0.805979 -1.638857 6.643859
60.802 4.687784 -0.805979 -1.638857 6.643859
60.902 4.687784 -0.805979 -1.638857 6.643859
61.001 4.687784 -0.805979 -1.638857 6.643859
61.101 4.687784 -0.805979 -1.638857 6.643859
61.201 4.687784 -0.805979 -1.638857 6.643859
61.301 4.687784 -0.805979 -1.638857 6.643859
61.405 4.687784 -0.805979 -1.638857 6.643859
61.509 4.687784 -0.805979 -1.638857 6.643859
61.609 4.687784 -0.805979 -1.638857 6.643859
61.702 4.687784 -0.805979 -1.638857 6.643859
61.801 4.687784 -0.805979 -1.638857 6.643859
61.902 4.687784 -0.805979 -1.638857 6.643859
62.001 4.687784 -0.805979 -1.638857 6.643859
62.102 4.687784 -0.805979 -1.638857 6.643859
62.202 4.687784 -0.805979 -1.638857 6.643859
62.301 4.687784 -0.805979 -1.638857 6.643859
62.402 4.687784 -0.805979 -1.638857 6.643859
62.501 4.687784 -0.805979 -1.638857 6.643859
62.601 4.687784 -0.805979 -1.638857 6.643859
62.701 4.687784 -0.805979 -1.638857 6.643859
62.801 4.687784 -0.805979 -1.638857 6.643859
62.902 4.687784 -0.805979 -1.638857 6.643859
63.003 4.687784 -0.805979 -1.638857 6.643859
63.110 4.687784 -0.805979 -1.638857 6.643859
63.201 4.687784 -0.805979 -1.638857 6.643859
63.302 4.687784 -0.805979 -1.638857 6.643859
63.401 4.687784 -0.805979 -1.638856 6.643859
63.502 4.687784 -0.805979 -1.638856 6.643859
63.601 4.687784 -0.805979 -1.638856 6.643859
63.701 4.687784 -0.805979 -1.638856 6.643859
63.801 4.687784 -0.805979 -1.638856 6.643859
63.906 4.687784 -0.805979 -1.638856 6.643859
64.002 4.687784 -0.805979 -1.638856 6.643859
64.101 4.687784 -0.805979 -1.638856 6.643859
64.201 4.687784 -0.805979 -1.638856 6.643859
64.301 4.687784 -0.805979 -1.638856 6.643859
64.402 4.687784 -0.805979 -1.638856 6.643859
64.501 4.687784 -0.805979 -1.638856 6.643859
64.601 4.687784 -0.805979 -1.638856 6.643859
64.701 4.687640 -0.808125 -1.637111 6.646009
64.802 4.687168 -0.815235 -1.637111 6.653136
64.901 4.686257 -0.828799 -1.638856 6.666729
65.002 4.685996 -0.832629 -1.638856 6.670569
65.104 4.685205 -0.844440 -1.637111 6.682406
65.207 4.683826 -0.865057 -1.638856 6.703069
65.301 4.683439 -0.870809 -1.637111 6.708835
65.408 4.682249 -0.888484 -1.637111 6.726549
65.507 4.681253 -0.903168 -1.637111 6.741266
65.603 4.680062 -0.920642 -1.638856 6.758781
65.701 4.679083 -0.935000 -1.638856 6.773173
65.802 4.678081 -0.950234 -1.635366 6.788440
65.901 4.677465 -0.959760 -1.635366 6.797986
66.001 4.676598 -0.973231 -1.633620 6.811484
66.104 4.675906 -0.983994 -1.635366 6.822269
66.202 4.675430 -0.991454 -1.633620 6.829745
66.301 4.674637 -1.003787 -1.633620 6.842104
66.403 4.674071 -1.012955 -1.631875 6.851289
66.502 4.700807 -1.069636 -1.631127 6.913959
66.602 4.717283 -1.102729 -1.631065 6.950926
66.701 4.716646 -1.113854 -1.625829 6.962069
66.804 4.716056 -1.125008 -1.622339 6.973239
66.901 4.715156 -1.145202 -1.613612 6.993453
67.004 4.714658 -1.156829 -1.613612 7.005091
67.101 4.713940 -1.174298 -1.611867 7.022575
67.201 4.713205 -1.192179 -1.611867 7.040471
67.302 4.712841 -1.201039 -1.611867 7.049338
67.403 4.712348 -1.213042 -1.611867 7.061351
67.501 4.711353 -1.236875 -1.611867 7.085206
67.601 4.711004 -1.245381 -1.611867 7.093718
67.702 4.710569 -1.256324 -1.610121 7.104670
67.801 4.709911 -1.273564 -1.608376 7.121923
67.903 4.709649 -1.280544 -1.608376 7.128908
68.001 4.709567 -1.282729 -1.608376 7.131094
68.101 4.709572 -1.282589 -1.608376 7.131233
68.202 4.709572 -1.282589 -1.608376 7.131233
68.302 4.709572 -1.282589 -1.608376 7.131233
68.402 4.709572 -1.282589 -1.608376 7.131233
68.501 4.709572 -1.282589 -1.608376 7.131233
68.603 4.709572 -1.282589 -1.608376 7.131233
68.702 4.709572 -1.282589 -1.608376 7.131233
68.806 4.709556 -1.283009 -1.608376 7.131654
68.902 4.709395 -1.287283 -1.608376 7.135931
69.002 4.708979 -1.298538 -1.606631 7.147193
69.103 4.708541 -1.310206 -1.608376 7.158870
69.202 4.708328 -1.315854 -1.608376 7.164522
69.302 4.707704 -1.333943 -1.601395 7.182622
69.410 4.707342 -1.348257 -1.592668 7.196940
69.502 4.707102 -1.360199 -1.589177 7.208884
69.601 4.706956 -1.371701 -1.580451 7.220387
69.702 4.730798 -1.356017 -1.524485 7.248926
69.818 4.733920 -1.365148 -1.507499 7.258576
69.902 4.735089 -1.381604 -1.498772 7.275074
70.002 4.735722 -1.389777 -1.493536 7.283271
70.102 4.737055 -1.406074 -1.490046 7.299623
70.209 4.738146 -1.419545 -1.491791 7.313138
70.301 4.739348 -1.434835 -1.493536 7.328475
70.406 4.739707 -1.439584 -1.495282 7.333238
70.501 4.741120 -1.459195 -1.502263 7.352899
70.603 4.741625 -1.466849 -1.505754 7.360570
70.702 4.742118 -1.474842 -1.510990 7.368578
70.804 4.742647 -1.484114 -1.517971 7.377866
70.902 4.743217 -1.495701 -1.524952 7.389466
71.007 4.743547 -1.503344 -1.528443 7.397117
71.103 4.744317 -1.523209 -1.535424 7.416996
71.201 4.744609 -1.531866 -1.538915 7.425658
71.302 4.744940 -1.545697 -1.556368 7.439493
71.403 4.745131 -1.562340 -1.559859 7.456137
71.502 4.745222 -1.573919 -1.563349 7.467716
71.602 4.745303 -1.588792 -1.566840 7.482590
71.702 4.745271 -1.600974 -1.575567 7.494772
71.807 4.745192 -1.612889 -1.579057 7.506688
71.902 4.744736 -1.638765 -1.593020 7.532567
72.002 4.744601 -1.644391 -1.594765 7.538195
72.102 4.744130 -1.661394 -1.600001 7.555204
72.202 4.743699 -1.675001 -1.606983 7.568818
72.301 4.743039 -1.692646 -1.608728 7.586476
72.401 4.742589 -1.704517 -1.608728 7.598355
72.501 4.741772 -1.725349 -1.610473 7.619203
72.602 4.741408 -1.734010 -1.613964 7.627872
72.702 4.740521 -1.753953 -1.617455 7.647834
72.801 4.771860 -1.784309 -1.681466 7.691465
72.903 4.782294 -1.813387 -1.729882 7.722358
73.001 4.780556 -1.824042 -1.733373 7.733154
73.102 4.778794 -1.834687 -1.738609 7.743944
73.202 4.777280 -1.843050 -1.754317 7.752443
73.302 4.773861 -1.860185 -1.778752 7.769915
73.401 4.773027 -1.863995 -1.789224 7.773816
73.501 4.769868 -1.877557 -1.804932 7.787740
73.602 4.766241 -1.892865 -1.801441 7.803472
73.702 4.763762 -1.903668 -1.792714 7.814556
73.801 4.761122 -1.915494 -1.789224 7.826673
73.902 4.758611 -1.927490 -1.770025 7.838929
74.001 4.756661 -1.937542 -1.756062 7.849169
74.101 4.752914 -1.957042 -1.763044 7.869025
74.201 4.749622 -1.973844 -1.761298 7.886147
74.301 4.747647 -1.984310 -1.756062 7.896797
74.401 4.745266 -1.997430 -1.745590 7.910131
74.501 4.742985 -2.010619 -1.738609 7.923517
74.606 4.740373 -2.026600 -1.729882 7.939710
74.703 4.738485 -2.037894 -1.754317 7.951160
74.802 4.737836 -2.041247 -1.771770 7.954575
74.902 4.737059 -2.044616 -1.813658 7.958033
75.002 4.736461 -2.046820 -1.876490 7.960317
75.101 4.736973 -2.045496 -1.955030 7.961737
75.201 4.737480 -2.044397 -2.035315 7.962947
75.302 4.734094 -2.049710 -2.187159 7.969247
75.402 4.727447 -2.057607 -2.318058 7.979569
75.507 4.718100 -2.066437 -2.429759 7.992427
75.601 4.706964 -2.074772 -2.546522 8.006336
75.708 4.699695 -2.079225 -2.616335 8.014861
75.801 4.776484 -2.118824 -2.735739 8.101259
75.901 4.765704 -2.123001 -2.793335 8.112821
76.002 4.746790 -2.128888 -2.871875 8.132629
76.101 4.728136 -2.133151 -2.946924 8.151764
76.202 4.714837 -2.135222 -3.013247 8.165223
76.301 4.703487 -2.136301 -3.065607 8.176625
76.402 4.694836 -2.136722 -3.104004 8.185286
76.501 4.578150 -2.199188 3.055916 8.317640
76.602 4.568102 -2.198059 3.014028 8.327751
76.701 4.551874 -2.195365 2.951196 8.344202
76.804 4.543648 -2.193622 2.923271 8.352610
76.908 4.536024 -2.191833 2.911054 8.360441
77.006 4.530494 -2.190543 2.914544 8.366119
77.108 4.523197 -2.189067 2.959923 8.373564
77.203 4.506803 -2.186876 3.041954 8.390104
77.301 4.491149 -2.186155 3.136201 8.405775
77.403 4.485219 -2.188118 -3.093812 8.412020
77.502 4.504809 -2.236333 -2.913018 8.464063
77.602 4.490686 -2.240339 -2.832733 8.478743
77.701 4.478961 -2.244226 -2.822261 8.491096
77.802 4.477991 -2.244546 -2.822261 8.492117
77.901 4.478120 -2.244503 -2.822261 8.492253
78.002 4.478138 -2.244498 -2.822261 8.492272
78.105 4.473422 -2.245945 -2.853677 8.497205
78.203 4.467031 -2.247708 -2.879857 8.503835
78.301 4.456482 -2.250591 -2.874621 8.514771
78.407 4.448421 -2.252800 -2.872876 8.523129
78.501 4.438333 -2.255582 -2.871130 8.533594
78.601 4.430205 -2.257835 -2.871130 8.542028
78.701 4.422324 -2.260032 -2.869385 8.550210
78.802 4.457106 -2.247626 -2.868092 8.587139
78.901 4.457221 -2.247594 -2.868092 8.587258
79.001 4.457221 -2.247594 -2.868092 8.587258
79.101 4.457221 -2.247594 -2.868092 8.587258
79.201 4.457221 -2.247594 -2.868092 8.587258
79.302 4.457221 -2.247594 -2.868092 8.587258
79.416 4.457221 -2.247594 -2.868092 8.587258
79.501 4.457221 -2.247594 -2.868092 8.587258
79.601 4.457221 -2.247594 -2.868092 8.587258
79.701 4.457221 -2.247594 -2.868092 8.587258
79.802 4.457221 -2.247594 -2.868092 8.587258
79.905 4.457221 -2.247594 -2.868092 8.587258
80.002 4.457221 -2.247594 -2.868092 8.587258
80.101 4.457221 -2.247594 -2.868092 8.587258
80.201 4.457221 -2.247594 -2.868092 8.587258
80.306 4.457221 -2.247594 -2.868092 8.587258
80.401 4.457221 -2.247594 -2.868092 8.587258
80.501 4.457221 -2.247594 -2.868092 8.587258
80.602 4.457221 -2.247594 -2.868092 8.587258
80.701 4.457221 -2.247594 -2.868092 8.587258
80.803 4.457221 -2.247594 -2.868092 8.587258
80.902 4.457221 -2.247594 -2.868092 8.587258
81.002 4.456992 -2.247659 -2.868092 8.587497
81.101 4.447871 -2.250240 -2.864601 8.596976
81.202 4.435638 -2.253794 -2.855874 8.609715
81.301 4.427256 -2.256257 -2.855874 8.618452
81.402 4.415486 -2.259714 -2.855874 8.630719
81.502 4.404290 -2.263042 -2.852209 8.642399
81.601 4.384433 -2.269006 -2.848544 8.663132
81.703 4.372981 -2.272462 -2.848544 8.675094
81.801 4.354593 -2.278021 -2.848544 8.694304
81.902 4.339837 -2.287234 -2.838741 8.711700
82.002 4.306695 -2.312541 -2.804554 8.753399
82.101 4.296294 -2.316165 -2.806299 8.764413
82.201 4.286274 -2.319641 -2.808219 8.775019
82.301 4.270397 -2.325118 -2.809964 8.791815
82.403 4.262855 -2.327710 -2.811710 8.799790
82.502 4.246734 -2.333199 -2.815200 8.816819
82.601 4.227789 -2.339473 -2.825672 8.836777
82.702 4.218627 -2.342455 -2.827418 8.846411
82.802 4.213857 -2.343996 -2.829163 8.851424
82.901 4.194713 -2.350152 -2.830908 8.871534
83.001 4.178395 -2.355366 -2.832654 8.888664
83.101 4.168189 -2.358574 -2.837890 8.899363
83.201 4.155976 -2.362329 -2.850107 8.912140
83.302 4.143062 -2.366161 -2.858834 8.925610
83.401 4.134116 -2.368667 -2.871051 8.934901
83.502 4.126662 -2.370694 -2.878032 8.942625
83.601 4.113473 -2.374221 -2.881523 8.956278
83.701 4.106264 -2.376092 -2.888504 8.963725
83.803 4.094745 -2.378977 -2.900722 8.975600
83.902 4.085793 -2.381139 -2.907703 8.984809
84.001 4.079186 -2.382704 -2.909448 8.991600
84.101 4.075960 -2.383470 -2.907703 8.994915
84.202 4.076039 -2.383452 -2.907703 8.994996
84.301 4.076116 -2.383433 -2.907703 8.995075
84.401 4.073395 -2.384098 -2.897231 8.997877
84.501 4.064113 -2.386587 -2.871051 9.007486
84.602 4.054654 -2.389274 -2.864070 9.017320
84.702 4.038006 -2.394038 -2.862324 9.034636
84.801 4.024028 -2.398073 -2.860579 9.049184
84.901 4.013285 -2.401174 -2.860579 9.060366
85.001 4.002192 -2.404376 -2.860579 9.071912
85.101 3.963512 -2.425066 -3.019072 9.115777
85.202 3.955262 -2.426067 -3.020818 9.124089
85.301 3.952468 -2.426409 -3.020818 9.126903
85.418 3.952545 -2.426399 -3.020818 9.126981
85.507 3.952545 -2.426399 -3.020818 9.126981
85.601 3.952545 -2.426399 -3.020818 9.126981
85.701 3.952585 -2.426395 -3.020818 9.127021
85.801 3.952585 -2.426395 -3.020818 9.127021
85.902 3.952485 -2.426407 -3.022563 9.127121
86.002 3.952386 -2.426418 -3.022563 9.127221
86.103 3.952366 -2.426421 -3.022563 9.127242
86.206 3.952227 -2.426437 -3.024308 9.127381
86.302 3.952208 -2.426440 -3.024308 9.127401
86.402 3.952109 -2.426451 -3.026054 9.127501
86.501 3.951990 -2.426465 -3.026054 9.127621
86.601 3.951929 -2.426472 -3.027799 9.127681
86.701 3.952009 -2.426463 -3.029544 9.127762
86.801 3.951989 -2.426465 -3.031290 9.127782
86.901 3.951750 -2.426491 -3.033035 9.128022
87.002 3.951531 -2.426515 -3.033035 9.128242
87.102 3.951452 -2.426524 -3.033035 9.128322
87.202 3.951169 -2.426554 -3.036526 9.128606
87.301 3.950995 -2.426573 -3.036526 9.128782
87.402 3.950892 -2.426584 -3.036526 9.128885
87.501 3.946879 -2.427007 -3.036526 9.132920
87.601 3.943435 -2.427370 -3.036526 9.136384
87.702 3.927014 -2.429102 -3.036526 9.152896
87.801 3.917875 -2.430065 -3.036526 9.162085
87.901 3.908334 -2.431082 -3.036526 9.171680
88.001 3.900703 -2.431887 -3.036526 9.179353
88.101 3.890406 -2.442298 -3.067636 9.193996
88.202 3.886203 -2.445899 -3.082703 9.199531
88.301 3.872476 -2.446699 -3.082703 9.213282
88.401 3.865193 -2.447129 -3.082703 9.220578
88.501 3.851421 -2.447931 -3.082703 9.234373
88.601 3.843450 -2.448391 -3.084449 9.242357
88.701 3.832132 -2.449055 -3.082703 9.253694
88.802 3.823874 -2.449542 -3.082703 9.261967
88.902 3.812643 -2.450204 -3.082703 9.273217
89.002 3.806373 -2.450574 -3.082703 9.279499
89.101 3.795326 -2.451225 -3.082703 9.290565
89.201 3.782418 -2.451986 -3.082703 9.303495
89.301 3.772493 -2.452571 -3.082703 9.313437
89.402 3.768516 -2.452805 -3.082703 9.317421
89.502 3.759807 -2.453319 -3.082703 9.326145
89.605 3.759888 -2.453314 -3.082703 9.326227
89.707 3.760026 -2.453306 -3.082703 9.326365
89.803 3.760026 -2.453306 -3.082703 9.326365
89.901 3.760026 -2.453306 -3.082703 9.326365
90.002 3.760126 -2.453300 -3.082703 9.326465
90.102 3.760205 -2.453295 -3.082703 9.326545
90.202 3.760224 -2.453294 -3.082703 9.326563
90.301 3.760224 -2.453294 -3.082703 9.326563
90.402 3.760224 -2.453294 -3.082703 9.326563
90.501 3.760224 -2.453294 -3.082703 9.326563
90.601 3.760224 -2.453294 -3.082703 9.326563
90.701 3.760224 -2.453294 -3.082703 9.326563
90.802 3.760224 -2.453294 -3.082703 9.326563
90.901 3.760224 -2.453294 -3.082703 9.326563
91.002 3.760243 -2.453293 -3.082703 9.326583
91.101 3.760243 -2.453293 -3.082703 9.326583
91.202 3.765286 -2.476481 -3.079579 9.350312
91.301 3.767466 -2.486529 -3.078224 9.360594
91.401 3.767466 -2.486529 -3.078224 9.360594
91.501 3.767466 -2.486529 -3.078224 9.360594
91.601 3.767466 -2.486529 -3.078224 9.360594
91.702 3.767466 -2.486529 -3.078224 9.360594
91.802 3.767466 -2.486529 -3.078224 9.360594
91.902 3.767466 -2.486529 -3.078224 9.360594
92.002 3.767466 -2.486529 -3.078224 9.360594
92.101 3.767466 -2.486529 -3.078224 9.360594
92.201 3.767466 -2.486529 -3.078224 9.360594
92.301 3.767466 -2.486529 -3.078224 9.360594
92.401 3.767466 -2.486529 -3.078224 9.360594
92.501 3.767466 -2.486529 -3.078224 9.360594
92.601 3.767466 -2.486529 -3.078224 9.360594
92.701 3.767466 -2.486529 -3.078224 9.360594
92.801 3.767466 -2.486529 -3.078224 9.360594
92.901 3.767466 -2.486529 -3.078224 9.360594
93.003 3.767466 -2.486529 -3.078224 9.360594
93.101 3.767466 -2.486529 -3.078224 9.360594
93.201 3.767466 -2.486529 -3.078224 9.360594
93.301 3.767466 -2.486529 -3.078224 9.360594
93.401 3.767466 -2.486529 -3.078224 9.360594
93.501 3.767466 -2.486529 -3.078224 9.360594
93.602 3.767466 -2.486529 -3.078224 9.360594
93.701 3.767466 -2.486529 -3.078224 9.360594
93.801 3.767466 -2.486529 -3.078224 9.360594
93.901 3.767466 -2.486529 -3.078224 9.360594
94.001 3.767466 -2.486529 -3.078224 9.360594
94.102 3.767466 -2.486529 -3.078224 9.360594
94.202 3.767466 -2.486529 -3.078224 9.360594
94.302 3.766912 -2.486529 -3.078223 9.361149
94.401 3.765904 -2.486530 -3.078223 9.362157
94.501 3.765904 -2.486530 -3.078223 9.362157
94.601 3.765904 -2.486530 -3.078223 9.362157
94.701 3.765904 -2.486530 -3.078223 9.362157
94.801 3.765904 -2.486530 -3.078223 9.362157
94.901 3.765904 -2.486530 -3.078223 9.362157
95.003 3.765904 -2.486530 -3.078223 9.362157
95.102 3.765904 -2.486530 -3.078223 9.362157
95.201 3.765904 -2.486530 -3.078223 9.362157
95.301 3.765904 -2.486530 -3.078223 9.362157
95.403 3.765904 -2.486530 -3.078223 9.362157
95.502 3.765904 -2.486530 -3.078223 9.362157
95.601 3.765904 -2.486530 -3.078223 9.362157
95.701 3.765904 -2.486530 -3.078223 9.362157
95.801 3.765904 -2.486530 -3.078223 9.362157
95.901 3.765904 -2.486530 -3.078223 9.362157
96.001 3.765904 -2.486530 -3.078223 9.362157
96.102 3.765924 -2.486528 -3.078223 9.362177
96.201 3.765924 -2.486528 -3.078223 9.362177
96.301 3.765903 -2.486530 -3.078223 9.362197
96.401 3.765923 -2.486528 -3.078223 9.362217
96.501 3.765923 -2.486528 -3.078223 9.362217
96.601 3.765923 -2.486528 -3.078223 9.362217
96.701 3.765943 -2.486527 -3.078223 9.362237
96.801 3.765963 -2.486526 -3.078223 9.362257
96.901 3.765963 -2.486526 -3.078223 9.362257
97.001 3.765963 -2.486526 -3.078223 9.362257
97.101 3.765963 -2.486526 -3.078223 9.362257
97.202 3.765963 -2.486526 -3.078223 9.362257
97.302 3.765963 -2.486526 -3.078223 9.362257
97.401 3.765963 -2.486526 -3.078223 9.362257
97.502 3.765960 -2.488090 -3.078226 9.363822
97.601 3.765960 -2.488090 -3.078226 9.363822
97.701 3.765960 -2.488090 -3.078226 9.363822
97.801 3.765960 -2.488090 -3.078226 9.363822
97.901 3.765960 -2.488090 -3.078226 9.363822
98.001 3.765960 -2.488090 -3.078226 9.363822
98.101 3.765960 -2.488090 -3.078226 9.363822
98.202 3.765960 -2.488090 -3.078226 9.363822
98.301 3.765960 -2.488090 -3.078226 9.363822
98.401 3.765960 -2.488090 -3.078226 9.363822
98.501 3.765960 -2.488090 -3.078226 9.363822
98.601 3.765960 -2.488090 -3.078226 9.363822
98.701 3.765960 -2.488090 -3.078226 9.363822
98.801 3.765960 -2.488090 -3.078226 9.363822
98.902 3.765960 -2.488090 -3.078226 9.363822
99.001 3.765960 -2.488090 -3.078226 9.363822
99.101 3.765960 -2.488090 -3.078226 9.363822
99.202 3.765960 -2.488090 -3.078226 9.363822
99.301 3.765960 -2.488090 -3.078226 9.363822
99.402 3.765960 -2.488090 -3.078226 9.363822
99.501 3.765960 -2.488090 -3.078226 9.363822
99.601 3.765960 -2.488090 -3.078226 9.363822
99.701 3.765960 -2.488090 -3.078226 9.363822
99.801 3.765960 -2.488090 -3.078226 9.363822
99.901 3.765960 -2.488090 -3.078226 9.363822
100.001 3.765960 -2.488090 -3.078226 9.363822
100.101 3.765960 -2.488090 -3.078226 9.363822
100.201 3.765960 -2.488090 -3.078226 9.363822
100.301 3.765960 -2.488090 -3.078226 9.363822
100.401 3.765980 -2.488089 -3.078226 9.363842
100.502 3.766318 -2.487751 -3.078226 9.364320
100.601 3.769066 -2.484966 -3.078226 9.368232
100.702 3.769066 -2.484966 -3.078226 9.368232
100.801 3.769066 -2.484966 -3.078226 9.368232
100.901 3.769066 -2.484966 -3.078226 9.368232
101.002 3.769086 -2.484965 -3.078226 9.368252
101.108 3.769086 -2.484965 -3.078226 9.368252
101.201 3.769086 -2.484965 -3.078226 9.368252
101.302 3.769086 -2.484965 -3.078226 9.368252
101.401 3.769086 -2.484965 -3.078226 9.368252
101.501 3.769086 -2.484965 -3.078226 9.368252
101.601 3.769086 -2.484965 -3.078226 9.368252
101.701 3.769086 -2.484965 -3.078226 9.368252
101.801 3.769086 -2.484965 -3.078226 9.368252
101.901 3.769086 -2.484965 -3.078226 9.368252
102.001 3.769086 -2.484965 -3.078226 9.368252
102.101 3.769086 -2.484965 -3.078226 9.368252
102.201 3.769086 -2.484965 -3.078226 9.368252
102.301 3.769086 -2.484965 -3.078226 9.368252
