# t_sec x y yaw_rad cum_dist_m
0.101 0.003149 -0.004109 0.009375 0.000000
0.201 0.003230 -0.004108 0.009375 0.000080
0.301 0.003230 -0.004108 0.009375 0.000080
0.401 0.003230 -0.004108 0.009375 0.000080
0.505 0.003230 -0.004108 0.009375 0.000080
0.603 0.003230 -0.004108 0.009375 0.000080
0.701 0.003230 -0.004108 0.009375 0.000080
0.801 0.003062 -0.004111 0.030144 0.000248
0.901 0.002883 -0.004118 0.040965 0.000428
1.001 0.003042 -0.004108 0.061909 0.000587
1.101 0.003143 -0.004102 0.109033 0.000689
1.201 0.002989 -0.004122 0.135213 0.000844
1.301 0.003124 -0.004102 0.159648 0.000981
1.401 0.003609 -0.004009 0.203281 0.001474
1.501 0.003414 -0.004051 0.227716 0.001675
1.602 0.034362 -0.009152 0.328171 0.033040
1.701 0.034398 -0.009141 0.349115 0.033078
1.801 0.034567 -0.009075 0.377041 0.033260
1.901 0.034315 -0.009176 0.432891 0.033532
2.001 0.034496 -0.009087 0.453835 0.033733
2.101 0.034811 -0.008925 0.492232 0.034087
2.201 0.034629 -0.009029 0.521903 0.034296
2.302 0.034578 -0.009060 0.549828 0.034356
2.403 0.034991 -0.008793 0.577753 0.034848
2.501 0.034945 -0.008829 0.621387 0.034907
2.601 0.034882 -0.008871 0.652803 0.034983
2.701 0.035103 -0.008701 0.678983 0.035261
2.801 0.034961 -0.008814 0.724361 0.035443
2.901 0.035459 -0.008363 0.752286 0.036115
3.001 0.035233 -0.008577 0.792429 0.036426
3.101 0.035413 -0.008391 0.808137 0.036685
3.201 0.035644 -0.008142 0.839553 0.037024
3.302 0.063744 0.031332 0.847909 0.085479
3.401 0.063861 0.031469 0.875659 0.085659
3.501 0.063875 0.031485 0.898349 0.085680
3.601 0.064056 0.031727 0.950709 0.085982
3.701 0.064058 0.031726 0.976888 0.085984
3.802 0.063975 0.031600 1.001323 0.086134
3.903 0.064261 0.032079 1.044956 0.086692
4.001 0.063911 0.031445 1.076547 0.087416
4.101 0.063984 0.031601 1.118260 0.087589
4.201 0.064087 0.031817 1.149851 0.087828
4.301 0.064208 0.032098 1.174285 0.088134
4.404 0.064069 0.031755 1.195404 0.088504
4.501 0.064216 0.032173 1.244273 0.088947
4.601 0.064309 0.032463 1.272198 0.089252
4.701 0.064357 0.032632 1.300123 0.089428
4.801 0.064834 0.034335 1.296633 0.091197
4.903 0.065048 0.035099 1.296633 0.091990
5.001 0.065146 0.035448 1.296633 0.092352
5.102 0.102229 0.027003 1.359976 0.130384
5.201 0.102139 0.026554 1.379175 0.130843
5.303 0.102170 0.026734 1.407100 0.131025
5.406 0.102204 0.026960 1.455969 0.131254
5.501 0.102199 0.026900 1.480404 0.131314
5.601 0.102193 0.026836 1.506584 0.131378
5.705 0.102213 0.027258 1.538000 0.131799
5.801 0.102213 0.026688 1.583378 0.132369
5.901 0.102195 0.027059 1.627012 0.132741
6.002 0.102182 0.027273 1.646210 0.132955
6.101 0.102225 0.026810 1.675881 0.133419
6.202 0.102185 0.027108 1.719514 0.133720
6.301 0.102235 0.026810 1.749185 0.134023
6.401 0.102177 0.027103 1.777110 0.134322
6.501 0.102220 0.026955 1.825979 0.134476
6.601 0.102322 0.026574 1.855650 0.134871
6.701 0.102152 0.027125 1.895792 0.135447
6.801 0.095144 0.017408 1.935869 0.147427
6.901 0.095143 0.017409 1.963794 0.147429
7.005 0.095103 0.017499 1.989974 0.147528
7.101 0.095112 0.017475 2.042334 0.147554
7.202 0.095131 0.017440 2.066768 0.147594
7.301 0.095153 0.017406 2.103769 0.147634
7.401 0.094976 0.017693 2.142167 0.147972
7.505 0.094999 0.017659 2.165030 0.148012
7.601 0.094962 0.017697 2.206918 0.148065
7.703 0.094866 0.017823 2.221055 0.148223
7.814 0.094903 0.017778 2.252297 0.148281
7.901 0.095126 0.017518 2.309893 0.148624
8.001 0.095221 0.017417 2.334502 0.148763
8.101 0.095088 0.017542 2.376390 0.148945
8.207 0.095093 0.017543 2.411296 0.148950
8.301 0.095447 0.017234 2.442712 0.149420
8.401 0.095074 0.017536 2.470638 0.149899
8.501 0.095227 0.017025 2.521043 0.150433
8.601 0.095127 0.016904 2.544459 0.150590
8.702 0.094803 0.017124 2.584601 0.150982
8.801 0.094923 0.017052 2.621253 0.151122
8.901 0.094837 0.017099 2.642197 0.151220
9.002 0.095087 0.016968 2.685830 0.151502
9.101 0.095070 0.016977 2.715501 0.151521
9.202 0.094834 0.017081 2.741681 0.151779
9.301 0.094901 0.017055 2.787059 0.151850
9.401 0.094823 0.017083 2.818650 0.151932
9.501 0.095295 0.016933 2.850066 0.152427
9.601 0.095035 0.017006 2.881482 0.152697
9.701 0.095234 0.016972 2.925115 0.152900
9.801 0.095487 0.016920 2.953040 0.153158
9.901 0.102381 0.016354 2.990378 0.160075
10.001 0.120712 0.014664 3.022845 0.178484
10.103 0.120596 0.014673 3.062987 0.178601
10.202 0.120537 0.014678 3.099639 0.178660
10.301 0.120522 0.014679 3.131230 0.178675
10.401 0.120501 0.014678 -3.120714 0.178696
10.502 0.120653 0.014686 -3.092789 0.178848
10.601 0.120977 0.014707 -3.043920 0.179173
10.701 0.120546 0.014655 -3.012504 0.179607
10.801 0.120495 0.014648 -2.993305 0.179658
10.901 0.120673 0.014678 -2.944436 0.179838
11.001 0.120577 0.014657 -2.918256 0.179936
11.101 0.120597 0.014663 -2.892076 0.179957
11.201 0.120096 0.014519 -2.843207 0.180477
11.302 0.120191 0.014550 -2.820518 0.180577
11.401 0.129863 0.016825 -2.774418 0.190513
11.501 0.133003 0.017540 -2.745642 0.193734
11.601 0.133473 0.017757 -2.703929 0.194251
11.701 0.132971 0.017509 -2.668847 0.194810
11.801 0.132654 0.017340 -2.640922 0.195170
11.901 0.133083 0.017584 -2.604270 0.195663
12.001 0.133033 0.017550 -2.564128 0.195724
12.101 0.133033 0.017551 -2.539693 0.195725
12.201 0.132888 0.017447 -2.499725 0.195903
12.301 0.133285 0.017759 -2.459408 0.196408
12.401 0.133116 0.017616 -2.434973 0.196629
12.501 0.132631 0.017186 -2.398321 0.197277
12.601 0.132905 0.017450 -2.358179 0.197657
12.701 0.132947 0.017493 -2.328508 0.197717
12.801 0.132947 0.017493 -2.307564 0.197717
12.901 0.133034 0.017597 -2.262011 0.197852
13.001 0.112344 0.025640 -2.210778 0.220050
13.101 0.112509 0.025867 -2.191580 0.220332
13.201 0.112305 0.025565 -2.149692 0.220695
13.301 0.112472 0.025837 -2.116530 0.221014
13.401 0.112579 0.026012 -2.081624 0.221219
13.501 0.112537 0.025940 -2.041481 0.221303
13.602 0.112615 0.026104 -2.011811 0.221484
13.701 0.112665 0.026212 -1.987376 0.221603
13.801 0.112724 0.026365 -1.936761 0.221768
13.903 0.112610 0.026052 -1.907091 0.222101
14.001 0.112501 0.025725 -1.872184 0.222446
14.101 0.112552 0.025896 -1.830296 0.222625
14.202 0.112456 0.025502 -1.804116 0.223030
14.301 0.112545 0.025904 -1.767465 0.223441
14.401 0.064460 0.057236 -1.728149 0.280833
14.502 0.064457 0.057216 -1.705460 0.280854
14.601 0.064457 0.057188 -1.668808 0.280881
14.703 0.064435 0.056883 -1.639312 0.281188
14.801 0.064457 0.057486 -1.595678 0.281791
14.902 0.064454 0.057026 -1.553616 0.282251
15.001 0.064454 0.057009 -1.534243 0.282267
15.101 0.064435 0.057346 -1.499162 0.282604
15.201 0.064478 0.056890 -1.457274 0.283062
15.301 0.064443 0.057130 -1.425858 0.283305
15.401 0.064463 0.057012 -1.394442 0.283424
15.501 0.064489 0.056883 -1.363026 0.283556
15.602 0.064445 0.057060 -1.319393 0.283738
15.702 0.064469 0.056984 -1.291467 0.283818
15.802 0.064519 0.056812 -1.263542 0.283997
15.901 0.064404 0.057147 -1.218164 0.284351
16.002 0.050879 0.061893 -1.155210 0.298684
16.101 0.031465 0.068930 -1.086462 0.319334
16.203 0.031206 0.069402 -1.049810 0.319873
16.304 0.031378 0.069111 -1.009667 0.320210
16.401 0.031292 0.069239 -0.981742 0.320364
16.501 0.031282 0.069255 -0.931127 0.320383
16.601 0.031463 0.069020 -0.903202 0.320679
16.702 0.030818 0.069817 -0.866550 0.321705
16.801 0.031081 0.069518 -0.840370 0.322103
16.901 0.030958 0.069642 -0.801973 0.322277
17.001 0.031059 0.069543 -0.765321 0.322418
17.101 0.031133 0.069473 -0.733905 0.322520
17.206 0.031175 0.069440 -0.686781 0.322574
17.304 0.031033 0.069553 -0.662347 0.322755
17.401 0.030810 0.069722 -0.639657 0.323035
17.501 0.000770 0.045320 -0.573651 0.361737
17.606 -0.004183 0.041419 -0.543231 0.368042
17.701 -0.004320 0.041500 -0.522113 0.368201
17.801 -0.004023 0.041342 -0.487206 0.368537
17.901 -0.004203 0.041432 -0.448634 0.368738
18.001 -0.004114 0.041390 -0.445318 0.368836
18.101 -0.004563 0.041604 -0.436591 0.369333
18.201 -0.004808 0.041718 -0.432926 0.369604
18.304 -0.004605 0.041640 -0.390864 0.369821
18.401 -0.004438 0.041571 -0.364509 0.370002
18.508 -0.004625 0.041645 -0.332919 0.370203
18.604 -0.004308 0.041541 -0.299583 0.370536
18.701 -0.004901 0.041712 -0.264502 0.371154
18.801 -0.004786 0.041682 -0.250539 0.371273
18.901 -0.004462 0.041608 -0.204986 0.371605
19.001 -0.004727 0.041658 -0.175316 0.371875
19.101 -0.004450 0.041617 -0.128192 0.372156
19.201 -0.003348 0.027268 -0.082776 0.386547
19.303 -0.002068 0.012472 -0.036963 0.401399
19.401 -0.001868 0.012469 0.003354 0.401599
19.501 -0.001908 0.012469 0.010160 0.401638
19.601 -0.001808 0.012470 0.010160 0.401738
19.701 -0.001808 0.012470 0.010160 0.401738
19.801 -0.001808 0.012470 0.010160 0.401738
19.901 -0.001808 0.012470 0.010160 0.401738
20.002 -0.001808 0.012470 0.010160 0.401738
20.101 -0.001808 0.012470 0.010160 0.401738
20.201 -0.001808 0.012470 0.010160 0.401738
20.301 -0.001808 0.012470 0.010160 0.401738
20.402 -0.001808 0.012470 0.010160 0.401738
20.505 -0.001808 0.012470 0.010160 0.401738
20.601 -0.001808 0.012470 0.010160 0.401738
20.701 -0.001808 0.012470 0.010160 0.401738
20.801 -0.001808 0.012470 0.010160 0.401738
20.901 -0.001808 0.012470 0.010160 0.401738
21.001 -0.001808 0.012470 0.010160 0.401738
21.102 -0.001808 0.012470 0.010160 0.401738
21.201 -0.002125 0.012471 -0.029982 0.402055
21.301 -0.005102 0.012696 -0.103286 0.405041
21.401 -0.006159 0.012821 -0.195788 0.406105
21.501 -0.006587 0.012926 -0.279564 0.406545
21.601 -0.007737 0.013391 -0.412209 0.407786
21.706 -0.009883 0.014512 -0.527401 0.410207
21.801 -0.011629 0.015697 -0.639102 0.412317
21.901 -0.012537 0.016406 -0.722878 0.413469
22.001 -0.011817 0.015659 -0.857268 0.414506
22.101 0.002441 0.020643 -0.974623 0.429610
22.209 0.086228 0.047855 -1.275009 0.517706
22.304 0.088404 0.038787 -1.367511 0.527031
22.402 0.089921 0.029217 -1.439070 0.536720
22.501 0.090703 0.020102 -1.510628 0.545869
22.601 0.090507 0.003694 -1.627565 0.562278
22.701 0.089440 -0.007455 -1.690572 0.573478
22.807 0.098461 -0.048213 -1.782118 0.615222
22.901 0.094889 -0.061879 -1.857167 0.629347
23.002 0.091476 -0.072543 -1.893819 0.640544
23.101 0.086732 -0.085448 -1.940943 0.654294
23.201 0.090172 -0.114068 -1.983865 0.683119
23.301 0.092984 -0.135280 -1.998273 0.704517
23.401 0.085246 -0.150785 -2.055869 0.721845
23.501 0.078647 -0.162511 -2.101247 0.735301
23.601 0.072627 -0.172258 -2.137899 0.746757
23.701 0.062864 -0.186605 -2.188514 0.764110
23.801 0.079074 -0.201649 -2.195361 0.786226
23.901 0.072539 -0.210455 -2.212989 0.797192
24.003 0.062167 -0.223701 -2.246325 0.814015
24.107 0.054897 -0.232546 -2.267269 0.825464
24.201 0.043759 -0.245371 -2.302525 0.842451
24.301 0.034479 -0.255286 -2.333766 0.856031
24.401 0.026470 -0.263465 -2.352965 0.867479
24.502 0.013553 -0.275737 -2.403579 0.885296
24.602 0.002899 -0.285113 -2.429759 0.899488
24.702 -0.005902 -0.292456 -2.457684 0.910950
24.801 -0.016449 -0.300869 -2.473392 0.924441
24.901 -0.030394 -0.311949 -2.468156 0.942252
25.003 -0.039711 -0.319428 -2.462920 0.954200
25.101 -0.051072 -0.328688 -2.452448 0.968857
25.201 -0.046972 -0.378480 -2.447774 1.018817
25.301 -0.055429 -0.385718 -2.425084 1.029949
25.402 -0.063112 -0.392587 -2.412867 1.040255
25.502 -0.065786 -0.394977 -2.409376 1.043841
25.602 -0.071311 -0.400118 -2.383196 1.051388
25.703 -0.083162 -0.412057 -2.330837 1.068210
25.801 -0.093472 -0.423083 -2.315129 1.083305
25.901 -0.103077 -0.433748 -2.293836 1.097658
26.001 -0.110900 -0.442753 -2.281618 1.109587
26.101 -0.122141 -0.456286 -2.244792 1.127179
26.202 -0.128992 -0.465185 -2.216692 1.138410
26.305 -0.138807 -0.479148 -2.160841 1.155477
26.401 -0.146102 -0.490718 -2.117208 1.169156
26.510 -0.151535 -0.500190 -2.077066 1.180075
26.601 -0.156971 -0.510041 -2.077066 1.191326
26.704 -0.158039 -0.511960 -2.078811 1.193522
26.802 -0.162869 -0.521031 -2.049140 1.203799
26.902 -0.169929 -0.535696 -1.995035 1.220075
27.001 -0.175840 -0.549894 -1.942675 1.235455
27.101 -0.179686 -0.560541 -1.902533 1.246774
27.215 -0.184036 -0.574308 -1.858900 1.261212
27.302 -0.187638 -0.587889 -1.813521 1.275262
27.401 -0.191407 -0.605055 -1.768317 1.292838
27.501 -0.194022 -0.619855 -1.728000 1.307867
27.601 -0.231549 -0.576492 -1.609225 1.365213
27.701 -0.231724 -0.589483 -1.569082 1.378205
27.811 -0.231268 -0.606470 -1.528940 1.395198
27.901 -0.230596 -0.618288 -1.502760 1.407035
28.001 -0.230158 -0.623734 -1.487227 1.412498
28.101 -0.227516 -0.648394 -1.443419 1.437300
28.201 -0.225948 -0.659344 -1.422475 1.448362
28.301 -0.224127 -0.670241 -1.394550 1.459410
28.401 -0.220378 -0.689104 -1.359643 1.478641
28.502 -0.218414 -0.698320 -1.361388 1.488065
28.602 -0.216803 -0.706108 -1.371860 1.496017
28.701 -0.213177 -0.726100 -1.396295 1.516336
28.801 -0.211059 -0.738085 -1.396295 1.528506
28.903 -0.209099 -0.749203 -1.396295 1.539796
29.011 -0.205564 -0.769053 -1.392804 1.559958
29.103 -0.203649 -0.779674 -1.391059 1.570751
29.201 -0.196329 -0.804823 -1.410696 1.596942
29.301 -0.182365 -0.847701 -1.458055 1.642037
29.401 -0.181107 -0.858635 -1.456310 1.653044
29.501 -0.179788 -0.870184 -1.465037 1.664668
29.601 -0.179238 -0.877974 -1.538340 1.672477
29.702 -0.179260 -0.882678 -1.594191 1.677181
29.801 -0.180210 -0.892463 -1.707637 1.687012
29.902 -0.182803 -0.904527 -1.842028 1.699351
30.001 -0.184589 -0.909858 -1.929294 1.704973
30.101 -0.186404 -0.913960 -2.020051 1.709459
30.201 -0.194980 -0.928192 -2.173640 1.726076
30.301 -0.201429 -0.936640 -2.252180 1.736704
30.401 -0.211545 -0.947815 -2.342937 1.751777
30.501 -0.224784 -0.959694 -2.458129 1.769564
30.609 -0.234003 -0.966509 -2.531433 1.781029
30.701 -0.226176 -0.986672 -2.644219 1.802658
30.801 -0.199583 -1.018087 -2.790514 1.843817
30.901 -0.211285 -1.021993 -2.834147 1.856154
31.001 -0.229573 -1.027028 -2.900470 1.875122
31.101 -0.243744 -1.030105 -2.949339 1.889623
31.213 -0.255114 -1.032028 -2.989482 1.901155
31.312 -0.272644 -1.034001 -3.057549 1.918795
31.401 -0.323595 -1.100891 -3.010030 2.002880
31.501 -0.333790 -1.101998 -3.050173 2.013135
31.601 -0.349187 -1.102874 -3.116495 2.028557
31.702 -0.362600 -1.102717 3.105603 2.041971
31.804 -0.374256 -1.102026 3.068951 2.053648
31.905 -0.392226 -1.100064 3.006120 2.071724
32.005 -0.400166 -1.098896 2.988666 2.079750
32.102 -0.415604 -1.096080 2.943288 2.095443
32.201 -0.432351 -1.092385 2.908381 2.112592
32.301 -0.448695 -1.152907 2.899691 2.175282
32.401 -0.460195 -1.149961 2.885728 2.187154
32.502 -0.474190 -1.146114 2.864784 2.201668
32.601 -0.491260 -1.140946 2.833368 2.219503
32.701 -0.502339 -1.137254 2.809108 2.231181
32.801 -0.517704 -1.131627 2.779088 2.247544
32.902 -0.530488 -1.126554 2.750989 2.261297
33.001 -0.539787 -1.122583 2.730045 2.271409
33.101 -0.554225 -1.116013 2.700549 2.287272
33.201 -0.566550 -1.109983 2.677685 2.300992
33.301 -0.576405 -1.104918 2.663722 2.312073
33.401 -0.591975 -1.096734 2.654996 2.329663
33.501 -0.604866 -1.089844 2.646269 2.344279
33.601 -0.615102 -1.084279 2.641033 2.355930
33.701 -0.630872 -1.075551 2.627070 2.373955
33.801 -0.642993 -1.068551 2.611362 2.387951
33.901 -0.653325 -1.062341 2.592164 2.400006
34.001 -0.665330 -1.054884 2.576456 2.414139
34.101 -0.675766 -1.048161 2.565984 2.426553
34.201 -0.685518 -1.041717 2.555512 2.438242
34.303 -0.697617 -1.033555 2.545040 2.452836
34.401 -0.712078 -1.023647 2.536313 2.470366
34.501 -0.721847 -1.016868 2.532823 2.482256
34.604 -0.758362 -1.020086 2.517342 2.518913
34.701 -0.809848 -1.026442 2.497600 2.570790
34.801 -0.819121 -1.019475 2.495855 2.582389
34.901 -0.833027 -1.008914 2.488873 2.599851
35.001 -0.840009 -1.003539 2.483637 2.608662
35.101 -0.855891 -0.991137 2.471420 2.628813
35.201 -0.864334 -0.984343 2.457457 2.639650
35.301 -0.872284 -0.977778 2.446985 2.649960
35.401 -0.887725 -0.964808 2.440004 2.670125
35.501 -0.896957 -0.956986 2.438259 2.682225
35.601 -0.905872 -0.949341 2.431277 2.693970
35.701 -0.921121 -0.936097 2.420805 2.714167
35.801 -0.929604 -0.928561 2.412079 2.725514
35.905 -0.940092 -0.919085 2.405097 2.739649
36.001 -0.953309 -0.907030 2.399861 2.757538
36.102 -0.962006 -0.899026 2.396371 2.769357
36.201 -0.974927 -0.887082 2.392880 2.786953
36.301 -0.981343 -0.881086 2.389389 2.795735
36.401 -0.995656 -0.867355 2.366700 2.815568
36.501 -1.003575 -0.859354 2.338775 2.826826
36.601 -1.010705 -0.851577 2.300552 2.837377
36.701 -1.022582 -0.837166 2.228819 2.856052
36.801 -1.028226 -0.829484 2.188677 2.865584
36.902 -1.033178 -0.822124 2.148534 2.874455
37.002 -1.042772 -0.807722 2.164417 2.891760
37.101 -1.048811 -0.798955 2.178379 2.902406
37.201 -1.054677 -0.790913 2.215031 2.912359
37.301 -1.064298 -0.778963 2.276118 2.927701
37.401 -1.069261 -0.773268 2.298981 2.935255
37.502 -1.074133 -0.767929 2.318180 2.942483
37.603 -1.085037 -0.756471 2.339124 2.958300
37.703 -1.097683 -0.743557 2.349596 2.976375
37.801 -1.105343 -0.739018 2.355219 2.985279
37.901 -1.146994 -0.752127 2.365406 3.028944
38.001 -1.159453 -0.739918 2.365406 3.046388
38.101 -1.166178 -0.733308 2.363661 3.055818
38.206 -1.179189 -0.720243 2.344462 3.074256
38.301 -1.185724 -0.713489 2.335736 3.083655
38.405 -1.192256 -0.706607 2.327009 3.093143
38.505 -1.199367 -0.698952 2.316537 3.103591
38.601 -1.209325 -0.687872 2.290182 3.118489
38.701 -1.214277 -0.682111 2.276045 3.126085
38.804 -1.218439 -0.677218 2.276045 3.132509
38.901 -1.218168 -0.677536 2.276045 3.132927
39.001 -1.217624 -0.678154 2.323169 3.133749
39.101 -1.217323 -0.678446 2.406945 3.134168
39.205 -1.217464 -0.678336 2.476758 3.134348
39.301 -1.217574 -0.678278 2.591950 3.134471
39.401 -1.217490 -0.678329 2.654782 3.134570
39.501 -1.217505 -0.678326 2.717614 3.134585
39.606 -1.217476 -0.678332 2.780620 3.134614
39.702 -1.217792 -0.678216 2.845023 3.134950
39.802 -1.217293 -0.678360 2.879929 3.135470
39.904 -1.218028 -0.678182 2.927053 3.136226
40.001 -1.211300 -0.731017 3.025095 3.189487
40.101 -1.211447 -0.731001 3.058256 3.189635
40.201 -1.208699 -0.731012 -3.099265 3.192383
40.301 -1.205997 -0.730715 -2.991055 3.195102
40.401 -1.203894 -0.730234 -2.875863 3.197260
40.501 -1.202005 -0.729603 -2.788597 3.199251
40.602 -1.199416 -0.728413 -2.652461 3.202100
40.701 -1.197663 -0.727312 -2.535524 3.204170
40.802 -1.196271 -0.726231 -2.444767 3.205933
40.901 -1.195189 -0.725218 -2.354010 3.207415
41.001 -1.185781 -0.642932 -2.050453 3.290237
41.101 -1.186941 -0.645546 -1.961441 3.293096
41.203 -1.189620 -0.653188 -1.877665 3.301194
41.303 -1.192000 -0.662395 -1.788654 3.310703
41.410 -1.194544 -0.678307 -1.694406 3.326817
41.501 -1.195891 -0.694864 -1.621102 3.343430
41.601 -1.240076 -0.733201 -1.604770 3.401928
41.701 -1.240048 -0.744223 -1.547174 3.412949
41.801 -1.238713 -0.761341 -1.454672 3.430120
41.901 -1.236955 -0.772773 -1.397251 3.441686
42.001 -1.233383 -0.788609 -1.318711 3.457919
42.101 -1.254618 -0.813540 -1.288031 3.490668
42.201 -1.271552 -0.834081 -1.266722 3.517290
42.301 -1.266002 -0.849703 -1.202145 3.533868
42.401 -1.260945 -0.861756 -1.153275 3.546939
42.502 -1.255686 -0.872735 -1.107897 3.559113
42.601 -1.247285 -0.888145 -1.045065 3.576664
42.705 -1.241176 -0.898120 -1.006668 3.588361
42.801 -1.231649 -0.912107 -0.950817 3.605284
42.906 -1.198280 -0.877981 -0.932641 3.653013
43.001 -1.190471 -0.888033 -0.892498 3.665741
43.102 -1.184214 -0.895517 -0.866318 3.675497
43.202 -1.172883 -0.908401 -0.840138 3.692655
43.301 -1.162983 -0.919045 -0.808722 3.707190
43.401 -1.154726 -0.927589 -0.798250 3.719073
43.501 -1.142326 -0.939860 -0.770325 3.736518
43.601 -1.132387 -0.949423 -0.761598 3.750311
43.702 -1.124885 -0.956532 -0.754617 3.760646
43.801 -1.112310 -0.968258 -0.745890 3.777840
43.901 -1.103789 -0.976118 -0.744145 3.789432
44.001 -1.090997 -0.987703 -0.731928 3.806690
44.101 -1.080576 -0.996830 -0.710984 3.820543
44.201 -1.071926 -1.004168 -0.698767 3.831886
44.301 -1.058616 -1.015048 -0.677823 3.849078
44.401 -1.047234 -1.023889 -0.649897 3.863490
44.502 -1.037880 -1.030800 -0.630699 3.875120
44.601 -1.021465 -1.047791 -0.622428 3.898745
44.701 -0.985013 -1.094332 -0.588911 3.957862
44.801 -0.974939 -1.100897 -0.571458 3.969886
44.901 -0.962562 -1.108626 -0.550339 3.984478
45.001 -0.948250 -1.117068 -0.523985 4.001094
45.102 -0.938260 -1.122627 -0.494314 4.012527
45.202 -0.925182 -1.129244 -0.452426 4.027183
45.302 -0.909625 -1.136406 -0.424501 4.044310
45.401 -0.899289 -1.141054 -0.422581 4.055643
45.501 -0.888918 -1.145684 -0.418916 4.067000
45.601 -0.869813 -1.154119 -0.413505 4.087885
45.701 -0.858796 -1.158954 -0.413505 4.099916
45.801 -0.848041 -1.163655 -0.413505 4.111653
45.901 -0.829977 -1.171562 -0.413505 4.131372
46.001 -0.820487 -1.175705 -0.411586 4.141727
46.101 -0.811631 -1.179585 -0.411586 4.151396
46.201 -0.793702 -1.187430 -0.411586 4.170966
46.302 -0.783840 -1.191745 -0.411586 4.181731
46.401 -0.773730 -1.196182 -0.413505 4.192771
46.501 -0.756118 -1.203942 -0.417171 4.212017
46.601 -0.745267 -1.208780 -0.420836 4.223898
46.702 -0.734692 -1.213530 -0.422581 4.235491
46.802 -0.716704 -1.221670 -0.426246 4.255235
46.903 -0.706564 -1.226303 -0.429912 4.266383
47.001 -0.690618 -1.233706 -0.437067 4.283964
47.101 -0.677409 -1.239964 -0.447539 4.298581
47.204 -0.667581 -1.244710 -0.451205 4.309494
47.301 -0.658634 -1.249130 -0.462026 4.319473
47.401 -0.641355 -1.258434 -0.514385 4.339098
47.502 -0.631588 -1.264228 -0.547547 4.350455
47.601 -0.623156 -1.269586 -0.577217 4.360444
47.701 -0.607751 -1.280276 -0.620851 4.379195
47.801 -0.588989 -1.270361 -0.654289 4.400416
47.901 -0.547500 -1.232494 -0.726623 4.456588
48.001 -0.539292 -1.239854 -0.730113 4.467612
48.101 -0.526357 -1.251329 -0.714405 4.484904
48.201 -0.514546 -1.261377 -0.693461 4.500410
48.301 -0.503422 -1.270454 -0.677753 4.514768
48.401 -0.494228 -1.277703 -0.665362 4.526476
48.502 -0.485032 -1.284745 -0.644418 4.538058
48.601 -0.469508 -1.295654 -0.593629 4.557032
48.701 -0.459984 -1.301866 -0.572685 4.568403
48.801 -0.449931 -1.308185 -0.556802 4.580277
48.901 -0.434919 -1.317184 -0.537604 4.597779
49.001 -0.432622 -1.318554 -0.537604 4.600454
49.101 -0.432695 -1.318510 -0.537604 4.600539
49.201 -0.432729 -1.318490 -0.537604 4.600579
49.301 -0.429407 -1.320422 -0.523641 4.604422
49.405 -0.422625 -1.324302 -0.516660 4.612235
49.502 -0.407705 -1.332620 -0.502348 4.629318
49.601 -0.398509 -1.337629 -0.496937 4.639790
49.701 -0.388567 -1.342919 -0.484720 4.651051
49.802 -0.383995 -1.345338 -0.486640 4.656223
49.901 -0.384366 -1.345142 -0.486640 4.656643
50.001 -0.384436 -1.345104 -0.486640 4.656723
50.102 -0.384436 -1.345104 -0.486640 4.656723
50.201 -0.384436 -1.345104 -0.486640 4.656723
50.301 -0.384436 -1.345104 -0.486640 4.656723
50.403 -0.384436 -1.345104 -0.486640 4.656723
50.501 -0.384436 -1.345104 -0.486640 4.656723
50.601 -0.384436 -1.345104 -0.486640 4.656723
50.705 -0.384436 -1.345104 -0.486640 4.656723
50.802 -0.384436 -1.345104 -0.486640 4.656723
50.901 -0.384436 -1.345104 -0.486640 4.656723
51.003 -0.359156 -1.276359 -0.414551 4.729969
51.101 -0.359156 -1.276359 -0.414551 4.729969
51.202 -0.359156 -1.276359 -0.414551 4.729969
51.302 -0.359156 -1.276359 -0.414551 4.729969
51.401 -0.359156 -1.276359 -0.414551 4.729969
51.504 -0.359156 -1.276359 -0.414551 4.729969
51.601 -0.359156 -1.276359 -0.414551 4.729969
51.702 -0.359156 -1.276359 -0.414551 4.729969
51.801 -0.359156 -1.276359 -0.414551 4.729969
51.901 -0.359156 -1.276359 -0.414551 4.729969
52.001 -0.359156 -1.276359 -0.414551 4.729969
52.102 -0.359156 -1.276359 -0.414551 4.729969
52.201 -0.359156 -1.276359 -0.414551 4.729969
52.301 -0.359156 -1.276359 -0.414551 4.729969
52.401 -0.359156 -1.276359 -0.414551 4.729969
52.502 -0.359156 -1.276359 -0.414551 4.729969
52.602 -0.359156 -1.276359 -0.414551 4.729969
52.702 -0.359156 -1.276359 -0.414551 4.729969
52.805 -0.359156 -1.276359 -0.414551 4.729969
52.902 -0.359156 -1.276359 -0.414551 4.729969
53.001 -0.359156 -1.276359 -0.414551 4.729969
53.101 -0.359156 -1.276359 -0.414551 4.729969
53.201 -0.359156 -1.276359 -0.414551 4.729969
53.301 -0.359156 -1.276359 -0.414551 4.729969
53.401 -0.359156 -1.276359 -0.414551 4.729969
53.501 -0.359156 -1.276359 -0.414551 4.729969
53.601 -0.359156 -1.276359 -0.414551 4.729969
53.701 -0.359156 -1.276359 -0.414551 4.729969
53.802 -0.359156 -1.276359 -0.414551 4.729969
53.902 -0.359156 -1.276359 -0.414551 4.729969
54.001 -0.360653 -1.277771 -0.416114 4.732027
54.102 -0.360653 -1.277771 -0.416114 4.732027
54.203 -0.360653 -1.277771 -0.416114 4.732027
54.303 -0.360653 -1.277771 -0.416114 4.732027
54.401 -0.360653 -1.277771 -0.416114 4.732027
54.501 -0.360653 -1.277771 -0.416114 4.732027
54.601 -0.360653 -1.277771 -0.416114 4.732027
54.705 -0.360653 -1.277771 -0.416114 4.732027
54.801 -0.360653 -1.277771 -0.416114 4.732027
54.901 -0.360109 -1.278012 -0.416114 4.732621
55.001 -0.349104 -1.282875 -0.416114 4.744653
55.101 -0.339501 -1.287026 -0.405467 4.755115
55.201 -0.322956 -1.294063 -0.398137 4.773094
55.303 -0.312335 -1.298559 -0.401802 4.784627
55.402 -0.301889 -1.302998 -0.401802 4.795977
55.501 -0.288566 -1.308659 -0.401802 4.810453
55.601 -0.272319 -1.315523 -0.398137 4.828091
55.704 -0.266911 -1.317797 -0.398137 4.833957
55.801 -0.242197 -1.328126 -0.394472 4.860743
55.901 -0.231354 -1.332594 -0.389061 4.872470
56.001 -0.226187 -1.334701 -0.387141 4.878051
56.101 -0.201400 -1.344353 -0.356772 4.904651
56.201 -0.190950 -1.348194 -0.349791 4.915784
56.301 -0.177158 -1.353101 -0.340715 4.930423
56.401 -0.166240 -1.356944 -0.337050 4.941997
56.501 -0.149199 -1.362661 -0.303889 4.959972
56.601 -0.135004 -1.366825 -0.268982 4.974765
56.701 -0.123473 -1.369793 -0.246119 4.986671
56.802 -0.103123 -1.374419 -0.209467 5.007541
56.902 -0.092070 -1.376683 -0.200740 5.018824
57.001 -0.080138 -1.379013 -0.188174 5.030980
57.101 -0.064505 -1.381902 -0.179098 5.046878
57.203 -0.049245 -1.384611 -0.171768 5.062377
57.301 0.019030 -1.330439 -0.122561 5.149533
57.401 0.030104 -1.331803 -0.122561 5.160691
57.506 0.041935 -1.333221 -0.118896 5.172607
57.602 0.062148 -1.335621 -0.117151 5.192962
57.701 0.073532 -1.336955 -0.115231 5.204423
57.801 0.084982 -1.338280 -0.115231 5.215950
57.903 0.098713 -1.339826 -0.108075 5.229768
58.001 0.115398 -1.341532 -0.099174 5.246539
58.101 0.126907 -1.342667 -0.097428 5.258104
58.201 0.147533 -1.344620 -0.092192 5.278823
58.301 0.159177 -1.345621 -0.079975 5.290510
58.406 0.169932 -1.346479 -0.078230 5.301299
58.501 0.183430 -1.347416 -0.064267 5.314830
58.601 0.200956 -1.348508 -0.060776 5.332389
58.704 0.212522 -1.349202 -0.059031 5.343977
58.801 0.227223 -1.350034 -0.052050 5.358701
58.901 0.244308 -1.350904 -0.048559 5.375808
59.001 0.255238 -1.351421 -0.046814 5.386750
59.101 0.262501 -1.351762 -0.046814 5.394021
59.201 0.262140 -1.351745 -0.046814 5.394383
59.302 0.262100 -1.351742 -0.055540 5.394423
59.401 0.260739 -1.351610 -0.102664 5.395790
59.501 0.257172 -1.351069 -0.188186 5.399398
59.601 0.255780 -1.350768 -0.233564 5.400823
59.701 0.253971 -1.350251 -0.296396 5.402704
59.802 0.254983 -1.350633 -0.369700 5.403785
59.901 0.256229 -1.351191 -0.427296 5.405151
60.002 0.262123 -1.354208 -0.493618 5.411772
60.102 0.274430 -1.361879 -0.601829 5.426273
60.201 0.283332 -1.368575 -0.669896 5.437413
60.302 0.322877 -1.334121 -0.627005 5.489861
60.401 0.335496 -1.344190 -0.709036 5.506004
60.501 0.343636 -1.351669 -0.763141 5.517058
60.603 0.351730 -1.360000 -0.824227 5.528674
60.701 0.365434 -1.376714 -0.928947 5.550288
60.801 0.371787 -1.385847 -0.984798 5.561413
60.901 0.379795 -1.399363 -1.072064 5.577124
61.001 0.397080 -1.367259 -1.159356 5.613586
61.102 0.401439 -1.378166 -1.206479 5.625332
61.202 0.406994 -1.394216 -1.262330 5.642316
61.302 0.410725 -1.407094 -1.305963 5.655724
61.401 0.413298 -1.417161 -1.328652 5.666115
61.502 0.416608 -1.432190 -1.367050 5.681503
61.601 0.418915 -1.444375 -1.396720 5.693904
61.701 0.421435 -1.461367 -1.442099 5.711083
61.801 0.446855 -1.502678 -1.474399 5.759588
61.901 0.447725 -1.513200 -1.495343 5.770146
62.002 0.448581 -1.530604 -1.540722 5.787571
62.102 0.448785 -1.544598 -1.565505 5.801566
62.201 0.448677 -1.555908 -1.589940 5.812877
62.301 0.448048 -1.572026 -1.624846 5.829007
62.401 0.447020 -1.586437 -1.651201 5.843455
62.501 0.445945 -1.598026 -1.672145 5.855094
62.601 0.443981 -1.614174 -1.703561 5.871360
62.701 0.442003 -1.627847 -1.718047 5.885176
62.801 0.439889 -1.641652 -1.726948 5.899141
62.901 0.438103 -1.652490 -1.737595 5.910126
63.002 0.434927 -1.669836 -1.765520 5.927760
63.101 0.432507 -1.681805 -1.772501 5.939971
63.201 0.428944 -1.698828 -1.781228 5.957363
63.301 0.425743 -1.713395 -1.795191 5.972278
63.401 0.423028 -1.724941 -1.805663 5.984139
63.501 0.418778 -1.741897 -1.819625 6.001620
63.602 0.415055 -1.756338 -1.826607 6.016532
63.703 0.412123 -1.767530 -1.828352 6.028102
63.801 0.408950 -1.779344 -1.833588 6.040334
63.901 0.403708 -1.798594 -1.838824 6.060286
64.001 0.400440 -1.810475 -1.840569 6.072608
64.102 0.466292 -1.837944 -1.875813 6.143959
64.205 0.462735 -1.849058 -1.886285 6.155628
64.301 0.457652 -1.864269 -1.898502 6.171667
64.401 0.452839 -1.877979 -1.917701 6.186197
64.501 0.448943 -1.888508 -1.929918 6.197423
64.601 0.442693 -1.904778 -1.943881 6.214853
64.701 0.437317 -1.918222 -1.956098 6.229331
64.802 0.432839 -1.929101 -1.964825 6.241096
64.901 0.427066 -1.942774 -1.975297 6.255938
65.002 0.420060 -1.958931 -1.982278 6.273549
65.101 0.415227 -1.969888 -1.989259 6.285524
65.201 0.410531 -1.980243 -1.999731 6.296895
65.302 0.402234 -1.997940 -2.013694 6.316440
65.401 0.396920 -2.008970 -2.024166 6.328683
65.501 0.391760 -2.019455 -2.029402 6.340369
65.601 0.382428 -2.038051 -2.039874 6.361176
65.701 0.377298 -2.048141 -2.043365 6.372494
65.801 0.369177 -2.063859 -2.050346 6.390186
65.901 0.362302 -2.077057 -2.050346 6.405068
66.001 0.357002 -2.087249 -2.050346 6.416556
66.101 0.349030 -2.102633 -2.048601 6.433882
66.202 0.342209 -2.115805 -2.048601 6.448716
66.302 0.337000 -2.125874 -2.046855 6.460052
66.406 0.328697 -2.141554 -2.064309 6.477795
66.502 0.323137 -2.151723 -2.076526 6.489384
66.601 0.317809 -2.161223 -2.086998 6.500277
66.701 0.308855 -2.176650 -2.104451 6.518114
66.805 0.303059 -2.186500 -2.102706 6.529543
66.901 0.297277 -2.196352 -2.100960 6.540966
67.001 0.286982 -2.214302 -2.083507 6.561658
67.102 0.295390 -2.241762 -2.079659 6.590376
67.201 0.329267 -2.308565 -2.096427 6.665279
67.301 0.321327 -2.321401 -2.134824 6.680372
67.401 0.315139 -2.330606 -2.174966 6.691463
67.511 0.308870 -2.339240 -2.215109 6.702133
67.601 0.297124 -2.354055 -2.259091 6.721040
67.702 0.289352 -2.363124 -2.288587 6.732983
67.802 0.281863 -2.371434 -2.311451 6.744170
67.911 0.268926 -2.384892 -2.348103 6.762838
68.001 0.260625 -2.393190 -2.360320 6.774575
68.101 0.248077 -2.405419 -2.379519 6.792096
68.201 0.238060 -2.414863 -2.391736 6.805863
68.301 0.230845 -2.421514 -2.400463 6.815675
68.401 0.220060 -2.431175 -2.417916 6.830155
68.501 0.212182 -2.438042 -2.430134 6.840606
68.601 0.205933 -2.443397 -2.437115 6.848836
68.701 0.200023 -2.448385 -2.440606 6.856569
68.801 0.190632 -2.456219 -2.451078 6.868799
68.901 0.182207 -2.463083 -2.468531 6.879666
69.001 0.179546 -2.465070 -2.540089 6.882987
69.101 0.179649 -2.465010 -2.599430 6.883105
69.201 0.179608 -2.465014 -2.684952 6.883146
69.302 0.179846 -2.464908 -2.744293 6.883407
69.405 0.179828 -2.464912 -2.789671 6.883426
69.501 0.179793 -2.464927 -2.833305 6.883463
69.601 0.179892 -2.464895 -2.903118 6.883567
69.704 0.179734 -2.464929 -2.939770 6.883729
69.802 0.240050 -2.503672 -3.056080 6.955416
69.901 0.245230 -2.506695 -3.118385 6.961414
70.004 0.240718 -2.506799 -3.118385 6.965927
70.101 0.227245 -2.507112 -3.118385 6.979404
70.201 0.220165 -2.507276 -3.118385 6.986486
70.301 0.212690 -2.507450 -3.118385 6.993963
70.401 0.210492 -2.507523 -3.031118 6.996162
70.501 0.210726 -2.507494 -2.978759 6.996397
70.602 0.212947 -2.506975 -2.868803 6.998678
70.702 0.216031 -2.505847 -2.736158 7.001962
70.801 0.217833 -2.504964 -2.650811 7.003969
70.901 0.219816 -2.503725 -2.544172 7.006307
71.001 0.221636 -2.502312 -2.413272 7.008611
71.101 0.227115 -2.542268 -2.172813 7.048941
71.201 0.227162 -2.542238 -2.045230 7.048997
71.304 0.227186 -2.542181 -1.978907 7.049059
71.411 0.227041 -2.542568 -1.830554 7.049473
71.502 0.227066 -2.542431 -1.745033 7.049612
71.601 0.313776 -2.483916 -1.644293 7.154220
71.701 0.319141 -2.490389 -1.514104 7.162627
71.801 0.321090 -2.504213 -1.385124 7.176588
71.902 0.324772 -2.518741 -1.280230 7.191575
72.001 0.328666 -2.529721 -1.205181 7.203225
72.101 0.228429 -2.503234 -1.080820 7.306902
72.201 0.232914 -2.511063 -1.038933 7.315924
72.301 0.244717 -2.528967 -0.951666 7.337369
72.401 0.252668 -2.539438 -0.902797 7.350517
72.501 0.261222 -2.549715 -0.860909 7.363888
72.601 0.273938 -2.563332 -0.791096 7.382519
72.702 0.320206 -2.602915 -0.730157 7.443409
72.801 0.326633 -2.608424 -0.696996 7.451873
72.902 0.340840 -2.619461 -0.632419 7.469864
73.003 0.352521 -2.627486 -0.583550 7.484036
73.102 0.366733 -2.636284 -0.532935 7.500751
73.201 0.376241 -2.641630 -0.499949 7.511659
73.301 0.391497 -2.651839 -0.493422 7.530016
73.401 0.399534 -2.656311 -0.482107 7.539213
73.501 0.417456 -2.665278 -0.447025 7.559253
73.601 0.428251 -2.670278 -0.425732 7.571149
73.701 0.439312 -2.675067 -0.401298 7.583203
73.803 0.454398 -2.681214 -0.376689 7.599494
73.901 0.470782 -2.687399 -0.352429 7.617005
74.001 0.484811 -2.692279 -0.324329 7.631859
74.101 0.495808 -2.695812 -0.303385 7.643410
74.201 0.509053 -2.699806 -0.284186 7.657244
74.302 0.525433 -2.704146 -0.238633 7.674189
74.401 0.536542 -2.706645 -0.210708 7.685576
74.501 0.547371 -2.708751 -0.181037 7.696608
74.601 0.565080 -2.711450 -0.130423 7.714522
74.701 0.574682 -2.712583 -0.107733 7.724190
74.801 0.584304 -2.713492 -0.083299 7.733854
74.901 0.603315 -2.714723 -0.051708 7.752906
75.001 0.558621 -2.704709 -0.044334 7.798708
75.102 0.572852 -2.705119 -0.021644 7.812945
75.202 0.588816 -2.705297 -0.000526 7.828910
75.303 0.599528 -2.705247 0.006455 7.839622
75.401 0.612898 -2.705066 0.020418 7.852993
75.502 0.630089 -2.704684 0.027399 7.870189
75.605 0.641395 -2.704374 0.027399 7.881499
75.701 0.652174 -2.704041 0.030890 7.892283
75.801 0.669013 -2.703487 0.034381 7.909131
75.901 0.679425 -2.703129 0.034381 7.919549
76.001 0.689151 -2.702778 0.036126 7.929282
76.102 0.698138 -2.702455 0.034381 7.938274
76.201 0.699167 -2.702420 0.034381 7.939304
76.301 0.709805 -2.702040 0.036126 7.949949
76.402 0.722602 -2.701561 0.037871 7.962755
76.501 0.739847 -2.700847 0.041362 7.980015
76.602 0.756614 -2.700139 0.043107 7.996797
76.701 0.765077 -2.699774 0.043107 8.005267
76.801 0.782740 -2.699012 0.043107 8.022946
76.901 0.793659 -2.698526 0.044853 8.033877
77.001 0.805408 -2.697999 0.044853 8.045638
77.101 0.823580 -2.697161 0.046598 8.063828
77.201 0.832849 -2.696728 0.046598 8.073108
77.301 0.842709 -2.696269 0.046598 8.082979
77.401 0.857464 -2.695559 0.048343 8.097750
77.501 0.871190 -2.694954 0.043107 8.111490
77.601 0.877975 -2.694673 0.041362 8.118281
77.701 0.886917 -2.694253 0.055325 8.127233
77.815 0.907129 -2.692940 0.078014 8.147487
77.906 0.918786 -2.691962 0.084995 8.159185
78.003 0.935921 -2.690472 0.088486 8.176385
78.101 0.948622 -2.689452 0.074523 8.189127
78.202 0.964278 -2.686564 0.069381 8.205047
78.301 0.991821 -2.650802 0.139405 8.250186
78.405 1.010231 -2.648550 0.099263 8.268733
78.501 1.021280 -2.647775 0.055630 8.279809
78.601 1.033106 -2.647407 0.015487 8.291640
78.701 1.052799 -2.647255 0.010251 8.311334
78.802 1.064362 -2.647131 0.011996 8.322898
78.901 1.078609 -2.646960 0.011996 8.337146
79.001 1.090970 -2.646812 0.011996 8.349508
79.102 1.108752 -2.646583 0.013742 8.367291
79.201 1.120427 -2.646413 0.015487 8.378968
79.301 1.140872 -2.646075 0.017232 8.399415
79.401 1.153218 -2.645846 0.018978 8.411764
79.501 1.167683 -2.645555 0.020723 8.426232
79.601 1.179732 -2.645285 0.022468 8.438284
79.701 1.197257 -2.644860 0.024214 8.455814
79.801 1.212121 -2.644500 0.024214 8.470682
79.901 1.223961 -2.644203 0.025959 8.482526
80.002 1.242368 -2.643725 0.025959 8.500939
80.106 1.257014 -2.643335 0.027704 8.515590
80.201 1.268670 -2.643012 0.027704 8.527251
80.301 1.285464 -2.642522 0.029450 8.544052
80.401 1.299832 -2.642089 0.031195 8.558426
80.502 1.311555 -2.641919 0.006760 8.570151
80.603 1.328527 -2.642221 -0.033382 8.587125
80.701 1.343383 -2.643122 -0.078761 8.602009
80.801 1.354639 -2.644258 -0.115413 8.613322
80.906 1.371813 -2.646787 -0.169518 8.630681
81.001 1.383032 -2.648967 -0.206170 8.642110
81.101 1.399921 -2.652988 -0.249803 8.659471
81.201 1.414171 -2.656941 -0.285059 8.674260
81.301 1.466302 -2.537453 -0.316263 8.804625
81.401 1.476814 -2.541077 -0.342443 8.815744
81.501 1.495843 -2.547927 -0.331971 8.835968
81.601 1.506613 -2.551579 -0.319579 8.847341
81.701 1.517814 -2.555067 -0.291654 8.859072
81.801 1.537731 -2.560594 -0.249766 8.879742
81.901 1.548995 -2.563308 -0.230393 8.891329
82.002 1.565289 -2.566723 -0.190250 8.907977
82.102 1.578974 -2.569134 -0.165641 8.921872
82.202 1.589205 -2.570709 -0.142952 8.932224
82.301 1.605846 -2.572817 -0.109791 8.948998
82.401 1.619586 -2.574148 -0.088847 8.962802
82.501 1.630980 -2.574957 -0.064412 8.974224
82.601 1.647683 -2.575711 -0.031251 8.990945
82.701 1.659060 -2.575900 -0.006816 9.002324
82.801 1.673046 -2.575883 0.001910 9.016309
82.901 1.675753 -2.575881 0.000165 9.019016
83.001 1.678584 -2.573783 0.020547 9.022539
83.101 1.682603 -2.549661 0.115568 9.046994
83.201 1.682603 -2.549661 0.115568 9.046994
83.301 1.686396 -2.549220 0.115568 9.050813
83.401 1.698035 -2.547883 0.113823 9.062529
83.501 1.707291 -2.546863 0.106842 9.071841
83.602 1.714698 -2.546069 0.106842 9.079290
83.701 1.726062 -2.544850 0.106842 9.090720
83.801 1.735386 -2.543850 0.106842 9.100097
83.901 1.742877 -2.543047 0.106842 9.107631
84.001 1.751941 -2.542075 0.106842 9.116746
84.102 1.762819 -2.540908 0.106842 9.127688
84.201 1.766560 -2.540507 0.106842 9.131450
84.301 1.781637 -2.538890 0.106842 9.146613
84.401 1.791278 -2.537853 0.108587 9.156310
84.501 1.802560 -2.536623 0.108587 9.167659
84.602 1.817851 -2.534956 0.108587 9.183040
84.701 1.834782 -2.533096 0.110332 9.200074
84.801 1.846858 -2.531758 0.110332 9.212223
84.901 1.861148 -2.530175 0.110332 9.226601
85.001 1.871968 -2.528976 0.110332 9.237487
85.101 1.878799 -2.528287 0.098115 9.244352
85.202 1.891859 -2.527127 0.082407 9.257463
85.301 1.908088 -2.526424 0.012594 9.273708
85.402 1.918104 -2.526613 -0.038020 9.283725
85.502 1.928473 -2.527290 -0.081654 9.294116
85.602 1.946824 -2.529643 -0.162113 9.312618
85.705 1.957868 -2.531640 -0.193529 9.323841
85.801 1.968889 -2.534068 -0.230356 9.335127
85.901 1.988418 -2.539288 -0.286032 9.355341
86.002 1.998875 -2.542606 -0.319193 9.366312
86.102 2.014090 -2.548034 -0.362826 9.382466
86.202 2.093472 -2.508574 -0.460545 9.471115
86.301 2.100858 -2.512411 -0.490391 9.479438
86.401 2.110629 -2.517893 -0.526868 9.490642
86.502 2.118576 -2.522742 -0.561775 9.499951
86.601 2.124868 -2.526835 -0.587954 9.507457
86.701 2.131070 -2.531074 -0.612564 9.514970
86.801 2.137165 -2.535468 -0.634031 9.522483
86.901 2.141207 -2.538510 -0.647994 9.527542
87.002 2.146834 -2.542852 -0.663702 9.534649
87.101 2.153119 -2.547698 -0.654975 9.542586
87.201 2.158863 -2.552033 -0.644329 9.549782
87.301 2.162599 -2.554868 -0.651484 9.554472
87.401 2.164535 -2.556351 -0.655150 9.556911
87.501 2.168241 -2.559243 -0.670858 9.561612
87.606 2.169883 -2.560557 -0.679584 9.563715
87.701 2.172090 -2.562403 -0.702274 9.566592
87.806 2.177040 -2.566748 -0.733689 9.573178
87.901 2.179769 -2.569275 -0.751143 9.576898
88.001 2.182406 -2.571807 -0.773832 9.580554
88.102 2.191895 -2.581011 -0.763360 9.593773
88.201 2.199404 -2.588019 -0.745907 9.604044
88.301 2.183895 -2.549658 -0.749692 9.645421
88.404 2.193642 -2.555725 -0.702123 9.656902
88.501 2.201015 -2.561683 -0.667217 9.666381
88.601 2.208803 -2.567598 -0.637546 9.676161
88.701 2.224219 -2.578064 -0.565988 9.694794
88.801 2.234574 -2.584227 -0.520609 9.706844
88.905 2.243425 -2.589014 -0.483957 9.716907
89.002 2.259598 -2.596732 -0.421300 9.734827
89.101 2.269256 -2.601139 -0.431772 9.745444
89.201 2.279417 -2.605867 -0.437357 9.756651
89.301 2.297507 -2.614527 -0.453414 9.776707
89.401 2.307913 -2.619706 -0.470867 9.788330
89.501 2.317786 -2.624614 -0.456905 9.799356
89.602 2.333429 -2.632200 -0.448004 9.816741
89.702 2.345052 -2.637570 -0.421649 9.829545
89.801 2.353626 -2.641304 -0.404021 9.838897
89.901 2.368326 -2.647181 -0.360388 9.854728
90.003 2.376040 -2.650015 -0.346251 9.862946
90.103 2.380233 -2.651538 -0.349916 9.867407
90.201 2.380409 -2.651602 -0.349916 9.867594
90.301 2.379899 -2.651415 -0.351661 9.868137
90.401 2.379899 -2.651415 -0.351661 9.868137
90.504 2.403722 -2.623932 -0.323013 9.904508
90.601 2.412757 -2.612455 -0.310397 9.919115
90.701 2.412700 -2.612437 -0.310397 9.919175
90.801 2.412528 -2.612381 -0.308652 9.919356
90.901 2.412395 -2.612339 -0.310397 9.919495
91.002 2.414349 -2.612966 -0.310397 9.921546
91.101 2.421317 -2.615201 -0.310397 9.928864
91.201 2.432949 -2.618932 -0.310397 9.941080
91.301 2.442185 -2.621894 -0.310397 9.950779
91.401 2.449594 -2.624267 -0.308652 9.958559
91.501 2.458953 -2.627266 -0.310397 9.968387
91.601 2.470070 -2.630832 -0.310397 9.980062
91.701 2.477734 -2.633290 -0.310397 9.988110
91.803 2.487491 -2.636416 -0.308652 9.998356
91.901 2.498806 -2.640031 -0.310397 10.010235
92.001 2.506475 -2.642476 -0.308652 10.018283
92.101 2.513985 -2.644871 -0.308652 10.026166
92.201 2.527479 -2.649173 -0.308652 10.040329
92.301 2.535139 -2.651616 -0.308652 10.048369
92.401 2.544495 -2.654587 -0.306732 10.058186
92.501 2.555662 -2.658132 -0.308652 10.069902
92.601 2.563230 -2.660537 -0.306732 10.077844
92.701 2.572746 -2.663551 -0.306732 10.087825
92.801 2.584231 -2.667189 -0.306732 10.099872
92.901 2.591594 -2.669525 -0.306732 10.107597
93.001 2.599696 -2.672091 -0.306732 10.116096
93.101 2.612679 -2.676203 -0.306732 10.129715
93.202 2.620113 -2.678558 -0.306732 10.137512
93.301 2.629847 -2.681641 -0.306732 10.147723
93.401 2.637679 -2.684122 -0.306732 10.155939
93.501 2.648871 -2.687666 -0.306732 10.167679
93.603 2.688497 -2.663915 -0.321565 10.213878
93.708 2.696432 -2.666558 -0.321565 10.222242
93.802 2.707756 -2.670323 -0.319820 10.234175
93.901 2.717112 -2.673433 -0.321565 10.244034
94.001 2.726552 -2.676571 -0.319820 10.253982
94.101 2.737931 -2.680354 -0.319820 10.265974
94.201 2.743430 -2.682175 -0.319820 10.271766
94.301 2.748883 -2.683990 -0.319820 10.277514
94.402 2.752542 -2.685194 -0.317900 10.281366
94.501 2.758702 -2.687221 -0.317900 10.287850
94.601 2.770192 -2.690995 -0.317900 10.299944
94.701 2.780929 -2.694524 -0.316155 10.311246
94.801 2.787042 -2.696536 -0.317900 10.317682
94.902 2.798441 -2.700287 -0.317900 10.329683
95.006 2.809822 -2.704021 -0.316155 10.341660
95.105 2.815266 -2.705809 -0.317900 10.347391
95.201 2.818130 -2.706744 -0.314235 10.350403
95.304 2.817843 -2.706651 -0.314235 10.350705
95.407 2.817824 -2.706645 -0.314235 10.350725
95.505 2.817824 -2.706645 -0.314235 10.350725
95.601 2.817824 -2.706645 -0.314235 10.350725
95.701 2.817824 -2.706645 -0.314235 10.350725
95.801 2.817725 -2.706613 -0.314235 10.350828
95.901 2.817615 -2.706577 -0.314235 10.350944
96.002 2.817730 -2.706614 -0.314235 10.351066
96.101 2.817654 -2.706590 -0.314235 10.351145
96.202 2.817654 -2.706590 -0.314235 10.351145
96.301 2.817674 -2.706596 -0.314235 10.351165
96.401 2.817674 -2.706596 -0.314235 10.351165
96.502 2.817674 -2.706596 -0.314235 10.351165
96.601 2.817566 -2.683364 -0.304050 10.374397
96.701 2.817566 -2.683364 -0.304050 10.374397
96.801 2.817566 -2.683364 -0.304050 10.374397
96.901 2.817586 -2.683370 -0.304050 10.374417
97.001 2.817586 -2.683370 -0.304050 10.374417
97.101 2.817586 -2.683370 -0.304050 10.374417
97.201 2.817586 -2.683370 -0.304050 10.374417
97.301 2.817586 -2.683370 -0.304050 10.374417
97.401 2.817586 -2.683370 -0.304050 10.374417
97.501 2.817586 -2.683370 -0.304050 10.374417
97.601 2.817586 -2.683370 -0.304050 10.374417
97.705 2.817586 -2.683370 -0.304050 10.374417
97.802 2.817586 -2.683370 -0.304050 10.374417
97.901 2.817586 -2.683370 -0.304050 10.374417
98.001 2.817586 -2.683370 -0.304050 10.374417
98.101 2.817586 -2.683370 -0.304050 10.374417
98.201 2.817586 -2.683370 -0.304050 10.374417
98.301 2.817586 -2.683370 -0.304050 10.374417
98.401 2.817586 -2.683370 -0.304050 10.374417
98.501 2.817586 -2.683370 -0.304050 10.374417
98.601 2.817586 -2.683370 -0.304050 10.374417
98.701 2.817586 -2.683370 -0.304050 10.374417
98.801 2.817586 -2.683370 -0.304050 10.374417
98.901 2.817586 -2.683370 -0.304050 10.374417
99.001 2.817586 -2.683370 -0.304050 10.374417
99.101 2.817586 -2.683370 -0.304050 10.374417
99.201 2.817586 -2.683370 -0.304050 10.374417
99.305 2.817586 -2.683370 -0.304050 10.374417
99.401 2.817586 -2.683370 -0.304050 10.374417
99.501 2.817586 -2.683370 -0.304050 10.374417
99.602 2.817586 -2.683370 -0.304050 10.374417
99.701 2.822224 -2.680401 -0.302494 10.379924
99.801 2.822224 -2.680401 -0.302494 10.379924
99.901 2.822224 -2.680401 -0.302494 10.379924
100.001 2.822224 -2.680401 -0.302494 10.379924
100.102 2.822224 -2.680401 -0.302494 10.379924
100.203 2.822224 -2.680401 -0.302494 10.379924
100.301 2.822224 -2.680401 -0.302494 10.379924
100.401 2.822224 -2.680401 -0.302494 10.379924
100.501 2.822224 -2.680401 -0.302494 10.379924
100.601 2.822224 -2.680401 -0.302494 10.379924
100.701 2.822224 -2.680401 -0.302494 10.379924
100.801 2.822224 -2.680401 -0.302494 10.379924
100.901 2.822224 -2.680401 -0.302494 10.379924
101.001 2.822224 -2.680401 -0.302494 10.379924
101.101 2.822224 -2.680401 -0.302494 10.379924
101.201 2.822224 -2.680401 -0.302494 10.379924
101.301 2.822224 -2.680401 -0.302494 10.379924
101.401 2.822224 -2.680401 -0.302494 10.379924
101.501 2.822224 -2.680401 -0.302494 10.379924
101.601 2.822224 -2.680401 -0.302494 10.379924
101.701 2.822224 -2.680401 -0.302494 10.379924
101.801 2.822224 -2.680401 -0.302494 10.379924
101.901 2.822186 -2.680389 -0.302494 10.379964
102.001 2.822186 -2.680389 -0.302494 10.379964
102.101 2.822168 -2.680383 -0.302494 10.379983
102.201 2.822149 -2.680377 -0.302494 10.380003
102.301 2.822111 -2.680365 -0.302494 10.380043
102.401 2.822111 -2.680365 -0.302494 10.380043
102.501 2.822111 -2.680365 -0.302494 10.380043
102.601 2.822111 -2.680365 -0.302494 10.380043
102.701 2.822111 -2.680365 -0.302494 10.380043
102.801 2.820499 -2.680522 -0.300929 10.381663
102.901 2.820499 -2.680522 -0.300929 10.381663
103.001 2.820499 -2.680522 -0.300929 10.381663
103.101 2.820499 -2.680522 -0.300929 10.381663
103.201 2.820499 -2.680522 -0.300929 10.381663
103.301 2.820499 -2.680522 -0.300929 10.381663
103.401 2.820499 -2.680522 -0.300929 10.381663
103.501 2.820499 -2.680522 -0.300929 10.381663
103.601 2.820499 -2.680522 -0.300929 10.381663
103.701 2.820499 -2.680522 -0.300929 10.381663
103.801 2.820499 -2.680522 -0.300929 10.381663
103.901 2.820499 -2.680522 -0.300929 10.381663
104.003 2.820499 -2.680522 -0.300929 10.381663
104.101 2.820499 -2.680522 -0.300929 10.381663
104.201 2.820499 -2.680522 -0.300929 10.381663
104.301 2.820499 -2.680522 -0.300929 10.381663
104.401 2.820499 -2.680522 -0.300929 10.381663
104.501 2.820499 -2.680522 -0.300929 10.381663
104.601 2.820499 -2.680522 -0.300929 10.381663
104.701 2.820499 -2.680522 -0.300929 10.381663
104.801 2.820499 -2.680522 -0.300929 10.381663
104.901 2.820499 -2.680522 -0.300929 10.381663
105.002 2.820499 -2.680522 -0.300929 10.381663
105.101 2.820499 -2.680522 -0.300929 10.381663
105.201 2.820499 -2.680522 -0.300929 10.381663
105.303 2.820499 -2.680522 -0.300929 10.381663
105.401 2.820499 -2.680522 -0.300929 10.381663
105.501 2.820499 -2.680522 -0.300929 10.381663
105.601 2.820499 -2.680522 -0.300929 10.381663
105.701 2.820499 -2.680522 -0.300929 10.381663
105.801 2.820499 -2.680522 -0.300929 10.381663
105.901 2.820499 -2.680522 -0.300929 10.381663
106.001 2.820547 -2.680365 -0.302491 10.381827
106.101 2.820547 -2.680365 -0.302491 10.381827
106.201 2.820547 -2.680365 -0.302491 10.381827
106.301 2.820547 -2.680365 -0.302491 10.381827
106.401 2.820566 -2.680371 -0.302491 10.381847
106.502 2.820566 -2.680371 -0.302491 10.381847
106.601 2.820566 -2.680371 -0.302491 10.381847
106.701 2.820566 -2.680371 -0.302491 10.381847
106.801 2.820566 -2.680371 -0.302491 10.381847
106.901 2.820566 -2.680371 -0.302491 10.381847
107.001 2.820566 -2.680371 -0.302491 10.381847
107.101 2.820566 -2.680371 -0.302491 10.381847
107.201 2.820566 -2.680371 -0.302491 10.381847
107.301 2.820566 -2.680371 -0.302491 10.381847
107.401 2.820566 -2.680371 -0.302491 10.381847
107.501 2.820566 -2.680371 -0.302491 10.381847
107.601 2.820566 -2.680371 -0.302491 10.381847
107.704 2.820566 -2.680371 -0.302491 10.381847
107.801 2.820566 -2.680371 -0.302491 10.381847
107.901 2.820566 -2.680371 -0.302491 10.381847
108.001 2.820566 -2.680371 -0.302491 10.381847
108.101 2.820566 -2.680371 -0.302491 10.381847
