# t_sec x y yaw_rad cum_dist_m
0.102 -0.001562 -0.000164 0.001562 0.000000
0.202 -0.001562 -0.000164 0.001562 0.000000
0.302 -0.001562 -0.000164 0.001562 0.000000
0.402 -0.001562 -0.000164 0.001562 0.000000
0.502 -0.010937 -0.001727 0.001562 0.009504
0.602 -0.010957 -0.001727 0.003482 0.009524
0.702 -0.011012 -0.001727 0.028092 0.009579
0.802 -0.011071 -0.001728 0.049210 0.009638
0.902 -0.011270 -0.001742 0.078881 0.009838
1.002 -0.010911 -0.001706 0.122514 0.010199
1.102 -0.010950 -0.001710 0.150439 0.010239
1.202 -0.010848 -0.001693 0.178364 0.010342
1.302 -0.011046 -0.001735 0.220252 0.010545
1.402 -0.010733 -0.001658 0.248178 0.010868
1.502 -0.010346 -0.001554 0.277848 0.011268
1.602 -0.010841 -0.001707 0.305773 0.011786
1.702 -0.010360 -0.001535 0.352897 0.012296
1.802 -0.010109 -0.001440 0.379077 0.012565
1.902 -0.010484 -0.001595 0.427946 0.012970
2.002 -0.009957 -0.001345 0.452381 0.013553
2.102 -0.010262 -0.001501 0.473325 0.013896
2.202 -0.010352 -0.001545 0.504741 0.013996
2.302 -0.009954 -0.001315 0.550119 0.014455
2.402 -0.010182 -0.001459 0.579790 0.014725
2.502 -0.009777 -0.001168 0.632324 0.015225
2.602 -0.009994 -0.001334 0.656759 0.015498
2.702 -0.009853 -0.001221 0.682939 0.015679
2.802 0.039923 0.042024 0.723816 0.081616
2.902 0.039908 0.042013 0.762213 0.081635
3.002 0.039822 0.041928 0.786648 0.081755
3.102 0.039822 0.041927 0.818064 0.081756
3.203 0.040057 0.042200 0.865188 0.082116
3.302 0.040063 0.042205 0.891368 0.082123
3.402 0.039941 0.042053 0.931510 0.082318
3.502 0.039860 0.041946 0.973398 0.082452
3.602 0.039870 0.041962 0.992597 0.082471
3.702 0.040093 0.042317 1.032739 0.082890
3.802 0.039988 0.042126 1.069391 0.083108
3.904 0.039995 0.042140 1.095571 0.083124
4.002 0.040238 0.042644 1.137459 0.083684
4.102 0.040150 0.042445 1.163639 0.083902
4.204 0.040017 0.042120 1.198546 0.084253
4.302 0.057689 0.035817 1.239658 0.103015
4.402 0.062079 0.034261 1.268258 0.107672
4.508 0.062184 0.034623 1.296183 0.108049
4.602 0.062209 0.034680 1.345052 0.108112
4.702 0.062239 0.034838 1.376468 0.108273
4.812 0.062278 0.035056 1.409629 0.108494
4.903 0.062191 0.034426 1.449772 0.109131
5.002 0.062210 0.034605 1.474207 0.109312
5.102 0.062235 0.034923 1.502132 0.109631
5.202 0.062239 0.034919 1.552746 0.109637
5.302 0.062238 0.034708 1.580672 0.109848
5.402 0.062227 0.035030 1.617324 0.110169
5.502 0.062215 0.035207 1.653976 0.110347
5.602 0.062219 0.035195 1.681901 0.110360
5.702 0.062246 0.034956 1.722043 0.110600
5.803 0.085989 0.029980 1.763637 0.134859
5.903 0.086106 0.029433 1.786326 0.135419
6.002 0.086159 0.029198 1.828214 0.135659
6.104 0.086035 0.029631 1.864866 0.136109
6.202 0.085994 0.029765 1.889301 0.136249
6.302 0.086007 0.029727 1.929443 0.136289
6.403 0.086050 0.029616 1.962604 0.136408
6.502 0.085851 0.030071 1.988784 0.136906
6.602 0.085818 0.030145 2.018455 0.136986
6.702 0.086094 0.029588 2.064183 0.137608
6.802 0.085685 0.030319 2.090363 0.138446
6.904 0.085772 0.030180 2.114797 0.138610
7.002 0.085881 0.029992 2.160001 0.138827
7.102 0.085717 0.030233 2.187926 0.139118
7.203 0.085763 0.030169 2.212361 0.139197
7.302 0.085448 0.030572 2.262976 0.139709
7.404 0.085732 0.030243 2.287410 0.140144
7.503 0.085691 0.029426 2.310612 0.140963
7.602 0.084326 0.013949 2.369564 0.156500
7.702 0.084568 0.013720 2.399235 0.156833
7.802 0.084613 0.013679 2.421924 0.156893
7.902 0.084104 0.014103 2.467303 0.157556
8.002 0.084073 0.014127 2.493483 0.157595
8.103 0.084493 0.013823 2.521408 0.158115
8.202 0.084150 0.014059 2.565041 0.158532
8.302 0.084016 0.014144 2.598202 0.158690
8.402 0.083963 0.014174 2.622637 0.158751
8.502 0.083678 0.014325 2.668015 0.159074
8.602 0.083859 0.014238 2.702922 0.159275
8.702 0.083587 0.014361 2.722121 0.159574
8.802 0.083598 0.014366 2.770990 0.159586
8.902 0.083974 0.014225 2.797170 0.159987
9.003 0.083458 0.014396 2.839058 0.160530
9.102 0.073259 0.018961 2.854843 0.171705
9.202 0.073469 0.018901 2.893240 0.171923
9.302 0.073524 0.018886 2.931637 0.171980
9.402 0.073506 0.018890 2.964799 0.172000
9.502 0.073562 0.018883 2.989233 0.172056
9.602 0.073498 0.018892 3.032867 0.172121
9.702 0.073196 0.018916 3.066028 0.172424
9.802 0.073116 0.018919 3.094128 0.172504
9.902 0.073155 0.018922 3.134096 0.172543
10.002 0.073335 0.018924 -3.112438 0.172722
10.102 0.073105 0.018913 -3.088003 0.172952
10.202 0.073011 0.018909 -3.040879 0.173047
10.302 0.072811 0.018885 -3.014699 0.173247
10.402 0.072787 0.018883 -2.978047 0.173271
10.502 0.094661 0.025597 -2.946423 0.196152
10.625 0.096310 0.026132 -2.908163 0.197886
10.704 0.096755 0.026246 -2.883728 0.198345
10.802 0.096599 0.026193 -2.843585 0.198510
10.902 0.096392 0.026125 -2.815660 0.198728
11.003 0.096580 0.026195 -2.777263 0.198928
11.102 0.096469 0.026147 -2.740611 0.199049
11.202 0.096140 0.026000 -2.709195 0.199409
11.302 0.095782 0.025827 -2.679524 0.199807
11.403 0.096260 0.026085 -2.637637 0.200350
11.503 0.096004 0.025932 -2.602730 0.200648
11.602 0.095512 0.025629 -2.576725 0.201226
11.702 0.096026 0.025972 -2.548625 0.201843
11.802 0.095913 0.025884 -2.506737 0.201987
11.902 0.095568 0.025628 -2.466594 0.202416
12.002 0.077083 0.029625 -2.413414 0.221329
12.102 0.077069 0.029608 -2.383743 0.221351
12.202 0.076952 0.029493 -2.343601 0.221515
12.302 0.076774 0.029307 -2.312185 0.221773
12.404 0.076826 0.029369 -2.282514 0.221854
12.502 0.076893 0.029446 -2.249178 0.221956
12.608 0.076396 0.028788 -2.207465 0.222780
12.702 0.076390 0.028785 -2.181285 0.222787
12.803 0.076728 0.029288 -2.146204 0.223392
12.905 0.076489 0.028894 -2.106061 0.223853
13.002 0.076409 0.028758 -2.081627 0.224011
13.102 0.076559 0.029041 -2.039739 0.224332
13.202 0.076673 0.029276 -2.008323 0.224593
13.302 0.076540 0.028970 -1.976907 0.224927
13.402 0.076610 0.029159 -1.933274 0.225129
13.502 0.076625 0.029198 -1.901858 0.225170
13.602 0.023952 0.050110 -1.874885 0.281842
13.702 0.023766 0.049450 -1.838233 0.282527
13.802 0.023772 0.049496 -1.799836 0.282573
13.904 0.023772 0.049495 -1.766675 0.282574
14.002 0.023760 0.049415 -1.738750 0.282655
14.104 0.023726 0.049194 -1.709079 0.282878
14.202 0.023749 0.049432 -1.668937 0.283117
14.309 0.023765 0.049633 -1.630539 0.283318
14.402 0.023745 0.049233 -1.593887 0.283718
14.503 0.023746 0.049111 -1.569453 0.283840
14.602 0.023755 0.048967 -1.532626 0.283984
14.702 0.023755 0.048947 -1.499465 0.284005
14.802 0.023764 0.048848 -1.469794 0.284104
14.906 0.031107 0.048380 -1.421485 0.291462
15.006 0.035459 0.048677 -1.372178 0.295824
15.102 0.035511 0.048443 -1.349489 0.296064
15.202 0.035544 0.048305 -1.319818 0.296205
15.302 0.035523 0.048397 -1.272694 0.296299
15.403 0.035556 0.048287 -1.246515 0.296414
15.503 0.035524 0.048383 -1.222080 0.296516
15.602 0.035692 0.047955 -1.178447 0.296976
15.702 0.035730 0.047865 -1.147031 0.297074
15.803 0.035623 0.048097 -1.122596 0.297329
15.902 0.035760 0.047832 -1.071982 0.297627
16.002 0.035747 0.047855 -1.052783 0.297653
16.102 0.035705 0.047923 -1.021367 0.297732
16.202 0.035691 0.047945 -0.986460 0.297759
16.302 0.035982 0.047531 -0.942827 0.298264
16.408 0.035929 0.047597 -0.913157 0.298348
16.502 0.035583 0.048033 -0.888722 0.298904
16.607 0.036058 0.047479 -0.853815 0.299634
16.703 -0.044914 0.069168 -0.727899 0.383460
16.802 -0.045130 0.069355 -0.705209 0.383746
16.902 -0.044983 0.069241 -0.673793 0.383931
17.002 -0.044564 0.068924 -0.630160 0.384457
17.102 -0.044822 0.069107 -0.603980 0.384773
17.202 -0.044924 0.069175 -0.583036 0.384895
17.302 -0.044496 0.068909 -0.546384 0.385399
17.402 -0.044054 0.068650 -0.513048 0.385911
17.502 -0.044510 0.068897 -0.488439 0.386430
17.602 -0.045014 0.069150 -0.446551 0.386994
17.707 -0.044557 0.068944 -0.423862 0.387495
17.802 -0.043970 0.068688 -0.397682 0.388136
17.902 -0.044731 0.068989 -0.357365 0.388954
18.002 -0.044034 0.068753 -0.317223 0.389691
18.102 -0.044335 0.068843 -0.289472 0.390005
18.203 -0.044742 0.068959 -0.254565 0.390429
18.302 -0.044428 0.068882 -0.233447 0.390752
18.402 -0.052666 0.037909 -0.151310 0.422802
18.502 -0.052254 0.037851 -0.128620 0.423219
18.602 -0.052614 0.037889 -0.084987 0.423580
18.702 -0.052593 0.037888 -0.050081 0.423601
18.803 -0.052235 0.037876 -0.022155 0.423959
18.902 -0.052576 0.037873 0.019733 0.424301
19.003 -0.052616 0.037872 0.019733 0.424341
19.103 -0.052958 0.037866 0.017813 0.424683
19.202 -0.052958 0.037866 0.017813 0.424683
19.302 -0.052958 0.037866 0.017813 0.424683
19.402 -0.052958 0.037866 0.017813 0.424683
19.502 -0.052958 0.037866 0.017813 0.424683
19.607 -0.052958 0.037866 0.017813 0.424683
19.702 -0.052958 0.037866 0.017813 0.424683
19.802 -0.052958 0.037866 0.017813 0.424683
19.902 -0.052958 0.037866 0.017813 0.424683
20.002 -0.052958 0.037866 0.017813 0.424683
20.102 -0.052958 0.037866 0.017813 0.424683
20.206 -0.052958 0.037866 0.017813 0.424683
20.302 -0.052958 0.037866 0.017813 0.424683
20.402 -0.052958 0.037866 0.017813 0.424683
20.503 -0.052958 0.037866 0.017813 0.424683
20.602 -0.052958 0.037866 0.017813 0.424683
20.702 -0.052958 0.037866 0.017813 0.424683
20.802 -0.052958 0.037866 0.017813 0.424683
20.902 -0.052938 0.037866 0.017813 0.424703
21.003 -0.054811 0.037924 -0.045019 0.426576
21.102 -0.056747 0.038066 -0.097379 0.428518
21.202 -0.059442 0.038458 -0.190056 0.431241
21.302 -0.061999 0.039152 -0.322526 0.433890
21.405 -0.063617 0.039807 -0.415029 0.435636
21.502 -0.064779 0.040399 -0.519749 0.436940
21.602 -0.065271 0.040721 -0.605270 0.437529
21.702 -0.023511 0.027240 -0.809472 0.481410
21.802 -0.007549 0.021962 -0.922614 0.498222
21.902 -0.004929 0.017724 -1.072712 0.503205
22.002 -0.003761 0.015301 -1.156488 0.505895
22.102 -0.003473 0.014555 -1.229792 0.506695
22.202 -0.003199 0.013583 -1.325785 0.507704
22.306 -0.002920 0.011928 -1.432250 0.509383
22.447 0.049355 0.043165 -1.587393 0.570280
22.502 0.048661 0.033721 -1.685132 0.579749
22.602 0.051370 0.020937 -1.757332 0.592817
22.702 0.050373 0.016488 -1.807946 0.597376
22.803 0.047762 0.007677 -1.891722 0.606566
22.902 0.046796 0.004723 -1.886486 0.609674
23.002 0.045772 0.001649 -1.895213 0.612914
23.102 0.039909 -0.014053 -1.951063 0.629675
23.206 0.032690 -0.030552 -2.006914 0.647684
23.302 0.028896 -0.038262 -2.038330 0.656277
23.402 0.046285 -0.062204 -2.044357 0.685867
23.502 0.039746 -0.074242 -2.084499 0.699566
23.604 0.034115 -0.083836 -2.108934 0.710691
23.702 0.024826 -0.098451 -2.159548 0.728008
23.802 0.017274 -0.109128 -2.203182 0.741086
23.902 0.010538 -0.117970 -2.234598 0.752202
24.005 0.000865 -0.129788 -2.276485 0.767474
24.102 -0.005189 -0.136644 -2.304585 0.776620
24.210 -0.016907 -0.148956 -2.349789 0.793617
24.303 -0.027186 -0.159031 -2.372653 0.808010
24.402 -0.037790 -0.169058 -2.391852 0.822604
24.502 -0.035612 -0.209771 -2.400898 0.863376
24.602 -0.031217 -0.271637 -2.386785 0.925397
24.703 -0.039710 -0.279730 -2.378059 0.937129
24.802 -0.052274 -0.292029 -2.358686 0.954711
24.902 -0.062638 -0.302637 -2.334076 0.969541
25.002 -0.069742 -0.310452 -2.297424 0.980102
25.102 -0.080791 -0.323642 -2.248555 0.997308
25.202 -0.089461 -0.334699 -2.225691 1.011360
25.302 -0.096368 -0.343979 -2.201257 1.022928
25.402 -0.106316 -0.358041 -2.173332 1.040153
25.502 -0.113721 -0.369085 -2.157624 1.053450
25.604 -0.116859 -0.373757 -2.162860 1.059078
25.705 -0.116916 -0.373842 -2.164605 1.059180
25.805 -0.116748 -0.373591 -2.162860 1.059483
25.903 -0.116770 -0.373625 -2.161114 1.059524
26.006 -0.120048 -0.378725 -2.136680 1.065586
26.102 -0.125762 -0.388095 -2.112245 1.076561
26.202 -0.127293 -0.390633 -2.115736 1.079525
26.302 -0.126993 -0.390138 -2.115736 1.080104
26.402 -0.126900 -0.389984 -2.115736 1.080284
26.504 -0.126900 -0.389984 -2.115736 1.080284
26.602 -0.126900 -0.389984 -2.115736 1.080284
26.702 -0.126900 -0.389984 -2.115736 1.080284
26.802 -0.126900 -0.389984 -2.115736 1.080284
26.902 -0.126900 -0.389984 -2.115736 1.080284
27.002 -0.126900 -0.389984 -2.115736 1.080284
27.102 -0.126900 -0.389984 -2.115736 1.080284
27.202 -0.126900 -0.389984 -2.115736 1.080284
27.307 -0.126900 -0.389984 -2.115736 1.080284
27.402 -0.126900 -0.389984 -2.115736 1.080284
27.502 -0.126900 -0.389984 -2.115736 1.080284
27.602 -0.115344 -0.382707 -2.105761 1.093940
27.718 -0.101480 -0.373949 -2.093820 1.110339
27.802 -0.101480 -0.373949 -2.093820 1.110339
27.902 -0.101480 -0.373949 -2.093820 1.110339
28.002 -0.101480 -0.373949 -2.093820 1.110339
28.102 -0.101480 -0.373949 -2.093820 1.110339
28.202 -0.101480 -0.373949 -2.093820 1.110339
28.302 -0.101480 -0.373949 -2.093820 1.110339
28.402 -0.101480 -0.373949 -2.093820 1.110339
28.502 -0.101480 -0.373949 -2.093820 1.110339
28.606 -0.101480 -0.373949 -2.093820 1.110339
28.702 -0.101480 -0.373949 -2.093820 1.110339
28.802 -0.101480 -0.373949 -2.093820 1.110339
28.902 -0.102023 -0.374864 -2.109528 1.111403
29.002 -0.107246 -0.382733 -2.182832 1.120848
29.102 -0.111731 -0.388702 -2.235192 1.128314
29.202 -0.118190 -0.396268 -2.298024 1.138262
29.302 -0.132724 -0.410690 -2.404489 1.158737
29.419 -0.140947 -0.417669 -2.458594 1.169523
29.502 -0.151624 -0.425651 -2.530153 1.182853
29.602 -0.166274 -0.434821 -2.617419 1.200136
29.702 -0.176528 -0.440289 -2.668034 1.211758
29.802 -0.186780 -0.445358 -2.697704 1.223194
29.902 -0.204642 -0.453041 -2.764201 1.242638
30.002 -0.215546 -0.457092 -2.798933 1.254270
30.102 -0.227248 -0.461003 -2.830349 1.266609
30.202 -0.258370 -0.500639 -2.932776 1.317003
30.302 -0.269653 -0.502837 -2.960701 1.328498
30.404 -0.287055 -0.505744 -2.990372 1.346141
30.505 -0.300460 -0.507553 -3.013061 1.359667
30.602 -0.303258 -0.507917 -3.011316 1.362489
30.702 -0.304405 -0.508060 -3.018297 1.363645
30.802 -0.311807 -0.508938 -3.025453 1.371098
30.902 -0.320173 -0.509855 -3.037670 1.379515
31.007 -0.337351 -0.511525 -3.049888 1.396774
31.102 -0.348076 -0.512464 -3.058614 1.407540
31.202 -0.359426 -0.513398 -3.060360 1.418928
31.304 -0.379971 -0.515005 -3.065596 1.439536
31.402 -0.391751 -0.515902 -3.065596 1.451350
31.502 -0.409141 -0.517237 -3.065596 1.468792
31.606 -0.420738 -0.518115 -3.065596 1.480421
31.702 -0.438456 -0.519421 -3.069261 1.498187
31.802 -0.452412 -0.520397 -3.072926 1.512178
31.902 -0.463868 -0.521159 -3.076591 1.523659
32.002 -0.478634 -0.522110 -3.078337 1.538455
32.104 -0.496213 -0.523169 -3.083747 1.556067
32.206 -0.507273 -0.523790 -3.085492 1.567144
32.302 -0.518194 -0.524379 -3.088983 1.578081
32.402 -0.538370 -0.525427 -3.090728 1.598284
32.502 -0.550229 -0.526030 -3.090728 1.610158
32.606 -0.562023 -0.526615 -3.092474 1.621967
32.702 -0.582957 -0.527623 -3.094219 1.642925
32.802 -0.594228 -0.528142 -3.095964 1.654208
32.902 -0.605769 -0.528654 -3.097710 1.665760
33.004 -0.626555 -0.529536 -3.099455 1.686565
33.102 -0.638316 -0.530011 -3.101200 1.698336
33.202 -0.649516 -0.530464 -3.101200 1.709544
33.303 -0.672491 -0.630559 3.133103 1.812243
33.402 -0.684215 -0.630444 3.131358 1.823968
33.502 -0.698629 -0.630281 3.127692 1.838383
33.602 -0.715287 -0.629754 3.101338 1.855049
33.702 -0.726289 -0.629184 3.085106 1.866065
33.802 -0.742941 -0.628039 3.063988 1.882757
33.902 -0.757176 -0.626813 3.046535 1.897045
34.002 -0.768461 -0.625570 3.027336 1.908398
34.103 -0.784908 -0.623437 2.997665 1.924982
34.202 -0.798422 -0.621342 2.981957 1.938658
34.302 -0.812401 -0.618912 2.962759 1.952847
34.404 -0.824434 -0.616608 2.948796 1.965098
34.502 -0.835893 -0.614254 2.934834 1.976797
34.603 -0.855584 -0.609983 2.920871 1.996945
34.702 -0.866849 -0.607430 2.917380 2.008496
34.802 -0.878316 -0.604773 2.912144 2.020267
34.903 -0.898194 -0.600046 2.904988 2.040699
35.002 -0.909106 -0.597373 2.899578 2.051934
35.102 -0.920217 -0.594603 2.895913 2.063384
35.204 -0.936613 -0.590401 2.887012 2.080311
35.302 -0.945592 -0.588025 2.881601 2.089599
35.402 -0.955668 -0.585335 2.879681 2.100028
35.502 -0.968653 -0.581839 2.876190 2.113475
35.602 -0.984533 -0.577564 2.879681 2.129920
35.703 -0.996084 -0.574503 2.886662 2.141870
35.802 -1.014953 -0.569597 2.888582 2.161367
35.903 -1.026078 -0.566751 2.890328 2.172850
36.002 -1.037082 -0.563865 2.885092 2.184226
36.102 -1.054469 -0.559233 2.881601 2.202219
36.205 -1.071238 -0.554778 2.881601 2.219570
36.311 -1.085142 -0.551116 2.885092 2.233948
36.402 -1.118910 -0.584286 2.835106 2.281282
36.502 -1.144363 -0.600133 2.807982 2.311265
36.602 -1.160886 -0.594185 2.788434 2.328826
36.703 -1.171620 -0.590185 2.783024 2.340281
36.802 -1.183773 -0.585532 2.768887 2.353295
36.906 -1.197967 -0.579758 2.740612 2.368617
37.002 -1.206468 -0.576057 2.722984 2.377889
37.102 -1.217129 -0.571221 2.708673 2.389596
37.202 -1.228108 -0.565986 2.685983 2.401759
37.302 -1.233610 -0.563257 2.682493 2.407901
37.407 -1.236254 -0.561951 2.682493 2.410849
37.502 -1.236393 -0.561877 2.728046 2.411008
37.604 -1.236069 -0.562012 2.774995 2.411359
37.702 -1.236305 -0.561929 2.870988 2.411608
37.802 -1.236577 -0.561853 3.007124 2.411891
37.902 -1.236452 -0.561849 3.091074 2.412016
38.002 -1.236765 -0.561867 -3.078839 2.412329
38.102 -1.236767 -0.561870 -2.995063 2.412333
38.203 -1.236689 -0.561852 -2.888598 2.412413
38.302 -1.236508 -0.561786 -2.817040 2.412605
38.402 -1.236430 -0.561761 -2.736754 2.412687
38.514 -1.236493 -0.561789 -2.701848 2.412756
38.602 -1.236042 -0.563809 -2.629960 2.414826
38.702 -1.229942 -0.568748 -2.480509 2.422675
38.802 -1.229847 -0.568674 -2.440541 2.422795
38.902 -1.229878 -0.568701 -2.405634 2.422836
39.002 -1.229337 -0.568196 -2.381025 2.423577
39.102 -1.229224 -0.568090 -2.335646 2.423732
39.202 -1.231588 -0.570772 -2.269324 2.427307
39.305 -1.235083 -0.565611 -2.196513 2.433540
39.405 -1.239050 -0.571864 -2.109247 2.440945
39.507 -1.243960 -0.581209 -2.021806 2.451502
39.602 -1.249074 -0.593765 -1.920577 2.465059
39.702 -1.253830 -0.610198 -1.801894 2.482167
39.802 -1.255822 -0.620740 -1.732081 2.492896
39.902 -1.257542 -0.639447 -1.615144 2.511681
40.003 -1.257642 -0.652035 -1.559293 2.524270
40.103 -1.272170 -0.666450 -1.485992 2.544735
40.202 -1.300659 -0.687820 -1.356801 2.580349
40.302 -1.298099 -0.697944 -1.304442 2.590791
40.402 -1.294828 -0.708688 -1.257318 2.602023
40.502 -1.287789 -0.727249 -1.175287 2.621873
40.602 -1.283690 -0.736512 -1.140381 2.632003
40.702 -1.279245 -0.745688 -1.105474 2.642199
40.802 -1.274241 -0.757269 -1.055639 2.654815
40.902 -1.299026 -0.725323 -1.062965 2.695249
41.002 -1.293265 -0.735496 -1.049002 2.706940
41.102 -1.283889 -0.751207 -1.021077 2.725236
41.202 -1.274845 -0.765448 -0.996642 2.742106
41.302 -1.270161 -0.772500 -0.980934 2.750572
41.402 -1.260486 -0.786432 -0.947773 2.767534
41.502 -1.251734 -0.798176 -0.914612 2.782180
41.602 -1.244226 -0.807589 -0.886686 2.794221
41.705 -1.232761 -0.820888 -0.843053 2.811779
41.802 -1.223147 -0.831620 -0.837817 2.826188
41.902 -1.215532 -0.840049 -0.834327 2.837547
42.002 -1.203562 -0.853084 -0.822109 2.855245
42.102 -1.193982 -0.863317 -0.811637 2.869262
42.202 -1.177828 -0.865930 -0.768308 2.885626
42.302 -1.145312 -0.818941 -0.788671 2.942768
42.402 -1.137085 -0.826986 -0.762491 2.954274
42.502 -1.122345 -0.840303 -0.715367 2.974140
42.603 -1.113951 -0.847393 -0.692678 2.985127
42.702 -1.105590 -0.854168 -0.673479 2.995889
42.802 -1.089251 -0.866500 -0.626355 3.016360
42.902 -1.079776 -0.873166 -0.605586 3.027945
43.002 -1.071124 -0.878983 -0.582722 3.038370
43.102 -1.059916 -0.886174 -0.560033 3.051686
43.202 -1.045105 -0.895133 -0.528617 3.068996
43.302 -1.034829 -0.900980 -0.509418 3.080819
43.402 -1.023732 -0.907371 -0.530188 3.093625
43.502 -1.006174 -0.918026 -0.549386 3.114163
43.603 -0.996348 -0.923942 -0.540659 3.125632
43.702 -0.980958 -0.933133 -0.547292 3.143558
43.802 -0.969260 -0.940642 -0.582373 3.157459
43.902 -0.959463 -0.947422 -0.617279 3.169373
44.002 -0.945484 -0.957892 -0.660913 3.186838
44.102 -0.934269 -0.967025 -0.694074 3.201301
44.202 -0.925305 -0.974486 -0.694074 3.212964
44.302 -0.916321 -0.981969 -0.695819 3.224656
44.402 -0.900368 -0.995352 -0.699310 3.245480
44.502 -0.891489 -1.002861 -0.702801 3.257108
44.603 -0.845825 -1.029562 -0.695861 3.310005
44.702 -0.826354 -1.042832 -0.695827 3.333569
44.802 -0.817735 -1.050031 -0.695827 3.344799
44.902 -0.805221 -1.060482 -0.695827 3.361102
45.002 -0.796534 -1.067738 -0.695827 3.372421
45.102 -0.791295 -1.072113 -0.695827 3.379246
45.202 -0.776756 -1.084266 -0.695827 3.398196
45.302 -0.768259 -1.091363 -0.695827 3.409267
45.402 -0.760852 -1.097560 -0.695827 3.418924
45.502 -0.748009 -1.108297 -0.695827 3.435664
45.602 -0.738635 -1.116126 -0.695827 3.447878
45.702 -0.724974 -1.127542 -0.695827 3.465681
45.802 -0.715209 -1.135715 -0.697572 3.478414
45.902 -0.706844 -1.142725 -0.697572 3.489328
46.002 -0.698391 -1.149816 -0.699317 3.500362
46.102 -0.682088 -1.163495 -0.699317 3.521643
46.202 -0.674002 -1.170296 -0.699317 3.532210
46.302 -0.663446 -1.179207 -0.701063 3.546024
46.402 -0.652051 -1.188871 -0.704553 3.560965
46.502 -0.644717 -1.195138 -0.709789 3.570611
46.616 -0.633165 -1.205194 -0.722007 3.585928
46.702 -0.619942 -1.217091 -0.737715 3.603715
46.802 -0.611371 -1.224929 -0.742950 3.615330
46.902 -0.598752 -1.236634 -0.749932 3.632541
47.002 -0.589448 -1.245373 -0.756913 3.645306
47.102 -0.582217 -1.252228 -0.760404 3.655270
47.202 -0.571588 -1.262374 -0.763894 3.669964
47.302 -0.558906 -1.274550 -0.767385 3.687545
47.402 -0.550747 -1.282476 -0.772621 3.698920
47.502 -0.538881 -1.294132 -0.772621 3.715553
47.602 -0.528703 -1.303853 -0.760404 3.729628
47.702 -0.482257 -1.298118 -0.799285 3.776426
47.802 -0.422537 -1.292794 -0.829651 3.836383
47.902 -0.412194 -1.303676 -0.799981 3.851396
48.002 -0.404199 -1.311683 -0.777292 3.862712
48.102 -0.393501 -1.321949 -0.751112 3.877538
48.202 -0.383366 -1.331070 -0.716205 3.891174
48.302 -0.376345 -1.337092 -0.698752 3.900423
48.402 -0.364877 -1.346153 -0.649882 3.915039
48.502 -0.350470 -1.356507 -0.602759 3.932781
48.602 -0.340992 -1.362762 -0.573088 3.944137
48.702 -0.326724 -1.371452 -0.527535 3.960842
48.805 -0.314038 -1.378462 -0.490883 3.975336
48.902 -0.303399 -1.383986 -0.468194 3.987324
49.004 -0.288542 -1.391218 -0.438523 4.003847
49.102 -0.276253 -1.396801 -0.419150 4.017345
49.202 -0.267407 -1.400660 -0.403267 4.026997
49.302 -0.256297 -1.405281 -0.387385 4.039029
49.402 -0.241679 -1.411027 -0.366616 4.054736
49.502 -0.231631 -1.414747 -0.350559 4.065451
49.602 -0.217444 -1.419821 -0.339737 4.080517
49.702 -0.205115 -1.424057 -0.325426 4.093553
49.802 -0.180024 -1.399907 -0.283692 4.128379
49.902 -0.153879 -1.374141 -0.247202 4.165087
50.002 -0.134966 -1.379133 -0.265005 4.184648
50.102 -0.123956 -1.382149 -0.271986 4.196063
50.202 -0.108518 -1.386703 -0.298340 4.212159
50.302 -0.098224 -1.389969 -0.314223 4.222958
50.402 -0.082203 -1.395495 -0.344068 4.239906
50.502 -0.074141 -1.398448 -0.354715 4.248491
50.602 -0.058368 -1.404699 -0.398348 4.265458
50.702 -0.053012 -1.407013 -0.412310 4.271292
50.802 -0.040262 -1.412882 -0.444075 4.285328
50.902 -0.033457 -1.416192 -0.459958 4.292896
51.002 -0.026494 -1.419681 -0.469034 4.300684
51.102 -0.017049 -1.424556 -0.455420 4.311312
51.202 -0.017300 -1.424440 -0.429240 4.311588
51.302 -0.016644 -1.424725 -0.399395 4.312303
51.402 -0.016844 -1.424647 -0.334818 4.312517
51.502 -0.016518 -1.424755 -0.296421 4.312861
51.602 -0.016557 -1.424742 -0.256278 4.312901
51.702 -0.016702 -1.424728 -0.196937 4.313047
51.804 -0.016291 -1.424797 -0.160285 4.313464
51.902 -0.016398 -1.424784 -0.130614 4.313572
52.004 -0.016386 -1.424785 -0.134279 4.313585
52.103 -0.016386 -1.424785 -0.134279 4.313585
52.203 -0.019949 -1.390874 -0.142038 4.347682
52.302 -0.019949 -1.390874 -0.142038 4.347682
52.402 -0.019949 -1.390874 -0.142038 4.347682
52.502 -0.019888 -1.390883 -0.147448 4.347743
52.602 -0.019204 -1.391030 -0.239776 4.348443
52.702 -0.018456 -1.391250 -0.297372 4.349223
52.802 -0.016316 -1.391997 -0.363695 4.351489
52.902 -0.013329 -1.393369 -0.475396 4.354776
53.002 -0.011518 -1.394392 -0.536482 4.356857
53.102 -0.009710 -1.395562 -0.594078 4.359010
53.202 -0.003570 -1.400236 -0.683090 4.366726
53.302 0.004873 -1.408026 -0.789555 4.378214
53.402 0.009925 -1.413469 -0.845406 4.385640
53.504 0.018139 -1.423943 -0.944889 4.398951
53.602 0.024303 -1.433107 -0.998995 4.409995
53.702 0.041237 -1.511483 -1.193647 4.490180
53.802 0.047572 -1.529399 -1.259969 4.509183
53.902 0.050667 -1.539716 -1.291385 4.519954
54.004 0.053438 -1.549714 -1.308838 4.530329
54.102 0.057872 -1.567485 -1.335018 4.548645
54.202 0.060431 -1.578526 -1.350726 4.559978
54.302 0.062605 -1.588448 -1.357708 4.570136
54.410 0.121244 -1.597672 -1.297265 4.629496
54.502 0.124496 -1.608580 -1.326246 4.640879
54.602 0.127987 -1.624901 -1.380351 4.657569
54.702 0.129927 -1.636254 -1.417003 4.669087
54.802 0.131491 -1.646826 -1.425730 4.679774
54.902 0.133900 -1.665444 -1.453655 4.698547
55.002 0.135043 -1.676196 -1.472854 4.709359
55.109 0.136009 -1.686845 -1.488562 4.720052
55.202 0.137371 -1.706656 -1.515091 4.739910
55.302 0.137871 -1.717959 -1.530799 4.751224
55.402 0.138220 -1.732921 -1.558724 4.766190
55.502 0.138186 -1.750252 -1.576526 4.783522
55.602 0.138034 -1.762169 -1.585428 4.795439
55.702 0.137687 -1.776526 -1.603230 4.809800
55.802 0.136867 -1.793998 -1.627665 4.827292
55.902 0.136010 -1.805918 -1.647038 4.839242
56.002 0.134851 -1.820588 -1.650703 4.853958
56.102 0.133263 -1.838555 -1.668331 4.871995
56.202 0.132074 -1.849903 -1.680723 4.883405
56.302 0.130006 -1.866837 -1.698350 4.900465
56.402 0.128064 -1.881735 -1.702016 4.915489
56.502 0.126483 -1.893415 -1.709172 4.927275
56.604 0.124343 -1.907936 -1.723134 4.941953
56.707 0.121540 -1.925146 -1.738842 4.959390
56.802 0.119753 -1.935236 -1.751059 4.969637
56.902 0.117318 -1.947806 -1.770258 4.982441
57.002 0.212235 -1.976165 -1.883687 5.081504
57.102 0.208623 -1.987021 -1.895904 5.092946
57.202 0.203653 -2.001020 -1.922084 5.107800
57.302 0.197520 -2.017159 -1.943028 5.125065
57.403 0.193252 -2.027791 -1.956991 5.136522
57.502 0.188041 -2.040124 -1.977935 5.149910
57.602 0.180668 -2.056331 -2.012841 5.167716
57.702 0.175606 -2.066848 -2.023313 5.179388
57.803 0.170365 -2.077498 -2.035531 5.191257
57.902 0.163533 -2.090913 -2.046003 5.206311
58.002 0.155330 -2.106338 -2.066946 5.223783
58.102 0.149721 -2.116427 -2.080909 5.235326
58.202 0.142438 -2.129017 -2.105344 5.249871
58.302 0.133312 -2.143940 -2.133269 5.267363
58.402 0.127040 -2.153500 -2.161194 5.278796
58.502 0.115436 -2.169886 -2.194356 5.298875
58.602 0.108540 -2.179429 -2.197846 5.310650
58.702 0.101591 -2.189000 -2.199766 5.322477
58.802 0.092956 -2.200532 -2.222804 5.336884
58.902 0.082042 -2.214343 -2.254395 5.354486
59.002 0.075114 -2.222552 -2.282320 5.365228
59.102 0.065876 -2.232841 -2.313736 5.379055
59.202 0.056049 -2.243652 -2.308500 5.393666
59.302 0.042014 -2.259209 -2.298028 5.414618
59.402 0.034291 -2.267936 -2.292618 5.426271
59.503 0.026830 -2.276540 -2.283891 5.437660
59.602 0.017823 -2.287144 -2.268008 5.451573
59.702 0.006840 -2.300559 -2.257187 5.468910
59.802 0.059380 -2.351384 -2.275211 5.542010
59.903 0.051718 -2.360335 -2.282192 5.553792
60.002 0.038659 -2.375471 -2.282192 5.573783
60.102 0.030927 -2.384410 -2.283937 5.585602
60.202 0.018518 -2.399089 -2.266310 5.604824
60.302 0.011232 -2.407868 -2.260899 5.616232
60.402 0.004738 -2.415820 -2.251998 5.626499
60.503 -0.006963 -2.430648 -2.227040 5.645388
60.602 -0.014362 -2.440465 -2.207841 5.657681
60.702 -0.021410 -2.450185 -2.195624 5.669688
60.803 -0.029758 -2.461713 -2.197544 5.683920
60.902 -0.040037 -2.475819 -2.202954 5.701374
61.002 -0.046589 -2.484739 -2.206445 5.712441
61.102 -0.053462 -2.494046 -2.206445 5.724012
61.204 -0.063711 -2.507937 -2.206445 5.741274
61.305 -0.069452 -2.515739 -2.204699 5.750960
61.403 -0.078467 -2.528048 -2.202954 5.766218
61.502 -0.081976 -2.532828 -2.204699 5.772148
61.603 -0.082523 -2.533572 -2.204699 5.773071
61.702 -0.084345 -2.535916 -2.253743 5.776040
61.804 -0.084698 -2.536327 -2.330363 5.776582
61.902 -0.085132 -2.536751 -2.393195 5.777189
62.002 -0.085193 -2.536805 -2.525840 5.777270
62.102 -0.085118 -2.536779 -2.660230 5.777349
62.202 -0.085283 -2.536855 -2.731789 5.777531
62.302 -0.085245 -2.536845 -2.869670 5.777570
62.402 -0.085225 -2.536837 -2.958682 5.777592
62.502 -0.085416 -2.536856 -3.107035 5.777785
62.602 -0.089985 -2.536962 -3.129724 5.782355
62.704 -0.088989 -2.549424 3.084280 5.794857
62.802 -0.088539 -2.561144 3.006594 5.806585
62.902 -0.098856 -2.559766 3.016892 5.816993
63.002 -0.110679 -2.558404 3.029109 5.828894
63.102 -0.125703 -2.556961 3.053544 5.843988
63.202 -0.141992 -2.555518 3.053544 5.860341
63.302 -0.152761 -2.554572 3.055289 5.871151
63.402 -0.164358 -2.553568 3.055289 5.882791
63.502 -0.181424 -2.577678 -3.100780 5.912330
63.602 -0.192738 -2.578140 -3.100780 5.923653
63.702 -0.210085 -2.578863 -3.102525 5.941015
63.802 -0.224129 -2.579357 -3.107761 5.955068
63.902 -0.235538 -2.579744 -3.107761 5.966484
64.002 -0.251754 -2.580270 -3.109507 5.982708
64.102 -0.265691 -2.580707 -3.111252 5.996651
64.202 -0.276648 -2.581025 -3.112997 6.007613
64.303 -0.293878 -2.581489 -3.118233 6.024850
64.402 -0.305577 -2.581673 -3.128705 6.036550
64.502 -0.315598 -2.581748 -3.137781 6.046571
64.602 -0.332156 -2.581716 3.136503 6.063129
64.702 -0.345832 -2.581593 3.131093 6.076806
64.806 -0.355550 -2.581438 3.122017 6.086525
64.902 -0.371155 -2.581074 3.116606 6.102135
65.002 -0.385637 -2.580691 3.114861 6.116622
65.102 -0.397325 -2.580379 3.114861 6.128314
65.202 -0.412416 -2.579957 3.112941 6.143410
65.302 -0.426001 -2.579544 3.111196 6.157001
65.402 -0.436186 -2.579226 3.109450 6.167192
65.502 -0.449668 -2.578792 3.109450 6.180680
65.602 -0.463445 -2.578311 3.104040 6.194466
65.704 -0.472363 -2.577960 3.102295 6.203390
65.802 -0.483003 -2.577532 3.100549 6.214039
65.902 -0.501153 -2.576768 3.098804 6.232205
66.002 -0.510653 -2.576345 3.097059 6.241715
66.104 -0.524331 -2.575796 3.116432 6.255403
66.202 -0.539091 -2.575932 -3.111078 6.270165
66.302 -0.550757 -2.576606 -3.065699 6.281850
66.402 -0.567170 -2.578366 -3.013339 6.298357
66.502 -0.577440 -2.579974 -2.971451 6.308752
66.602 -0.593316 -2.653146 -2.948727 6.383627
66.702 -0.610576 -2.746266 -2.941763 6.478333
66.802 -0.622043 -2.748510 -2.948745 6.490018
66.904 -0.636706 -2.751240 -2.966198 6.504933
67.002 -0.651490 -2.753714 -2.985397 6.519922
67.102 -0.662156 -2.755246 -3.008086 6.530698
67.202 -0.673101 -2.756624 -3.025714 6.541730
67.302 -0.693553 -2.758605 -3.058875 6.562278
67.402 -0.704761 -2.759404 -3.078074 6.573514
67.502 -0.714802 -2.759939 -3.093782 6.583569
67.602 -0.735377 -2.760852 -3.102683 6.604164
67.702 -0.746861 -2.761257 -3.108093 6.615655
67.802 -0.758113 -2.761564 -3.117169 6.626911
67.903 -0.774361 -2.761830 -3.134971 6.643161
68.002 -0.782272 -2.761838 3.139313 6.651072
68.102 -0.789205 -2.761767 3.126921 6.658006
68.202 -0.802964 -2.761432 3.111213 6.671769
68.302 -0.811159 -2.761088 3.093760 6.679971
68.406 -0.818921 -2.760647 3.079797 6.687746
68.502 -0.831939 -2.759688 3.046636 6.700799
68.602 -0.834813 -2.759310 2.976823 6.703697
68.702 -0.834855 -2.759302 2.872103 6.703740
68.802 -0.874078 -2.696364 2.649496 6.777900
68.902 -0.875697 -2.687097 2.543293 6.787307
69.002 -0.873291 -2.689022 2.410648 6.790389
69.103 -0.871534 -2.690804 2.295456 6.792891
69.202 -0.870382 -2.692269 2.203128 6.794755
69.302 -0.868868 -2.694693 2.066818 6.797612
69.404 -0.867819 -2.697013 1.953372 6.800159
69.503 -0.867156 -2.698969 1.864360 6.802224
69.602 -0.881420 -2.702681 1.683511 6.816963
69.702 -0.881551 -2.700245 1.597990 6.819403
69.802 -0.881308 -2.695832 1.463599 6.823822
69.902 -0.880228 -2.690271 1.351898 6.829487
70.002 -0.905601 -2.680914 1.227414 6.856530
70.103 -0.927694 -2.667441 1.080260 6.882407
70.202 -0.919085 -2.653699 0.959832 6.898623
70.316 -0.912231 -2.644852 0.883038 6.909813
70.402 -0.900513 -2.632237 0.776573 6.927031
70.502 -0.904364 -2.559067 0.700833 7.000303
70.602 -0.897188 -2.546594 0.643620 7.014693
70.702 -0.886163 -2.539039 0.570491 7.028058
70.803 -0.872351 -2.531059 0.493522 7.044010
70.902 -0.862336 -2.526050 0.444653 7.055208
71.002 -0.852440 -2.521715 0.395784 7.066012
71.104 -0.834703 -2.515239 0.315498 7.084894
71.203 -0.817305 -2.501288 0.295594 7.107195
71.302 -0.799825 -2.487839 0.271246 7.129250
71.402 -0.784161 -2.484163 0.197942 7.145339
71.502 -0.775807 -2.482723 0.156054 7.153816
71.602 -0.768293 -2.481730 0.117657 7.161396
71.702 -0.753523 -2.480539 0.053080 7.176213
71.802 -0.743877 -2.480237 0.019919 7.185864
71.902 -0.734019 -2.480243 -0.013243 7.195723
72.002 -0.718073 -2.480869 -0.056876 7.211681
72.102 -0.711823 -2.481242 -0.058621 7.217942
72.202 -0.710701 -2.479154 -0.052477 7.220312
72.302 -0.713203 -2.466283 -0.019429 7.233424
72.402 -0.711251 -2.466349 -0.042118 7.235377
72.505 -0.707795 -2.466547 -0.068298 7.238839
72.602 -0.696100 -2.467740 -0.124149 7.250594
72.703 -0.688647 -2.468810 -0.153994 7.258124
72.802 -0.677255 -2.470709 -0.173541 7.269673
72.903 -0.669717 -2.472105 -0.185933 7.277340
73.002 -0.666419 -2.472719 -0.184013 7.280694
73.102 -0.664179 -2.473138 -0.185933 7.282973
73.202 -0.655811 -2.474757 -0.194660 7.291496
73.302 -0.641184 -2.477699 -0.201990 7.306416
73.402 -0.627199 -2.480633 -0.211066 7.320705
73.502 -0.615486 -2.483193 -0.219967 7.332695
73.602 -0.598695 -2.487179 -0.239515 7.349952
73.702 -0.584825 -2.490650 -0.246671 7.364250
73.802 -0.573666 -2.493471 -0.248591 7.375760
73.902 -0.556797 -2.497828 -0.260982 7.393183
74.002 -0.544194 -2.501229 -0.266393 7.406237
74.102 -0.534238 -2.503998 -0.271803 7.416571
74.202 -0.517071 -2.508756 -0.270058 7.434385
74.302 -0.502403 -2.512792 -0.268138 7.449598
74.402 -0.491321 -2.515822 -0.266393 7.461087
74.502 -0.473989 -2.520504 -0.260808 7.479040
74.602 -0.462086 -2.523663 -0.257143 7.491355
74.702 -0.447877 -2.527344 -0.248242 7.506033
74.802 -0.430772 -2.531629 -0.242656 7.523667
74.902 -0.419495 -2.534394 -0.237420 7.535278
75.002 -0.405106 -2.537838 -0.233755 7.550073
75.102 -0.388123 -2.541817 -0.224854 7.567516
75.202 -0.377058 -2.544299 -0.217873 7.578856
75.302 -0.327416 -2.527305 -0.191075 7.631326
75.402 -0.310695 -2.530163 -0.154248 7.648290
75.502 -0.299656 -2.531673 -0.124578 7.659432
75.602 -0.282849 -2.533421 -0.088100 7.676329
75.702 -0.268189 -2.534452 -0.063491 7.691025
75.802 -0.256198 -2.535153 -0.053194 7.703037
75.902 -0.241185 -2.535886 -0.046038 7.718068
76.002 -0.223852 -2.536664 -0.042547 7.735418
76.102 -0.212049 -2.537151 -0.037311 7.747231
76.202 -0.195217 -2.537611 -0.021603 7.764069
76.302 -0.180972 -2.537785 -0.011131 7.778316
76.402 -0.169003 -2.537898 -0.009386 7.790285
76.502 -0.154096 -2.538017 -0.007641 7.805193
76.602 -0.136273 -2.538143 -0.005895 7.823016
76.702 -0.124474 -2.538223 -0.005895 7.834815
76.802 -0.113822 -2.538285 -0.005895 7.845468
76.902 -0.095308 -2.538366 -0.002405 7.863982
77.002 -0.083596 -2.538389 -0.000659 7.875694
77.102 -0.071406 -2.538392 0.001086 7.887884
77.202 -0.050716 -2.538370 0.001086 7.908574
77.302 -0.039036 -2.538363 -0.005895 7.920254
77.402 -0.027115 -2.538552 -0.016367 7.932176
77.502 -0.006675 -2.539083 -0.028585 7.952623
77.602 0.005903 -2.539443 -0.028585 7.965206
77.702 0.016500 -2.539741 -0.026839 7.975807
77.802 0.037131 -2.540207 -0.021603 7.996444
77.902 0.048863 -2.540409 -0.016367 8.008178
78.002 0.060823 -2.540589 -0.014622 8.020139
78.102 0.081178 -2.540840 -0.004150 8.040495
78.204 0.090229 -2.540878 -0.004150 8.049547
78.302 0.104558 -2.540892 0.002831 8.063875
78.402 0.119088 -2.540633 0.029011 8.078407
78.502 0.146505 -2.475559 0.148795 8.149021
78.602 0.158091 -2.473940 0.138323 8.160720
78.702 0.178154 -2.471436 0.110398 8.180939
78.802 0.189693 -2.470417 0.075491 8.192522
78.902 0.201469 -2.469763 0.044075 8.204317
79.002 0.216147 -2.469121 0.042330 8.219009
79.102 0.233958 -2.468387 0.040584 8.236835
79.202 0.245807 -2.467931 0.037094 8.248692
79.304 0.260411 -2.467395 0.035348 8.263306
79.402 0.277894 -2.466776 0.035348 8.280801
79.502 0.289824 -2.466360 0.033603 8.292738
79.602 0.309370 -2.466134 -0.003049 8.312285
79.702 0.320740 -2.466300 -0.017360 8.323656
79.802 0.332320 -2.466511 -0.019106 8.335238
79.902 0.352907 -2.466954 -0.022771 8.355829
80.002 0.364348 -2.467220 -0.024691 8.367274
80.102 0.376313 -2.467526 -0.026436 8.379243
80.203 0.391095 -2.467944 -0.030101 8.394031
80.302 0.408868 -2.468491 -0.030101 8.411813
80.402 0.420541 -2.468842 -0.030101 8.423491
80.502 0.432612 -2.469184 -0.028356 8.435567
80.603 0.453098 -2.470058 -0.054711 8.456070
80.702 0.464818 -2.470815 -0.068848 8.467815
80.803 0.485295 -2.472244 -0.070768 8.488343
80.902 0.496796 -2.473064 -0.072513 8.499872
81.006 0.508392 -2.473907 -0.072513 8.511499
81.102 0.525947 -2.475198 -0.077749 8.529102
81.202 0.537887 -2.476287 -0.093631 8.541091
81.302 0.557963 -2.478411 -0.099042 8.561279
81.402 0.569188 -2.479497 -0.090141 8.572557
81.502 0.580580 -2.480489 -0.084556 8.583992
81.602 0.625876 -2.437917 -0.142509 8.646154
81.702 0.654162 -2.421396 -0.156231 8.678911
81.802 0.661619 -2.422521 -0.147330 8.686453
81.902 0.676733 -2.424646 -0.134763 8.701715
82.002 0.689345 -2.426210 -0.118706 8.714424
82.102 0.700012 -2.427409 -0.111725 8.725158
82.202 0.716738 -2.429412 -0.122372 8.742003
82.302 0.731032 -2.431271 -0.134763 8.756418
82.402 0.741847 -2.432794 -0.143665 8.767340
82.507 0.752210 -2.434379 -0.161118 8.777823
82.602 0.768268 -2.437145 -0.177175 8.794118
82.706 0.787794 -2.441075 -0.215747 8.814035
82.802 0.799248 -2.443787 -0.243672 8.825806
82.902 0.813378 -2.447561 -0.273342 8.840431
83.002 0.824639 -2.450915 -0.299697 8.852181
83.102 0.840761 -2.456241 -0.325877 8.869160
83.202 0.851460 -2.459886 -0.329542 8.880463
83.302 0.860856 -2.463105 -0.329542 8.890395
83.402 0.877100 -2.468432 -0.310169 8.907490
83.502 0.888360 -2.471953 -0.301268 8.919287
83.602 0.903520 -2.476489 -0.280149 8.935112
83.702 0.916171 -2.480031 -0.271248 8.948249
83.802 0.927600 -2.483197 -0.269328 8.960109
83.902 0.942172 -2.487214 -0.267583 8.975224
84.002 0.958770 -2.491423 -0.239309 8.992348
84.102 0.970597 -2.494171 -0.227091 9.004489
84.202 0.987314 -2.498034 -0.227091 9.021647
84.302 1.001587 -2.501322 -0.223601 9.036294
84.402 1.014936 -2.504210 -0.211209 9.049951
84.502 1.025222 -2.506330 -0.200562 9.060454
84.602 1.042094 -2.509785 -0.202308 9.077676
84.702 1.055523 -2.512566 -0.204227 9.091390
84.805 1.062262 -2.411779 -0.143154 9.192402
84.902 1.079567 -2.414264 -0.141409 9.209884
85.002 1.091054 -2.415979 -0.150310 9.221499
85.102 1.108019 -2.418673 -0.173174 9.238676
85.202 1.121512 -2.421349 -0.209825 9.252432
85.304 1.132219 -2.423850 -0.237925 9.263427
85.402 1.149252 -2.428008 -0.241590 9.280960
85.502 1.163980 -2.431698 -0.253982 9.296143
85.602 1.175256 -2.434724 -0.266200 9.307819
85.702 1.189725 -2.438890 -0.287144 9.322876
85.803 1.206072 -2.443722 -0.288889 9.339922
85.902 1.217769 -2.447199 -0.288889 9.352124
86.002 1.228848 -2.450509 -0.290809 9.363688
86.103 1.248543 -2.456419 -0.292554 9.384250
86.202 1.259698 -2.459779 -0.292554 9.395900
86.302 1.267208 -2.462041 -0.292554 9.403743
86.402 1.283532 -2.467039 -0.301455 9.420815
86.505 1.294791 -2.470585 -0.307040 9.432620
86.603 1.309842 -2.475474 -0.321177 9.448445
86.702 1.322695 -2.479840 -0.333569 9.462019
86.805 1.334209 -2.483946 -0.344216 9.474243
86.902 1.345379 -2.488033 -0.355037 9.486138
87.002 1.363855 -2.494677 -0.335664 9.505771
87.102 1.374463 -2.498263 -0.317861 9.516970
87.202 1.390575 -2.503357 -0.298488 9.533868
87.302 1.403789 -2.507189 -0.275799 9.547626
87.402 1.414846 -2.510302 -0.272134 9.559113
87.502 1.430882 -2.514751 -0.268468 9.575754
87.605 1.445337 -2.518423 -0.235307 9.590669
87.702 1.457252 -2.521085 -0.210873 9.602877
87.802 1.571555 -2.518197 -0.220529 9.717217
87.902 1.584602 -2.521048 -0.206392 9.730572
88.002 1.595426 -2.523206 -0.194175 9.741609
88.102 1.605854 -2.525140 -0.174802 9.752214
88.202 1.625393 -2.528246 -0.139720 9.771999
88.302 1.635518 -2.529551 -0.120347 9.782208
88.402 1.650230 -2.531302 -0.116682 9.797024
88.502 1.667908 -2.533320 -0.107781 9.814816
88.603 1.679722 -2.534546 -0.100800 9.826694
88.702 1.697616 -2.536208 -0.089979 9.844664
88.802 1.711579 -2.537446 -0.088059 9.858683
88.902 1.723615 -2.538509 -0.088059 9.870766
89.002 1.738576 -2.539830 -0.088059 9.885785
89.102 1.756396 -2.541394 -0.084743 9.903673
89.203 1.768210 -2.542365 -0.081077 9.915527
89.302 1.782635 -2.543483 -0.075492 9.929995
89.402 1.800452 -2.544836 -0.075492 9.947864
89.502 1.812566 -2.545752 -0.075492 9.960012
89.603 1.823950 -2.546614 -0.075492 9.971428
89.703 1.844560 -2.548195 -0.077412 9.992099
89.802 1.856300 -2.549184 -0.084568 10.003881
89.902 1.868347 -2.550244 -0.089979 10.015974
90.002 1.887944 -2.552112 -0.098880 10.035660
90.102 1.899620 -2.553314 -0.104465 10.047398
90.202 1.914159 -2.554892 -0.109875 10.062022
90.302 1.931670 -2.556892 -0.117206 10.079647
90.402 1.939354 -2.557808 -0.120871 10.087385
90.502 1.947191 -2.558771 -0.124536 10.095282
90.602 1.961318 -2.560625 -0.133612 10.109529
90.702 1.969381 -2.561728 -0.137277 10.117667
90.802 1.979828 -2.563211 -0.144607 10.128219
90.903 2.000081 -2.566344 -0.160664 10.148713
91.002 2.045185 -2.479901 -0.189772 10.246216
91.102 2.057096 -2.482247 -0.198673 10.258356
91.203 2.076119 -2.486552 -0.244052 10.277860
91.302 2.087047 -2.489478 -0.272152 10.289173
91.402 2.097894 -2.492866 -0.319101 10.300536
91.502 2.115706 -2.499634 -0.394325 10.319591
91.602 2.125928 -2.504156 -0.434467 10.330768
91.703 2.140864 -2.511646 -0.488747 10.347477
91.802 2.150974 -2.517281 -0.519988 10.359051
91.903 2.166338 -2.526756 -0.574094 10.377103
92.002 2.173353 -2.531470 -0.600273 10.385554
92.102 2.189104 -2.542966 -0.643907 10.405054
92.204 2.196313 -2.548387 -0.645652 10.414074
92.302 2.203360 -2.553696 -0.645652 10.422897
92.402 2.215389 -2.562763 -0.645652 10.437961
92.502 2.222048 -2.567757 -0.642161 10.446284
92.607 2.227845 -2.572084 -0.640416 10.453518
92.702 2.237389 -2.579178 -0.636925 10.465410
92.804 2.207844 -2.564275 -0.680374 10.498501
92.902 2.214458 -2.569615 -0.678629 10.507002
93.002 2.217770 -2.572270 -0.673393 10.511246
93.104 2.225157 -2.578135 -0.669728 10.520680
93.202 2.229313 -2.581407 -0.666063 10.525968
93.302 2.233711 -2.584848 -0.662398 10.531552
93.402 2.243435 -2.592302 -0.648435 10.543805
93.502 2.252889 -2.599408 -0.643199 10.555632
93.603 2.258061 -2.603275 -0.641454 10.562090
93.703 2.266571 -2.609597 -0.637788 10.572691
93.804 2.276415 -2.616863 -0.635869 10.584926
93.902 2.291114 -2.627559 -0.614750 10.603105
94.002 2.300396 -2.633761 -0.576353 10.614268
94.108 2.314504 -2.642265 -0.520502 10.630740
94.202 2.326420 -2.648586 -0.468142 10.644229
94.302 2.336363 -2.653324 -0.436726 10.655244
94.402 2.348590 -2.659116 -0.443708 10.668773
94.503 2.357941 -2.663491 -0.421019 10.679097
94.602 2.365836 -2.666915 -0.400075 10.687703
94.702 2.373618 -2.670058 -0.373895 10.696095
94.802 2.386104 -2.675009 -0.377385 10.709527
94.902 2.392851 -2.677683 -0.377385 10.716784
95.002 2.401495 -2.681117 -0.377385 10.726086
95.102 2.410617 -2.684740 -0.377385 10.735901
95.202 2.411962 -2.685274 -0.377385 10.737348
95.306 2.411832 -2.685222 -0.377385 10.737488
95.402 2.411835 -2.685223 -0.379305 10.737491
95.502 2.411855 -2.685231 -0.381050 10.737513
95.602 2.411982 -2.685282 -0.382970 10.737649
95.702 2.412093 -2.685327 -0.384716 10.737769
95.802 2.412223 -2.685380 -0.386636 10.737910
95.902 2.440780 -2.642313 -0.324060 10.789584
96.016 2.440780 -2.642313 -0.325805 10.789584
96.102 2.440780 -2.642313 -0.327725 10.789584
96.202 2.440689 -2.642282 -0.331390 10.789680
96.302 2.440670 -2.642276 -0.333136 10.789701
96.404 2.440515 -2.642222 -0.335056 10.789865
96.502 2.440366 -2.642169 -0.338721 10.790023
96.603 2.440214 -2.642116 -0.342386 10.790184
96.702 2.440064 -2.642062 -0.344131 10.790343
96.802 2.440044 -2.642055 -0.349716 10.790364
96.902 2.440215 -2.642118 -0.351462 10.790545
97.002 2.440348 -2.642167 -0.355127 10.790687
97.102 2.440496 -2.642222 -0.355127 10.790845
97.202 2.440496 -2.642222 -0.357047 10.790845
97.311 2.440609 -2.642264 -0.357047 10.790965
97.402 2.440721 -2.642306 -0.357047 10.791086
97.502 2.440984 -2.642403 -0.355127 10.791366
97.602 2.441246 -2.642500 -0.355127 10.791645
97.702 2.448012 -2.645009 -0.355127 10.798862
97.802 2.459292 -2.649185 -0.355127 10.810890
97.902 2.466718 -2.651939 -0.355127 10.818810
98.002 2.480104 -2.656903 -0.355127 10.833086
98.102 2.487061 -2.659483 -0.355127 10.840506
98.202 2.495004 -2.662421 -0.353381 10.848975
98.302 2.507811 -2.667163 -0.353381 10.862632
98.402 2.515435 -2.669983 -0.355127 10.870761
98.504 2.523261 -2.672873 -0.353381 10.879103
98.602 2.536301 -2.677683 -0.353381 10.893002
98.703 2.543726 -2.680422 -0.353381 10.900916
98.802 2.551262 -2.683202 -0.353381 10.908949
98.905 2.563777 -2.687818 -0.353381 10.922288
99.002 2.586955 -2.687479 -0.393269 10.945469
99.102 2.600818 -2.688210 -0.408887 10.959350
99.202 2.609625 -2.692042 -0.410807 10.968955
99.302 2.620954 -2.696959 -0.410807 10.981305
99.403 2.628585 -2.700270 -0.408887 10.989624
99.502 2.640755 -2.705543 -0.408887 11.002888
99.602 2.648088 -2.708721 -0.408887 11.010879
99.702 2.655548 -2.711953 -0.408887 11.019010
99.802 2.664342 -2.715764 -0.408887 11.028593
99.902 2.675634 -2.720657 -0.408887 11.040900
100.002 2.682925 -2.723816 -0.408887 11.048846
100.104 2.696061 -2.729508 -0.408887 11.063162
100.203 2.703122 -2.732567 -0.408887 11.070857
100.302 2.712710 -2.736706 -0.407142 11.081300
100.402 2.719847 -2.739783 -0.407142 11.089073
100.502 2.730720 -2.744476 -0.407142 11.100915
100.602 2.740481 -2.748685 -0.407142 11.111544
100.702 2.750528 -2.753018 -0.407142 11.122486
100.808 2.753979 -2.754498 -0.405222 11.126241
100.904 2.754977 -2.754926 -0.405222 11.127327
101.003 2.764815 -2.759169 -0.407142 11.138041
101.102 2.772147 -2.762322 -0.407142 11.146022
101.203 2.779651 -2.765558 -0.407142 11.154195
101.302 2.792312 -2.770989 -0.405222 11.167971
101.402 2.796650 -2.772856 -0.407142 11.172694
101.507 2.797226 -2.773105 -0.407142 11.173322
101.607 2.797040 -2.773024 -0.407142 11.173525
101.702 2.797040 -2.773024 -0.407142 11.173525
101.802 2.797040 -2.773024 -0.407142 11.173525
101.902 2.797040 -2.773024 -0.407142 11.173525
102.002 2.796878 -2.772954 -0.407142 11.173701
102.102 2.812288 -2.737942 -0.400059 11.211955
102.202 2.812195 -2.737903 -0.400059 11.212056
102.302 2.812158 -2.737887 -0.400059 11.212096
102.402 2.812196 -2.737903 -0.400059 11.212136
102.502 2.812196 -2.737903 -0.400059 11.212136
102.602 2.812196 -2.737903 -0.400059 11.212136
102.702 2.812232 -2.737918 -0.400059 11.212176
102.802 2.812213 -2.737910 -0.400059 11.212196
102.902 2.812195 -2.737902 -0.400059 11.212216
103.002 2.812231 -2.737918 -0.400059 11.212255
103.102 2.812231 -2.737918 -0.400059 11.212255
103.202 2.812231 -2.737918 -0.400059 11.212255
103.302 2.812231 -2.737918 -0.400059 11.212255
103.402 2.812231 -2.737918 -0.400059 11.212255
103.502 2.812231 -2.737918 -0.400059 11.212255
103.602 2.812231 -2.737918 -0.400059 11.212255
103.702 2.812231 -2.737918 -0.400059 11.212255
103.802 2.812231 -2.737918 -0.400059 11.212255
103.902 2.812231 -2.737918 -0.400059 11.212255
104.002 2.812231 -2.737918 -0.400059 11.212255
104.102 2.812231 -2.737918 -0.400059 11.212255
104.202 2.812231 -2.737918 -0.400059 11.212255
104.302 2.812231 -2.737918 -0.400059 11.212255
104.402 2.812231 -2.737918 -0.400059 11.212255
104.502 2.812231 -2.737918 -0.400059 11.212255
104.602 2.812231 -2.737918 -0.400059 11.212255
104.702 2.812231 -2.737918 -0.400059 11.212255
104.802 2.812231 -2.737918 -0.400059 11.212255
104.902 2.812231 -2.737918 -0.400059 11.212255
105.002 2.812231 -2.737918 -0.400059 11.212255
105.102 2.811612 -2.737217 -0.400693 11.213190
105.202 2.810719 -2.736207 -0.401606 11.214539
105.302 2.810719 -2.736207 -0.401606 11.214539
105.402 2.810719 -2.736207 -0.401606 11.214539
105.502 2.810719 -2.736207 -0.401606 11.214539
105.605 2.810719 -2.736207 -0.401606 11.214539
105.702 2.810719 -2.736207 -0.401606 11.214539
105.802 2.810719 -2.736207 -0.401606 11.214539
105.903 2.810719 -2.736207 -0.401606 11.214539
106.002 2.810719 -2.736207 -0.401606 11.214539
106.102 2.810719 -2.736207 -0.401606 11.214539
106.202 2.810719 -2.736207 -0.401606 11.214539
106.302 2.810719 -2.736207 -0.401606 11.214539
106.402 2.810719 -2.736207 -0.401606 11.214539
106.503 2.810719 -2.736207 -0.401606 11.214539
106.602 2.810719 -2.736207 -0.401606 11.214539
106.702 2.810719 -2.736207 -0.401606 11.214539
106.802 2.810719 -2.736207 -0.401606 11.214539
106.902 2.810719 -2.736207 -0.401606 11.214539
107.002 2.810719 -2.736207 -0.401606 11.214539
107.102 2.810719 -2.736207 -0.401606 11.214539
107.202 2.810719 -2.736207 -0.401606 11.214539
107.302 2.810719 -2.736207 -0.401606 11.214539
107.402 2.810719 -2.736207 -0.401606 11.214539
107.502 2.810719 -2.736207 -0.401606 11.214539
107.602 2.810719 -2.736207 -0.401606 11.214539
107.702 2.810719 -2.736207 -0.401606 11.214539
107.802 2.810719 -2.736207 -0.401606 11.214539
107.902 2.810719 -2.736207 -0.401606 11.214539
108.002 2.810683 -2.736192 -0.401606 11.214578
108.102 2.810665 -2.736184 -0.401606 11.214598
108.202 2.813837 -2.732901 -0.403169 11.219163
108.302 2.813800 -2.732885 -0.403169 11.219203
108.402 2.813763 -2.732870 -0.403169 11.219243
108.502 2.813763 -2.732870 -0.403169 11.219243
108.602 2.813763 -2.732870 -0.403169 11.219243
108.702 2.813763 -2.732870 -0.403169 11.219243
108.802 2.813763 -2.732870 -0.403169 11.219243
108.902 2.813763 -2.732870 -0.403169 11.219243
109.002 2.813763 -2.732870 -0.403169 11.219243
109.102 2.813763 -2.732870 -0.403169 11.219243
109.202 2.813763 -2.732870 -0.403169 11.219243
109.302 2.813763 -2.732870 -0.403169 11.219243
109.402 2.813763 -2.732870 -0.403169 11.219243
109.502 2.813763 -2.732870 -0.403169 11.219243
109.602 2.813763 -2.732870 -0.403169 11.219243
109.702 2.813763 -2.732870 -0.403169 11.219243
109.802 2.813763 -2.732870 -0.403169 11.219243
109.902 2.813763 -2.732870 -0.403169 11.219243
110.002 2.813763 -2.732870 -0.403169 11.219243
110.102 2.813763 -2.732870 -0.403169 11.219243
110.202 2.813763 -2.732870 -0.403169 11.219243
110.302 2.813763 -2.732870 -0.403169 11.219243
110.402 2.813763 -2.732870 -0.403169 11.219243
110.502 2.813763 -2.732870 -0.403169 11.219243
110.602 2.813763 -2.732870 -0.403169 11.219243
110.702 2.813745 -2.732862 -0.403169 11.219263
110.802 2.813745 -2.732862 -0.403169 11.219263
110.902 2.813745 -2.732862 -0.403169 11.219263
111.002 2.813745 -2.732862 -0.403169 11.219263
111.102 2.813745 -2.732862 -0.403169 11.219263
111.202 2.813745 -2.732862 -0.403169 11.219263
111.302 2.812226 -2.735937 -0.401690 11.222694
111.402 2.812124 -2.736141 -0.401592 11.222921
111.502 2.812124 -2.736141 -0.401592 11.222921
111.602 2.812124 -2.736141 -0.401592 11.222921
111.702 2.812124 -2.736141 -0.401592 11.222921
111.802 2.812124 -2.736141 -0.401592 11.222921
111.902 2.812124 -2.736141 -0.401592 11.222921
112.002 2.812124 -2.736141 -0.401592 11.222921
112.102 2.812124 -2.736141 -0.401592 11.222921
112.202 2.812124 -2.736141 -0.401592 11.222921
112.302 2.812162 -2.736157 -0.401592 11.222962
112.403 2.812162 -2.736157 -0.401592 11.222962
112.502 2.812162 -2.736157 -0.401592 11.222962
112.602 2.812162 -2.736157 -0.401592 11.222962
112.706 2.812162 -2.736157 -0.401592 11.222962
112.802 2.812162 -2.736157 -0.401592 11.222962
112.902 2.812162 -2.736157 -0.401592 11.222962
113.002 2.812162 -2.736157 -0.401592 11.222962
113.102 2.812162 -2.736157 -0.401592 11.222962
113.202 2.812162 -2.736157 -0.401592 11.222962
113.302 2.812162 -2.736157 -0.401592 11.222962
113.402 2.812162 -2.736157 -0.401592 11.222962
113.502 2.812162 -2.736157 -0.401592 11.222962
113.602 2.812162 -2.736157 -0.401592 11.222962
113.702 2.812162 -2.736157 -0.401592 11.222962
113.802 2.812162 -2.736157 -0.401592 11.222962
113.902 2.812162 -2.736157 -0.401592 11.222962
114.002 2.812162 -2.736157 -0.401592 11.222962
114.102 2.812162 -2.736157 -0.401592 11.222962
114.202 2.812162 -2.736157 -0.401592 11.222962
114.302 2.812162 -2.736157 -0.401592 11.222962
