# t_sec x y yaw_rad cum_dist_m
0.102 -0.015625 0.000000 -0.000000 0.000000
0.206 -0.015625 0.000000 -0.000000 0.000000
0.302 -0.015625 0.000000 -0.000000 0.000000
0.401 -0.015625 0.000000 -0.000000 0.000000
0.503 -0.015625 0.000000 -0.000000 0.000000
0.601 -0.015959 -0.000004 0.019373 0.000335
0.703 -0.016101 -0.000007 0.043808 0.000476
0.801 -0.015532 0.000027 0.071733 0.001046
0.901 -0.015671 0.000014 0.104894 0.001186
1.001 -0.015493 0.000036 0.132820 0.001366
1.101 -0.015275 0.000072 0.176453 0.001587
1.201 -0.014952 0.000137 0.211359 0.001916
1.312 -0.015066 0.000112 0.232303 0.002032
1.401 0.027528 0.018818 0.307749 0.048552
1.501 0.045732 0.026811 0.356200 0.068433
1.602 0.045938 0.026891 0.384125 0.068655
1.701 0.046172 0.026999 0.426013 0.068912
1.801 0.046153 0.026989 0.445212 0.068933
1.902 0.046296 0.027062 0.481864 0.069093
2.002 0.046402 0.027119 0.518516 0.069213
2.102 0.046453 0.027149 0.539460 0.069273
2.201 0.046500 0.027182 0.590074 0.069330
2.302 0.046797 0.027388 0.618174 0.069692
2.401 0.046758 0.027358 0.649764 0.069741
2.501 0.046705 0.027316 0.686242 0.069809
2.601 0.047148 0.027695 0.722894 0.070391
2.702 0.047118 0.027668 0.754310 0.070431
2.802 0.047226 0.027778 0.782410 0.070585
2.902 0.047268 0.027816 0.822552 0.070642
3.002 0.047205 0.027745 0.848732 0.070737
3.102 0.062548 0.028888 0.886593 0.086122
3.201 0.091323 0.030075 0.923955 0.114922
3.301 0.091261 0.029991 0.953626 0.115027
3.401 0.091454 0.030272 0.997259 0.115367
3.501 0.091422 0.030221 1.030421 0.115427
3.601 0.091640 0.030601 1.056600 0.115865
3.702 0.091518 0.030369 1.088191 0.116127
3.802 0.091554 0.030442 1.117687 0.116207
3.901 0.091723 0.030798 1.161495 0.116602
4.002 0.091576 0.030444 1.196401 0.116986
4.101 0.091785 0.031010 1.234799 0.117589
4.202 0.091715 0.030801 1.250507 0.117809
4.302 0.091732 0.030859 1.294140 0.117870
4.402 0.091805 0.031132 1.325556 0.118152
4.501 0.091899 0.031583 1.365698 0.118613
4.601 0.092099 0.032601 1.391878 0.119650
4.701 0.092044 0.032244 1.423294 0.120011
4.801 0.092028 0.032141 1.452965 0.120115
4.902 0.092046 0.032305 1.498343 0.120280
5.001 0.112212 0.026918 1.523907 0.141152
5.102 0.112218 0.027170 1.551832 0.141404
5.202 0.112218 0.027323 1.605938 0.141557
5.301 0.112214 0.027401 1.632118 0.141636
5.401 0.112184 0.027808 1.654807 0.142044
5.501 0.112186 0.027672 1.707167 0.142181
5.601 0.112112 0.028145 1.733347 0.142660
5.702 0.112113 0.028158 1.761272 0.142673
5.802 0.112156 0.027944 1.790943 0.142891
5.903 0.112045 0.028377 1.843302 0.143339
6.002 0.111955 0.028671 1.883445 0.143647
6.102 0.111968 0.028633 1.907880 0.143687
6.202 0.104695 0.029294 1.950693 0.150990
6.301 0.093789 0.030977 1.994731 0.162026
6.401 0.093766 0.031028 2.020911 0.162081
6.501 0.093785 0.030985 2.050581 0.162128
6.601 0.093568 0.031385 2.094214 0.162584
6.701 0.093538 0.031437 2.127376 0.162643
6.801 0.093525 0.031454 2.155301 0.162665
6.905 0.093450 0.031557 2.204170 0.162792
7.001 0.093385 0.031643 2.223369 0.162900
7.102 0.093041 0.032082 2.261941 0.163457
7.201 0.093200 0.031898 2.295102 0.163700
7.303 0.093133 0.031972 2.321282 0.163800
7.407 0.093182 0.031921 2.373642 0.163871
7.501 0.093168 0.031935 2.401567 0.163891
7.602 0.092894 0.032174 2.429492 0.164254
7.701 0.095542 0.023092 2.470591 0.173714
7.801 0.095462 0.023151 2.498516 0.173814
7.901 0.095102 0.023411 2.521206 0.174258
8.002 0.095161 0.023384 2.575311 0.174323
8.101 0.095042 0.023459 2.589273 0.174464
8.201 0.094857 0.023573 2.641633 0.174681
8.301 0.094928 0.023534 2.667813 0.174763
8.403 0.094423 0.023781 2.699229 0.175325
8.501 0.094715 0.023651 2.739372 0.175646
8.621 0.094515 0.023731 2.758919 0.175861
8.701 0.093669 0.024057 2.785099 0.176768
8.801 0.094302 0.023851 2.835539 0.177435
8.902 0.093609 0.024055 2.865210 0.178158
9.002 0.093356 0.024122 2.894881 0.178419
9.101 0.093517 0.024085 2.943750 0.178584
9.202 0.093380 0.024113 2.973420 0.178723
9.301 0.093419 0.024106 2.996110 0.178763
9.402 0.121250 0.029931 3.043040 0.207197
9.504 0.121290 0.029929 3.070965 0.207237
9.601 0.121278 0.029928 3.100636 0.207249
9.703 0.120720 0.029940 3.139208 0.207807
9.801 0.120998 0.029942 -3.109071 0.208085
9.901 0.120837 0.029935 -3.075910 0.208246
10.001 0.120956 0.029945 -3.051475 0.208366
10.101 0.120579 0.029901 -3.019885 0.208746
10.201 0.120437 0.029890 -2.972761 0.208888
10.304 0.120556 0.029909 -2.943090 0.209009
10.401 0.120152 0.029821 -2.913420 0.209423
10.502 0.120247 0.029849 -2.875023 0.209522
10.611 0.120170 0.029827 -2.859315 0.209602
10.702 0.119193 0.029512 -2.812191 0.210628
10.801 0.131980 0.014473 -2.764622 0.230369
10.901 0.132144 0.014540 -2.736697 0.230546
11.002 0.132316 0.014621 -2.700045 0.230737
11.106 0.131899 0.014412 -2.661647 0.231203
11.205 0.131878 0.014403 -2.630231 0.231226
11.301 0.131635 0.014258 -2.602481 0.231509
11.401 0.131314 0.014059 -2.563734 0.231887
11.502 0.131464 0.014163 -2.532319 0.232069
11.602 0.131333 0.014068 -2.504393 0.232230
11.701 0.131158 0.013930 -2.467741 0.232453
11.802 0.131051 0.013840 -2.431089 0.232594
11.901 0.130872 0.013683 -2.390947 0.232831
12.002 0.130902 0.013711 -2.359531 0.232873
12.101 0.130524 0.013324 -2.334922 0.233413
12.201 0.130416 0.013212 -2.284307 0.233569
12.302 0.119977 0.019650 -2.249545 0.245834
12.401 0.111782 0.024033 -2.216485 0.255128
12.502 0.111512 0.023666 -2.165871 0.255584
12.601 0.111710 0.023965 -2.139691 0.255943
12.702 0.111531 0.023667 -2.110020 0.256290
12.801 0.111366 0.023389 -2.076859 0.256614
12.901 0.111249 0.023163 -2.036717 0.256869
13.001 0.111128 0.022918 -2.007046 0.257142
13.102 0.111242 0.023164 -1.972139 0.257413
13.202 0.110937 0.022378 -1.931997 0.258256
13.301 0.111029 0.022645 -1.902326 0.258538
13.401 0.111119 0.022925 -1.867420 0.258833
13.501 0.110918 0.022213 -1.816805 0.259573
13.601 0.111018 0.022648 -1.790625 0.260019
13.701 0.110997 0.022525 -1.759209 0.260144
13.803 0.111028 0.022710 -1.734775 0.260331
13.902 0.051983 0.064172 -1.686271 0.332480
14.002 0.051963 0.064001 -1.658346 0.332651
14.101 0.051974 0.064137 -1.630246 0.332787
14.203 0.051965 0.063877 -1.600575 0.333047
14.301 0.051954 0.063877 -1.555197 0.333058
14.402 0.051950 0.064056 -1.520290 0.333237
14.504 0.051977 0.063663 -1.478228 0.333630
14.601 0.051989 0.063535 -1.455538 0.333759
14.702 0.052019 0.063317 -1.411905 0.333979
14.802 0.052020 0.063317 -1.389216 0.333979
14.901 0.052124 0.062781 -1.378744 0.334525
15.001 0.052081 0.062998 -1.368272 0.334747
15.101 0.052101 0.062904 -1.342092 0.334843
15.202 0.052021 0.063208 -1.301949 0.335157
15.305 0.045264 0.062734 -1.277809 0.341931
15.401 0.005950 0.063013 -1.169254 0.381246
15.503 0.005821 0.063306 -1.139584 0.381566
15.601 0.005901 0.063143 -1.115149 0.381747
15.707 0.005970 0.063000 -1.073261 0.381907
15.802 0.005988 0.062966 -1.038354 0.381945
15.901 0.006082 0.062812 -1.012175 0.382125
16.001 0.005920 0.063070 -0.970287 0.382430
16.102 0.006202 0.062679 -0.933635 0.382912
16.202 0.006082 0.062836 -0.909200 0.383110
16.302 0.006390 0.062453 -0.869058 0.383602
16.402 0.006243 0.062619 -0.842878 0.383824
16.502 0.006157 0.062725 -0.797499 0.383960
16.601 0.006301 0.062584 -0.767828 0.384161
16.702 0.006133 0.062736 -0.736412 0.384387
16.802 0.006436 0.062481 -0.692779 0.384783
16.901 0.006349 0.062548 -0.664854 0.384893
17.008 0.006210 0.062666 -0.617730 0.385076
17.102 -0.015968 0.053679 -0.541662 0.409006
17.202 -0.028482 0.049426 -0.487261 0.422222
17.301 -0.028238 0.049311 -0.452354 0.422492
17.408 -0.027846 0.049120 -0.410466 0.422928
17.501 -0.028082 0.049220 -0.398249 0.423184
17.601 -0.028024 0.049208 -0.353045 0.423244
17.702 -0.027670 0.049091 -0.305746 0.423617
17.803 -0.027707 0.049102 -0.277821 0.423655
17.902 -0.027904 0.049154 -0.232617 0.423859
18.001 -0.027769 0.049126 -0.206088 0.423997
18.104 -0.027750 0.049122 -0.176592 0.424016
18.201 -0.027886 0.049147 -0.132784 0.424153
18.307 -0.027786 0.049137 -0.097878 0.424253
18.401 -0.027491 0.049113 -0.068207 0.424549
18.501 -0.027673 0.049119 -0.026145 0.424731
18.603 -0.024028 0.017146 0.029576 0.456911
18.701 -0.021462 0.000238 0.040599 0.474012
18.802 -0.021046 0.000256 0.040599 0.474428
18.902 -0.021046 0.000256 0.040599 0.474428
19.002 -0.021046 0.000256 0.040599 0.474428
19.102 -0.021046 0.000256 0.040599 0.474428
19.201 -0.021046 0.000256 0.040599 0.474428
19.301 -0.021046 0.000256 0.040599 0.474428
19.402 -0.021046 0.000256 0.040599 0.474428
19.502 -0.021046 0.000256 0.040599 0.474428
19.607 -0.021046 0.000256 0.040599 0.474428
19.704 -0.021046 0.000256 0.040599 0.474428
19.801 -0.021046 0.000256 0.040599 0.474428
19.901 -0.021046 0.000256 0.040599 0.474428
20.002 -0.021046 0.000256 0.040599 0.474428
20.101 -0.021046 0.000256 0.040599 0.474428
20.202 -0.021046 0.000256 0.040599 0.474428
20.302 -0.021046 0.000256 0.040599 0.474428
20.402 -0.021046 0.000256 0.040599 0.474428
20.502 -0.021046 0.000256 0.040599 0.474428
20.601 -0.021046 0.000256 0.040599 0.474428
20.701 -0.021046 0.000256 0.040599 0.474428
20.801 -0.021046 0.000256 0.040599 0.474428
20.901 -0.021046 0.000256 0.040599 0.474428
21.002 -0.023067 0.000265 -0.018567 0.476449
21.101 -0.025040 0.000404 -0.097107 0.478427
21.202 -0.026347 0.000585 -0.161684 0.479746
21.302 -0.026828 0.000677 -0.234988 0.480236
21.401 -0.027467 0.000901 -0.397304 0.480913
21.501 -0.027485 0.000907 -0.486316 0.480931
21.601 -0.027640 0.001004 -0.624197 0.481115
21.701 0.087241 0.041138 -0.939595 0.602805
21.802 0.087465 0.040782 -1.028607 0.603225
21.901 0.087878 0.040008 -1.117619 0.604102
22.001 0.089158 0.036587 -1.274698 0.607755
22.101 0.089702 0.034400 -1.361965 0.610009
22.201 0.090741 0.027376 -1.449231 0.617109
22.302 0.104170 0.009438 -1.626648 0.639517
22.402 0.106695 0.000117 -1.701412 0.649174
22.501 0.104807 -0.010199 -1.778206 0.659662
22.601 0.100127 -0.026511 -1.903870 0.676631
22.702 0.102519 -0.043768 -1.946755 0.694053
22.817 0.109816 -0.067202 -1.984546 0.718597
22.901 0.099848 -0.087030 -2.073558 0.740790
23.001 0.093380 -0.097819 -2.129409 0.753369
23.101 0.083519 -0.112121 -2.204458 0.770741
23.203 0.074279 -0.123566 -2.277762 0.785451
23.303 0.067363 -0.131239 -2.321395 0.795780
23.401 0.057668 -0.140796 -2.394699 0.809394
23.501 0.054056 -0.144023 -2.417388 0.814237
23.601 0.068046 -0.163895 -2.454822 0.838539
23.701 0.055619 -0.173403 -2.514164 0.854186
23.801 0.045036 -0.180664 -2.559542 0.867021
23.915 0.037944 -0.185207 -2.578741 0.875443
24.002 0.020035 -0.195702 -2.638082 0.896201
24.101 0.010362 -0.200859 -2.660771 0.907162
24.203 -0.018417 -0.271644 -2.671931 0.983574
24.307 -0.034698 -0.296972 -2.695346 1.013684
24.402 -0.044854 -0.301639 -2.721526 1.024860
24.502 -0.055140 -0.306012 -2.752942 1.036038
24.601 -0.071831 -0.312587 -2.779296 1.053977
24.701 -0.079763 -0.315491 -2.798495 1.062424
24.808 -0.099165 -0.322065 -2.828165 1.082909
24.901 -0.109309 -0.325239 -2.844048 1.093538
25.002 -0.124077 -0.329458 -2.878954 1.108897
25.102 -0.140940 -0.333556 -2.920842 1.126250
25.201 -0.152536 -0.336077 -2.933060 1.138117
25.302 -0.167060 -0.338944 -2.954004 1.152922
25.402 -0.183656 -0.341946 -2.969711 1.169787
25.502 -0.195006 -0.343865 -2.978438 1.181298
25.602 -0.209545 -0.346243 -2.980183 1.196031
25.701 -0.243468 -0.357571 -3.010503 1.231795
25.801 -0.259826 -0.361206 -3.020179 1.248552
25.902 -0.274274 -0.362975 -3.020179 1.263108
26.001 -0.291804 -0.365164 -3.014594 1.280774
26.103 -0.303552 -0.366675 -3.011103 1.292619
26.201 -0.315084 -0.368286 -2.997141 1.304262
26.302 -0.335728 -0.371636 -2.967470 1.325177
26.401 -0.347288 -0.373695 -2.963979 1.336919
26.501 -0.359340 -0.375936 -2.953507 1.349177
26.601 -0.378838 -0.379876 -2.927327 1.369069
26.701 -0.389979 -0.382404 -2.913365 1.380493
26.802 -0.401082 -0.385169 -2.888930 1.391936
26.901 -0.421355 -0.390799 -2.855769 1.412976
27.002 -0.432559 -0.394157 -2.845297 1.424672
27.101 -0.444347 -0.397867 -2.831334 1.437031
27.201 -0.463861 -0.404193 -2.825749 1.457544
27.301 -0.475249 -0.407930 -2.824004 1.469530
27.401 -0.491912 -0.413418 -2.822259 1.487073
27.502 -0.505318 -0.417851 -2.822259 1.501193
27.601 -0.516521 -0.421621 -2.813532 1.513014
27.701 -0.533146 -0.427366 -2.803060 1.530603
27.801 -0.543979 -0.431222 -2.799569 1.542102
27.901 -0.560753 -0.437211 -2.797824 1.559913
28.001 -0.574578 -0.442176 -2.796079 1.574602
28.102 -0.586249 -0.446389 -2.794333 1.587010
28.202 -0.600364 -0.451498 -2.794333 1.602022
28.302 -0.616983 -0.457529 -2.792588 1.619702
28.401 -0.630681 -0.462513 -2.792588 1.634278
28.501 -0.641848 -0.466577 -2.792588 1.646162
28.604 -0.652376 -0.470294 -2.804805 1.657326
28.702 -0.670996 -0.476639 -2.824004 1.676997
28.804 -0.681888 -0.480197 -2.824004 1.688456
28.903 -0.670941 -0.584657 -2.729193 1.793488
29.002 -0.689421 -0.592527 -2.748392 1.813573
29.102 -0.700083 -0.596906 -2.755373 1.825100
29.202 -0.710148 -0.600953 -2.760609 1.835948
29.301 -0.727397 -0.607731 -2.773350 1.854481
29.401 -0.736408 -0.611157 -2.780331 1.864121
29.502 -0.745462 -0.614520 -2.790803 1.873779
29.601 -0.763061 -0.620667 -2.815238 1.892421
29.701 -0.772929 -0.623889 -2.831120 1.902802
29.802 -0.786629 -0.628079 -2.853809 1.917128
29.901 -0.803559 -0.632856 -2.876673 1.934719
30.001 -0.814849 -0.635897 -2.880164 1.946412
30.103 -0.825695 -0.638717 -2.888891 1.957619
30.202 -0.844025 -0.643339 -2.901108 1.976522
30.302 -0.854244 -0.645806 -2.906518 1.987034
30.401 -0.863865 -0.648026 -2.918736 1.996908
30.501 -0.876290 -0.650742 -2.930953 2.009627
30.604 -0.892430 -0.654010 -2.945090 2.026094
30.701 -0.906992 -0.656809 -2.955562 2.040923
30.801 -0.921568 -0.659368 -2.979997 2.055721
30.902 -0.939201 -0.661945 -3.009493 2.073542
31.001 -0.953535 -0.663653 -3.034102 2.087978
31.101 -0.964850 -0.664874 -3.034102 2.099358
31.201 -0.979545 -0.666459 -3.034102 2.114139
31.301 -0.995009 -0.668106 -3.035847 2.129689
31.401 -1.004840 -0.669149 -3.035847 2.139576
31.501 -1.014599 -0.670185 -3.035847 2.149390
31.603 -1.029925 -0.671812 -3.035847 2.164801
31.701 -1.038622 -0.672731 -3.037593 2.173547
31.802 -1.046650 -0.673569 -3.037593 2.181619
31.902 -1.053751 -0.674367 -2.983487 2.188764
32.001 -1.053562 -0.674331 -2.929382 2.188956
32.101 -1.053736 -0.674369 -2.871786 2.189134
32.202 -1.062382 -0.727748 -2.942352 2.243208
32.302 -1.062323 -0.727735 -2.874284 2.243268
32.407 -1.062306 -0.727745 -2.807962 2.243288
32.502 -1.062234 -0.727713 -2.753856 2.243367
32.601 -1.062555 -0.727854 -2.703242 2.243717
32.702 -1.062632 -0.727907 -2.640585 2.243811
32.801 -1.062494 -0.727824 -2.603758 2.243973
32.904 -1.062417 -0.727785 -2.565361 2.244060
33.002 -1.062085 -0.727528 -2.500784 2.244478
33.107 -1.062213 -0.727630 -2.465877 2.244642
33.201 -1.055038 -0.725610 -2.414160 2.252097
33.301 -1.012558 -0.713603 -2.349932 2.296241
33.401 -1.013624 -0.714660 -2.365640 2.297742
33.501 -1.018280 -0.718960 -2.411019 2.304079
33.602 -1.024905 -0.724499 -2.468614 2.312715
33.702 -1.033523 -0.730782 -2.543838 2.323380
33.801 -1.039208 -0.734400 -2.596198 2.330118
33.905 -1.046263 -0.738349 -2.655365 2.338204
34.001 -1.055411 -0.742675 -2.734079 2.348323
34.101 -1.062705 -0.745503 -2.798482 2.356146
34.202 -1.068354 -0.747421 -2.814190 2.362112
34.302 -1.068547 -0.747487 -2.814190 2.362316
34.402 -1.104721 -0.758524 -2.871912 2.400136
34.501 -1.124480 -0.764542 -2.888745 2.420791
34.602 -1.123534 -0.764260 -2.836385 2.421778
34.703 -1.121952 -0.763692 -2.775298 2.423459
34.801 -1.118576 -0.762165 -2.677560 2.427165
34.901 -1.117042 -0.761324 -2.618219 2.428914
35.001 -1.115313 -0.760255 -2.569349 2.430946
35.102 -1.113225 -0.758808 -2.513499 2.433487
35.201 -1.110910 -0.756959 -2.438450 2.436450
35.301 -1.109527 -0.755683 -2.379109 2.438332
35.401 -1.107693 -0.753762 -2.298823 2.440988
35.501 -1.106017 -0.751510 -2.159197 2.443795
35.604 -1.083614 -0.737039 -1.890588 2.470465
35.701 -1.083052 -0.734872 -1.784123 2.472704
35.802 -1.082634 -0.731776 -1.649732 2.475828
35.901 -1.082594 -0.729720 -1.560721 2.477884
36.001 -1.082783 -0.727419 -1.443784 2.480193
36.101 -1.082954 -0.726559 -1.311139 2.481070
36.207 -1.127211 -0.709242 -1.120804 2.528595
36.301 -1.121646 -0.718311 -0.961979 2.539235
36.401 -1.116515 -0.724862 -0.878203 2.547556
36.501 -1.109795 -0.732189 -0.799663 2.557498
36.601 -1.095602 -0.744389 -0.664875 2.576214
36.701 -1.103684 -0.723578 -0.563557 2.598539
36.801 -1.093401 -0.729507 -0.502645 2.610408
36.901 -1.081043 -0.735656 -0.432832 2.624212
37.001 -1.066511 -0.741563 -0.352372 2.639899
37.101 -1.057268 -0.744654 -0.305249 2.649644
37.201 -1.064270 -0.794331 -0.271856 2.699813
37.302 -1.048049 -0.809260 -0.201172 2.721858
37.401 -1.036781 -0.811236 -0.157538 2.733298
37.501 -1.025318 -0.812751 -0.113905 2.744861
37.601 -1.005169 -0.814245 -0.049328 2.765065
37.701 -0.995035 -0.814541 -0.017912 2.775203
37.801 -0.979086 -0.814246 0.044920 2.791155
37.901 -0.964689 -0.813150 0.099025 2.805593
38.001 -0.949306 -0.830742 0.129820 2.828963
38.101 -0.933520 -0.828172 0.183925 2.844957
38.201 -0.919961 -0.825260 0.227559 2.858825
38.302 -0.908067 -0.822250 0.260720 2.871094
38.401 -0.891612 -0.817307 0.309589 2.888276
38.501 -0.878094 -0.812649 0.349732 2.902573
38.601 -0.868140 -0.808772 0.382893 2.913256
38.701 -0.854043 -0.802787 0.419545 2.928571
38.811 -0.843073 -0.797669 0.447470 2.940676
38.902 -0.834616 -0.793494 0.463178 2.950108
39.001 -0.821911 -0.786804 0.499830 2.964466
39.102 -0.803635 -0.761765 0.495297 2.995466
39.201 -0.790653 -0.747444 0.502070 3.014795
39.301 -0.775863 -0.739017 0.529995 3.031817
39.401 -0.764484 -0.732147 0.550939 3.045109
39.501 -0.756417 -0.727039 0.570138 3.054657
39.601 -0.743295 -0.718383 0.592827 3.070377
39.701 -0.730964 -0.709893 0.610629 3.085348
39.801 -0.721433 -0.703132 0.624592 3.097033
39.901 -0.707568 -0.692917 0.642045 3.114255
40.001 -0.698458 -0.685997 0.652517 3.125696
40.101 -0.684689 -0.675406 0.658102 3.143066
40.201 -0.673354 -0.666560 0.670494 3.157445
40.301 -0.664467 -0.659455 0.677475 3.168823
40.401 -0.650162 -0.647903 0.677475 3.187210
40.502 -0.640910 -0.640514 0.670320 3.199050
40.602 -0.627706 -0.630123 0.664735 3.215853
40.701 -0.617548 -0.622263 0.655659 3.228697
40.801 -0.608851 -0.615574 0.655659 3.239668
40.902 -0.594472 -0.604548 0.651994 3.257788
41.001 -0.583894 -0.596473 0.651994 3.271096
41.101 -0.573510 -0.588564 0.650248 3.284149
41.201 -0.564418 -0.581655 0.648328 3.295568
41.301 -0.549948 -0.570713 0.646583 3.313710
41.401 -0.540953 -0.563916 0.644663 3.324984
41.502 -0.534149 -0.558796 0.646583 3.333500
41.601 -0.522415 -0.549974 0.644663 3.348179
41.702 -0.511003 -0.541432 0.640998 3.362434
41.801 -0.501850 -0.534674 0.635588 3.373812
41.902 -0.487072 -0.523883 0.621450 3.392110
42.001 -0.477260 -0.517030 0.602077 3.404078
42.101 -0.462754 -0.507533 0.567171 3.421417
42.201 -0.467230 -0.460071 0.449494 3.469089
42.302 -0.461544 -0.440883 0.405166 3.489102
42.401 -0.445291 -0.434046 0.398184 3.506734
42.501 -0.432111 -0.428502 0.398184 3.521034
42.602 -0.420874 -0.423775 0.398184 3.533225
42.702 -0.404807 -0.417044 0.396439 3.550644
42.801 -0.391316 -0.411441 0.392948 3.565252
42.902 -0.381807 -0.407515 0.391203 3.575540
43.003 -0.365982 -0.401037 0.387712 3.592640
43.101 -0.352719 -0.395664 0.380731 3.606949
43.201 -0.340646 -0.390855 0.377240 3.619944
43.320 -0.330733 -0.386983 0.372004 3.630588
43.402 -0.315591 -0.381177 0.361532 3.646804
43.501 -0.302492 -0.376245 0.358042 3.660801
43.604 -0.292036 -0.372333 0.358042 3.671965
43.701 -0.275060 -0.366003 0.356296 3.690083
43.801 -0.261339 -0.360902 0.354551 3.704721
43.902 -0.250196 -0.356777 0.354551 3.716603
44.001 -0.234889 -0.351161 0.349315 3.732908
44.102 -0.222298 -0.346691 0.337098 3.746269
44.202 -0.211502 -0.343039 0.323135 3.757666
44.302 -0.194309 -0.337545 0.293465 3.775715
44.402 -0.184204 -0.334511 0.288229 3.786266
44.501 -0.168784 -0.330178 0.258558 3.802283
44.601 -0.156325 -0.327052 0.239359 3.815129
44.701 -0.145765 -0.324601 0.218415 3.825969
44.802 -0.128743 -0.321157 0.185254 3.843336
44.901 -0.117225 -0.319128 0.169546 3.855031
45.002 -0.101630 -0.316600 0.153838 3.870830
45.102 -0.088449 -0.314685 0.141621 3.884149
45.201 -0.075367 -0.313011 0.122248 3.897338
45.304 -0.064143 -0.311664 0.116663 3.908642
45.407 -0.052506 -0.310327 0.112998 3.920356
45.502 0.029111 -0.330515 -0.023258 4.004433
45.601 0.038413 -0.330758 -0.026924 4.013738
45.702 0.051065 -0.331062 -0.019942 4.026393
45.804 0.069308 -0.331286 -0.005631 4.044638
45.901 0.081428 -0.331265 0.008332 4.056758
46.001 0.092911 -0.331099 0.018804 4.068242
46.102 0.113108 -0.330544 0.032767 4.088447
46.201 0.124204 -0.330038 0.051965 4.099555
46.302 0.139736 -0.329097 0.071164 4.115115
46.402 0.150756 -0.328306 0.072909 4.126163
46.502 0.165131 -0.327241 0.074655 4.140577
46.601 0.182497 -0.325857 0.081636 4.157999
46.702 0.193877 -0.324917 0.083381 4.169418
46.803 0.205101 -0.323949 0.090363 4.180683
46.901 0.225747 -0.322006 0.095599 4.201421
47.001 0.237344 -0.320823 0.104325 4.213077
47.101 0.249089 -0.319583 0.106070 4.224888
47.202 0.269612 -0.317325 0.113052 4.245534
47.301 0.280315 -0.316110 0.113052 4.256306
47.401 0.291986 -0.314723 0.121778 4.268059
47.501 0.312660 -0.312056 0.132250 4.288905
47.619 0.323488 -0.310616 0.132250 4.299828
47.702 0.334278 -0.309123 0.137486 4.310721
47.803 0.353620 -0.306284 0.156685 4.330270
47.902 0.365338 -0.304353 0.168902 4.342146
48.002 0.376928 -0.302252 0.186356 4.353925
48.102 0.397329 -0.298123 0.205554 4.374740
48.201 0.405008 -0.296439 0.219517 4.382601
48.301 0.421742 -0.292442 0.250933 4.399806
48.401 0.431543 -0.289866 0.259659 4.409940
48.501 0.441771 -0.287134 0.264895 4.420526
48.601 0.455511 -0.163984 0.454998 4.544440
48.702 0.465387 -0.159146 0.456743 4.555438
48.802 0.476295 -0.153926 0.441035 4.567531
48.901 0.494876 -0.145334 0.427072 4.588002
49.001 0.505163 -0.140652 0.427072 4.599304
49.101 0.515885 -0.135785 0.425327 4.611080
49.201 0.534697 -0.127286 0.423582 4.631722
49.302 0.545232 -0.122558 0.421836 4.643269
49.402 0.556087 -0.117743 0.413110 4.655144
49.501 0.575155 -0.109818 0.385184 4.675794
49.606 0.585914 -0.105522 0.378203 4.687379
49.701 0.596457 -0.101364 0.374712 4.698712
49.802 0.616171 -0.093908 0.350278 4.719789
49.901 0.627153 -0.090003 0.334570 4.731445
50.001 0.641196 -0.085193 0.329334 4.746289
50.101 0.658034 -0.079482 0.325843 4.764069
50.201 0.668879 -0.075880 0.320607 4.775496
50.301 0.681628 -0.071667 0.318862 4.788924
50.402 0.697409 -0.066572 0.306645 4.805507
50.501 0.707536 -0.063419 0.301409 4.816113
50.610 0.721105 -0.059397 0.276974 4.830266
50.701 0.738022 -0.054753 0.261266 4.847808
50.801 0.749318 -0.052185 0.203670 4.859392
50.901 0.760939 -0.050158 0.153056 4.871189
51.001 0.780652 -0.047621 0.119894 4.891064
51.102 0.791659 -0.046325 0.114658 4.902148
51.203 0.802552 -0.045102 0.110993 4.913109
51.302 0.822388 -0.042949 0.105408 4.933062
51.406 0.833644 -0.041783 0.101743 4.944378
51.501 0.845379 -0.040596 0.099998 4.956173
51.601 0.865272 -0.038775 0.079054 4.976148
51.702 0.878032 -0.014274 -0.005566 5.003773
51.801 0.889064 -0.014428 -0.021623 5.014806
51.901 0.909666 -0.014878 -0.021623 5.035414
52.002 0.920902 -0.015141 -0.023368 5.046653
52.101 0.931364 -0.015385 -0.023368 5.057117
52.203 0.951575 -0.015858 -0.023368 5.077334
52.301 0.963226 -0.016130 -0.023368 5.088988
52.401 0.974993 -0.016390 -0.019703 5.100758
52.502 0.995675 -0.016762 -0.016038 5.121443
52.602 1.004513 -0.016909 -0.016038 5.130282
52.701 1.025492 -0.017245 -0.016038 5.151264
52.801 1.036672 -0.017441 -0.017958 5.162446
52.901 1.048327 -0.017665 -0.019703 5.174104
53.002 1.068143 -0.018123 -0.028604 5.193924
53.101 1.078002 -0.018449 -0.034015 5.203789
53.202 1.089676 -0.018858 -0.035935 5.215470
53.301 1.104291 -0.019398 -0.037680 5.230095
53.401 1.119609 -0.020052 -0.046756 5.245427
53.501 1.129242 -0.020548 -0.051992 5.255073
53.602 1.143465 -0.021294 -0.053911 5.269315
53.702 1.160853 -0.022210 -0.053911 5.286727
53.802 1.171505 -0.022798 -0.055657 5.297396
53.907 1.184659 -0.023566 -0.059322 5.310572
54.001 1.201831 -0.024680 -0.066652 5.327780
54.101 1.213607 -0.025492 -0.070318 5.339584
54.202 1.234402 -0.027092 -0.082884 5.360440
54.301 1.246013 -0.028151 -0.095450 5.372100
54.401 1.257057 -0.029249 -0.102781 5.383198
54.501 1.275033 -0.031247 -0.115347 5.401285
54.601 1.285816 -0.032614 -0.131230 5.412154
54.701 1.317983 -0.007838 -0.164169 5.452757
54.802 1.422526 0.109229 -0.314951 5.609709
54.901 1.433834 0.105527 -0.318617 5.621608
55.001 1.444174 0.101816 -0.360505 5.632593
55.101 1.456531 0.096664 -0.421591 5.645982
55.201 1.466935 0.091537 -0.484423 5.657580
55.302 1.471768 0.088873 -0.514094 5.663099
55.403 1.483358 0.081728 -0.580416 5.676715
55.502 1.489387 0.077548 -0.620559 5.684051
55.601 1.494682 0.073550 -0.658956 5.690686
55.701 1.500008 0.069197 -0.700844 5.697564
55.801 1.506850 0.063014 -0.760185 5.706786
55.901 1.511150 0.058722 -0.798582 5.712862
56.002 1.513397 0.056429 -0.772402 5.716072
56.102 1.513459 0.056349 -0.674664 5.716173
56.201 1.513381 0.056416 -0.610087 5.716275
56.301 1.513350 0.056437 -0.536783 5.716313
56.401 1.512401 0.056750 -0.447617 5.717312
56.502 1.511378 0.057124 -0.399432 5.718401
56.601 1.511325 0.057131 -0.331364 5.718455
56.702 1.511707 0.057007 -0.289476 5.718857
56.802 1.511668 0.057017 -0.245843 5.718897
56.909 1.511878 0.056970 -0.188247 5.719112
57.001 1.515123 0.056378 -0.181440 5.722411
57.101 1.522732 0.054956 -0.185106 5.730152
57.201 1.535506 0.052392 -0.222107 5.743180
57.301 1.547739 0.049085 -0.291920 5.755853
57.406 1.540369 0.057638 -0.295037 5.767143
57.501 1.554753 0.052437 -0.384049 5.782438
57.601 1.563916 0.048324 -0.445135 5.792482
57.702 1.578194 0.040571 -0.534147 5.808729
57.802 1.589288 0.033354 -0.603960 5.821964
57.903 1.597247 0.027462 -0.656320 5.831867
58.006 1.609174 0.017372 -0.733115 5.847490
58.102 1.619812 0.007170 -0.787220 5.862229
58.202 1.627819 -0.001365 -0.834344 5.873932
58.301 1.636299 -0.011331 -0.886704 5.887017
58.404 1.645701 -0.023813 -0.947790 5.902644
58.501 1.665648 -0.040868 -1.013723 5.928889
58.602 1.706497 -0.074091 -1.130357 5.981542
58.701 1.712920 -0.088674 -1.175736 5.997477
58.801 1.716962 -0.098996 -1.210642 6.008562
58.901 1.721517 -0.112259 -1.257766 6.022585
59.020 1.726261 -0.128567 -1.304890 6.039569
59.101 1.728317 -0.136629 -1.331070 6.047890
59.202 1.730868 -0.147982 -1.365977 6.059526
59.301 1.733744 -0.163693 -1.407865 6.075498
59.402 1.764194 -0.140304 -1.416275 6.113894
59.501 1.765692 -0.150851 -1.438965 6.124547
59.601 1.767683 -0.169497 -1.481027 6.143299
59.701 1.768482 -0.179734 -1.501796 6.153567
59.801 1.769232 -0.192424 -1.519424 6.166279
59.901 1.769710 -0.209542 -1.561312 6.183404
60.001 1.769673 -0.219901 -1.582256 6.193763
60.101 1.769099 -0.236355 -1.620828 6.210227
60.201 1.768303 -0.249078 -1.643692 6.222974
60.301 1.767412 -0.260130 -1.659400 6.234063
60.404 1.765669 -0.277763 -1.678947 6.251781
60.502 1.764097 -0.290827 -1.696401 6.264940
60.602 1.762633 -0.301904 -1.707047 6.276113
60.701 1.760453 -0.316031 -1.734972 6.290407
60.801 1.758496 -0.327237 -1.750680 6.301783
60.901 1.756741 -0.336230 -1.771624 6.310945
61.002 1.753977 -0.348638 -1.803040 6.323657
61.101 1.751414 -0.358758 -1.829220 6.334097
61.202 1.803645 -0.395169 -1.913849 6.397767
61.302 1.823784 -0.408824 -1.984485 6.422098
61.402 1.819730 -0.417063 -2.047317 6.431281
61.501 1.814983 -0.425771 -2.082223 6.441198
61.601 1.806998 -0.439282 -2.122366 6.456893
61.701 1.800703 -0.449038 -2.160763 6.468503
61.801 1.795611 -0.456286 -2.195670 6.477361
61.901 1.788964 -0.465106 -2.229006 6.488405
62.002 1.783752 -0.471439 -2.309291 6.496608
62.101 1.782954 -0.472251 -2.434955 6.497746
62.203 1.784468 -0.471170 -2.546656 6.499607
62.301 1.785957 -0.470289 -2.635667 6.501336
62.402 1.788868 -0.468946 -2.771803 6.504543
62.507 1.790887 -0.468339 -2.886995 6.506651
62.603 1.741292 -0.523540 -3.098505 6.580859
62.702 1.741087 -0.523544 3.093923 6.581064
62.801 1.741050 -0.523559 2.956042 6.581104
62.901 1.740795 -0.523490 2.863539 6.581368
63.006 1.741193 -0.523656 2.729149 6.581799
63.102 1.740970 -0.523529 2.617448 6.582055
63.202 1.734306 -0.535516 2.537379 6.595770
63.302 1.733508 -0.534873 2.453603 6.596796
63.401 1.725845 -0.527410 2.312232 6.607492
63.501 1.721953 -0.522689 2.228456 6.613610
63.604 1.727583 -0.542823 2.188596 6.634517
63.701 1.718274 -0.527893 2.056100 6.652111
63.802 1.714025 -0.518814 1.979131 6.662135
63.902 1.710243 -0.508902 1.911063 6.672745
64.001 1.704894 -0.489889 1.797617 6.692496
64.101 1.697610 -0.511769 1.693163 6.715557
64.201 1.683296 -0.546135 1.533259 6.752785
64.301 1.684062 -0.534241 1.487880 6.764704
64.401 1.685150 -0.523927 1.451228 6.775076
64.501 1.687525 -0.508582 1.400613 6.790603
64.601 1.689170 -0.499955 1.372688 6.799386
64.703 1.692200 -0.486518 1.334291 6.813160
64.804 1.696364 -0.470943 1.287167 6.829282
64.903 1.699085 -0.462207 1.255751 6.838432
65.001 1.619619 -0.448481 1.263644 6.919075
65.101 1.622787 -0.438978 1.237464 6.929092
65.202 1.625932 -0.430417 1.206048 6.938212
65.302 1.630962 -0.418331 1.151943 6.951303
65.401 1.634865 -0.409921 1.129254 6.960575
65.501 1.640276 -0.398965 1.103074 6.972794
65.602 1.649958 -0.380590 1.069913 6.993564
65.701 1.655162 -0.371336 1.053856 7.004181
65.805 1.660490 -0.362103 1.043384 7.014840
65.904 1.668843 -0.348284 1.014935 7.030988
66.001 1.637911 -0.287489 1.014029 7.099199
66.102 1.588742 -0.201688 1.007552 7.198090
66.201 1.596412 -0.190271 0.958683 7.211845
66.301 1.605921 -0.177525 0.908068 7.227747
66.401 1.612783 -0.169087 0.873162 7.238624
66.501 1.624498 -0.156103 0.817137 7.256111
66.601 1.631350 -0.148864 0.806490 7.266079
66.702 1.638627 -0.141418 0.792353 7.276491
66.802 1.652647 -0.127305 0.785023 7.296383
66.901 1.661118 -0.118871 0.779612 7.308337
67.008 1.669146 -0.110977 0.775947 7.319596
67.101 1.681781 -0.098688 0.768791 7.337222
67.201 1.689649 -0.091112 0.765126 7.348144
67.301 1.703376 -0.077959 0.763206 7.367156
67.401 1.711768 -0.069916 0.763206 7.378780
67.501 1.724529 -0.057709 0.763206 7.396439
67.606 1.732888 -0.049764 0.759541 7.407971
67.701 1.745913 -0.037432 0.755876 7.425908
67.802 1.756117 -0.027813 0.755876 7.439931
67.902 1.766964 -0.017663 0.741913 7.454787
68.001 1.774386 -0.010945 0.734757 7.464797
68.102 1.782733 -0.003578 0.719049 7.475930
68.202 1.797945 0.009362 0.699327 7.495902
68.303 1.806995 0.016770 0.680128 7.507597
68.402 1.820832 0.027802 0.669482 7.525293
68.501 1.832804 0.037120 0.653425 7.540464
68.602 1.841497 0.043738 0.649760 7.551389
68.702 1.854967 0.053864 0.642429 7.568241
68.801 1.864177 0.060724 0.638764 7.579726
68.902 1.873883 0.067912 0.635099 7.591803
69.001 1.890818 0.080173 0.620962 7.612711
69.102 1.900015 0.086692 0.615726 7.623984
69.201 1.909447 0.097549 0.613686 7.638366
69.301 1.925319 0.175776 0.607222 7.718186
69.403 1.939875 0.185599 0.582788 7.735746
69.501 1.946497 0.189953 0.579297 7.743672
69.602 1.961287 0.199243 0.553117 7.761138
69.701 1.975451 0.207544 0.519956 7.777554
69.801 1.982117 0.211329 0.512975 7.785220
69.902 1.995226 0.218487 0.492031 7.800157
70.002 2.009997 0.226374 0.488540 7.816901
70.102 2.022804 0.233165 0.486795 7.831397
70.201 2.033050 0.238587 0.486795 7.842989
70.302 2.049171 0.247120 0.486795 7.861230
70.402 2.056361 0.250915 0.485049 7.869360
70.501 2.074277 0.260358 0.485049 7.889612
70.605 2.081911 0.264381 0.485049 7.898241
70.701 2.100009 0.273920 0.485049 7.918699
70.801 2.110239 0.279311 0.485049 7.930262
70.902 2.120732 0.284841 0.485049 7.942123
71.001 2.138857 0.294400 0.486795 7.962615
71.101 2.149009 0.299762 0.486795 7.974096
71.202 2.159500 0.305314 0.486795 7.985965
71.302 2.177788 0.315151 0.499012 8.006732
71.401 2.187894 0.320735 0.507739 8.018277
71.502 2.197326 0.326015 0.511229 8.029087
71.601 2.211910 0.334343 0.528683 8.045881
71.702 2.223233 0.341067 0.537409 8.059050
71.806 2.233061 0.347099 0.560099 8.070582
71.901 2.247923 0.356537 0.570570 8.088187
72.007 2.261988 0.365910 0.601986 8.105090
72.101 2.268335 0.370381 0.617694 8.112853
72.204 2.282194 0.380598 0.649110 8.130070
72.301 2.296025 0.391513 0.682446 8.147690
72.401 2.328082 0.450351 0.667148 8.214694
72.510 2.341204 0.461052 0.696644 8.231626
72.603 2.353921 0.471938 0.710782 8.248367
72.702 2.360189 0.477334 0.710782 8.256636
72.801 2.369142 0.485061 0.712527 8.268463
72.901 2.384360 0.498162 0.707116 8.288544
73.002 2.393174 0.505667 0.703626 8.300120
73.101 2.401874 0.513021 0.701706 8.311511
73.202 2.417062 0.525804 0.698041 8.331363
73.302 2.426146 0.533398 0.692805 8.343203
73.402 2.439234 0.544235 0.689140 8.360195
73.501 2.447705 0.551203 0.687394 8.371164
73.602 2.461285 0.562303 0.683729 8.388704
73.702 2.466965 0.566920 0.681809 8.396023
73.802 2.472417 0.571357 0.683729 8.403052
73.901 2.473146 0.571953 0.685474 8.403994
74.002 2.473116 0.571928 0.685474 8.404034
74.105 2.473116 0.571928 0.685474 8.404034
74.215 2.473116 0.571928 0.685474 8.404034
74.301 2.473116 0.571928 0.685474 8.404034
74.402 2.473116 0.571928 0.685474 8.404034
74.503 2.473116 0.571928 0.685474 8.404034
74.602 2.473116 0.571928 0.685474 8.404034
74.705 2.473116 0.571928 0.685474 8.404034
74.801 2.473116 0.571928 0.685474 8.404034
74.902 2.473116 0.571928 0.685474 8.404034
75.002 2.473116 0.571928 0.685474 8.404034
75.113 2.473116 0.571928 0.685474 8.404034
75.201 2.473116 0.571928 0.685474 8.404034
75.302 2.473116 0.571928 0.685474 8.404034
75.403 2.447303 0.596385 0.672405 8.439593
75.501 2.447303 0.596385 0.672405 8.439593
75.601 2.447303 0.596385 0.672405 8.439593
75.701 2.447303 0.596385 0.672405 8.439593
75.802 2.447303 0.596385 0.672405 8.439593
75.901 2.447303 0.596385 0.672405 8.439593
76.010 2.447303 0.596385 0.672405 8.439593
76.101 2.446913 0.596072 0.677641 8.440093
76.202 2.446049 0.595328 0.721274 8.441233
76.304 2.443731 0.593128 0.796324 8.444430
76.401 2.442240 0.591382 0.902963 8.446726
76.502 2.441091 0.589777 0.986565 8.448699
76.602 2.439507 0.586915 1.136663 8.451971
76.702 2.438677 0.584850 1.227420 8.454197
76.801 2.438129 0.583042 1.311196 8.456086
76.901 2.437703 0.580831 1.419406 8.458337
77.001 2.437468 0.577697 1.548561 8.461480
77.101 2.437542 0.575498 1.642808 8.463680
77.201 2.438015 0.572560 1.780689 8.466656
77.302 2.438653 0.570382 1.895881 8.468926
77.401 2.439259 0.568856 1.984893 8.470568
77.501 2.439605 0.568164 2.093278 8.471341
77.601 2.440134 0.567412 2.222258 8.472261
77.702 2.445612 0.558869 2.334405 8.482409
77.802 2.453700 0.532477 2.498764 8.510013
77.902 2.449435 0.534925 2.659334 8.514930
78.001 2.444126 0.537351 2.744856 8.520767
78.101 2.446639 0.537559 2.895447 8.523288
78.206 2.445334 0.537463 3.014853 8.524596
78.302 2.439943 0.537833 3.107355 8.529999
78.402 2.433187 0.537913 3.140516 8.536756
78.501 2.423719 0.537644 -3.097291 8.546228
78.605 2.422619 0.533007 -3.025199 8.550993
78.702 2.414552 0.529663 -2.963908 8.559726
78.801 2.400623 0.526610 -2.899330 8.573985
78.902 2.390425 0.523673 -2.827772 8.584597
79.002 2.383859 0.521021 -2.691636 8.591678
79.106 2.371856 0.477344 -2.748577 8.636975
79.202 2.365212 0.470016 -2.653630 8.646867
79.302 2.368471 0.472090 -2.500041 8.650730
79.401 2.370288 0.473598 -2.411029 8.653092
79.503 2.371926 0.475292 -2.302819 8.655448
79.602 2.372948 0.476548 -2.220963 8.657067
79.705 2.408570 0.515427 -2.056839 8.709797
79.801 2.407792 0.513712 -1.967827 8.711680
79.901 2.405215 0.505367 -1.815983 8.720414
80.001 2.403905 0.498535 -1.730462 8.727370
80.103 2.408007 0.494143 -1.623126 8.733380
80.203 2.421134 0.500227 -1.511092 8.747847
80.301 2.422340 0.488626 -1.439534 8.759511
80.401 2.424405 0.476916 -1.369721 8.771402
80.502 2.429683 0.457502 -1.258020 8.791520
80.602 2.431955 0.474881 -1.182275 8.809046
80.701 2.433809 0.526824 -1.068777 8.861022
80.802 2.438742 0.518510 -1.018162 8.870689
80.901 2.447801 0.504826 -0.962312 8.887101
81.001 2.452862 0.497801 -0.937877 8.895759
81.101 2.462868 0.484917 -0.892499 8.912072
81.201 2.471624 0.474526 -0.854101 8.925660
81.301 2.476145 0.455979 -0.840067 8.944750
81.402 2.483131 0.448356 -0.820868 8.955090
81.501 2.494110 0.437128 -0.777235 8.970794
81.601 2.504413 0.427349 -0.745819 8.984999
81.702 2.512907 0.419700 -0.730111 8.996429
81.801 2.523607 0.410290 -0.716148 9.010678
81.901 2.535315 0.400322 -0.696950 9.026055
82.002 2.543051 0.394027 -0.674261 9.036028
82.101 2.552622 0.386520 -0.656807 9.048192
82.202 2.565547 0.376943 -0.623646 9.064278
82.302 2.574348 0.370727 -0.609683 9.075054
82.401 2.585095 0.363378 -0.595546 9.088073
82.502 2.598382 0.354579 -0.574253 9.104009
82.601 2.608304 0.348313 -0.554880 9.115744
82.702 2.623516 0.339251 -0.525035 9.133450
82.801 2.635607 0.332542 -0.498855 9.147278
82.901 2.643161 0.328448 -0.495190 9.155871
83.002 2.651615 0.323939 -0.487859 9.165452
83.101 2.665074 0.317107 -0.466741 9.180546
83.203 2.674816 0.303728 -0.440876 9.197096
83.302 2.683768 0.282618 -0.389966 9.220025
83.401 2.699435 0.276234 -0.386300 9.236943
83.502 2.710641 0.271676 -0.386300 9.249041
83.601 2.721293 0.267366 -0.384555 9.260532
83.702 2.738060 0.260591 -0.384555 9.278616
83.801 2.747789 0.256685 -0.380890 9.289100
83.901 2.758785 0.252312 -0.377225 9.300934
84.004 2.777697 0.244930 -0.366404 9.321235
84.101 2.787735 0.241129 -0.357503 9.331968
84.202 2.801922 0.235924 -0.344936 9.347080
84.303 2.813487 0.231876 -0.330624 9.359333
84.402 2.822414 0.228856 -0.321723 9.368757
84.501 2.830094 0.226322 -0.314742 9.376845
84.601 2.845445 0.221677 -0.270934 9.392883
84.701 2.855433 0.219099 -0.239518 9.403198
84.801 2.865631 0.216850 -0.204612 9.413641
84.901 2.873209 0.215375 -0.180003 9.421361
85.002 2.883876 0.213694 -0.141605 9.432160
85.101 2.891860 0.212700 -0.111586 9.440205
85.203 2.902255 0.211921 -0.041598 9.450629
85.304 2.907805 0.211843 0.002035 9.456180
85.402 2.913231 0.212011 0.049159 9.461609
85.501 2.922471 0.212953 0.136426 9.470897
85.601 2.929070 0.214057 0.180059 9.477588
85.701 2.942885 0.217030 0.235909 9.491719
85.801 2.949776 0.218760 0.246381 9.498823
85.901 2.950708 0.218995 0.246381 9.499784
86.001 2.950650 0.218980 0.246381 9.499843
86.102 2.985289 0.141476 0.311440 9.584736
86.202 2.990679 0.122954 0.281640 9.604026
86.301 2.990443 0.122907 0.203100 9.604266
86.401 2.990822 0.122973 0.145504 9.604651
86.502 2.990782 0.122962 0.061728 9.604692
86.602 2.995517 0.123238 0.058238 9.609435
86.701 3.002562 0.123649 0.058238 9.616492
86.801 3.016237 0.124510 0.065219 9.630194
86.902 3.027755 0.125331 0.079182 9.641741
87.004 3.039104 0.126287 0.091399 9.653130
87.102 3.050040 0.127385 0.103616 9.664122
87.201 3.069659 0.129784 0.131541 9.683886
87.301 3.080844 0.131417 0.150740 9.695190
87.401 3.092416 0.133268 0.161212 9.706909
87.502 3.112988 0.136815 0.176920 9.727785
87.601 3.123340 0.138732 0.183901 9.738312
87.701 3.133642 0.140672 0.187392 9.748796
87.802 3.153354 0.144494 0.196119 9.768875
87.902 3.162212 0.146254 0.196119 9.777907
88.001 3.201454 0.273986 0.141349 9.911530
88.101 3.214367 0.298965 0.137206 9.939649
88.202 3.225130 0.300587 0.159896 9.950534
88.301 3.245204 0.304298 0.207020 9.970948
88.401 3.256602 0.306975 0.245417 9.982656
88.501 3.268006 0.310092 0.280323 9.994479
88.602 3.286984 0.315633 0.285559 10.014250
88.701 3.297767 0.318799 0.285559 10.025487
88.802 3.315003 0.324259 0.313485 10.043567
88.901 3.325507 0.327868 0.341410 10.054675
89.001 3.339828 0.332973 0.336174 10.069878
89.106 3.356077 0.338544 0.323957 10.087055
89.201 3.366582 0.341964 0.308249 10.098103
89.303 3.380194 0.346079 0.282069 10.112323
89.401 3.397172 0.350679 0.250653 10.129913
89.508 3.409154 0.353550 0.227964 10.142234
89.602 3.421768 0.356248 0.201784 10.155134
89.702 3.435821 0.358906 0.179094 10.169436
89.801 3.445012 0.360786 0.215746 10.178817
89.910 3.458112 0.363948 0.252398 10.192294
90.001 3.472370 0.368243 0.322211 10.207184
90.101 3.481595 0.371562 0.365845 10.216988
90.202 3.491262 0.375589 0.411223 10.227461
90.301 3.509946 0.384736 0.491508 10.248263
90.403 3.519735 0.390201 0.517688 10.259475
90.501 3.529178 0.395821 0.547359 10.270463
90.602 3.538440 0.401696 0.577029 10.281432
90.702 3.555770 0.413063 0.584360 10.302157
90.801 3.565494 0.419526 0.588025 10.313833
90.902 3.538538 0.509310 0.722448 10.407575
91.002 3.540242 0.525333 0.742557 10.423689
91.102 3.548243 0.532601 0.728420 10.434498
91.201 3.557354 0.540576 0.705556 10.446606
91.301 3.566204 0.547809 0.670824 10.458036
91.401 3.573919 0.553678 0.635917 10.467730
91.501 3.580409 0.558318 0.607817 10.475708
91.601 3.590741 0.565200 0.574656 10.488122
91.701 3.599296 0.570519 0.545160 10.498195
91.802 3.602005 0.572206 0.564359 10.501386
91.902 3.602005 0.572205 0.597694 10.501387
92.001 3.602051 0.572229 0.648309 10.501439
92.102 3.601871 0.572092 0.681470 10.501666
92.201 3.602717 0.572777 0.679725 10.502755
92.302 3.602778 0.572827 0.679725 10.502834
92.407 3.602763 0.572814 0.679725 10.502854
92.506 3.602763 0.572814 0.679725 10.502854
92.601 3.602763 0.572814 0.679725 10.502854
92.702 3.609351 0.572970 0.681914 10.509444
92.804 3.615194 0.573108 0.683861 10.515289
92.903 3.614014 0.572115 0.706550 10.516831
93.002 3.611959 0.570230 0.765891 10.519620
93.102 3.610367 0.568593 0.819997 10.521903
93.203 3.608191 0.565993 0.914244 10.525294
93.307 3.607287 0.564729 0.998020 10.526848
93.402 3.607429 0.564977 1.085287 10.527133
93.501 3.607458 0.565053 1.176044 10.527214
93.601 3.607379 0.564761 1.333123 10.527516
93.701 3.607298 0.564290 1.425626 10.527994
93.801 3.607253 0.563831 1.586196 10.528455
93.902 3.607251 0.563750 1.673463 10.528537
94.001 3.607052 0.564957 1.758984 10.529761
94.101 3.606729 0.566012 1.914318 10.530864
94.201 3.593297 0.496632 2.108031 10.601532
94.301 3.556459 0.441469 2.273134 10.667865
94.401 3.547876 0.450179 2.398797 10.680094
94.504 3.535730 0.460335 2.479083 10.695926
94.602 3.544720 0.465729 2.520917 10.706411
94.701 3.595668 0.475853 2.613659 10.758355
94.803 3.583296 0.482432 2.678237 10.772368
94.901 3.573049 0.487129 2.734087 10.783639
95.001 3.562933 0.491430 2.739323 10.794632
95.102 3.560406 0.492498 2.744559 10.797376
95.201 3.545459 0.498431 2.777720 10.813457
95.301 3.545185 0.504524 2.707814 10.819556
95.402 3.539294 0.507177 2.721776 10.826016
95.501 3.518584 0.515693 2.782863 10.848409
95.602 3.505668 0.520177 2.826496 10.862082
95.701 3.494401 0.523655 2.853025 10.873873
95.802 3.477113 0.528300 2.898229 10.891773
95.901 3.463215 0.531477 2.929645 10.906031
96.021 3.452054 0.533769 2.945353 10.917424
96.111 3.435794 0.536588 2.987241 10.933927
96.201 3.419527 0.538816 3.016911 10.950346
96.301 3.411272 0.539769 3.029129 10.958656
96.402 3.359410 0.616483 3.078036 11.051255
96.506 3.344949 0.617150 3.111197 11.065732
96.602 3.333556 0.617294 3.139123 11.077126
96.703 3.317230 0.616947 -3.102175 11.093455
96.802 3.304325 0.616243 -3.072504 11.106379
96.901 3.292575 0.615290 -3.058541 11.118168
97.002 3.275529 0.613572 -3.035678 11.135300
97.102 3.258901 0.611625 -3.014559 11.152042
97.201 3.250658 0.610468 -2.991870 11.160365
97.302 3.231664 0.606878 -2.932529 11.179696
97.401 3.217972 0.603603 -2.901113 11.193774
97.501 3.207446 0.600939 -2.890641 11.204632
97.602 3.192255 0.596821 -2.859225 11.220371
97.702 3.179722 0.592954 -2.829554 11.233488
97.801 3.169291 0.589503 -2.820828 11.244474
97.902 3.152359 0.583772 -2.813672 11.262350
98.001 3.138164 0.578937 -2.811752 11.277346
98.104 3.128224 0.492220 -2.816493 11.364630
98.202 3.111500 0.486504 -2.806021 11.382305
98.306 3.100938 0.482731 -2.792059 11.393521
98.401 3.085001 0.476767 -2.779841 11.410537
98.501 3.070831 0.471222 -2.763784 11.425753
98.601 3.057492 0.465835 -2.753138 11.440138
98.701 3.047207 0.461535 -2.740920 11.451286
98.801 3.032165 0.454996 -2.721722 11.467688
98.901 3.020092 0.449438 -2.702523 11.480979
99.001 3.010055 0.444482 -2.671107 11.492173
99.101 2.994073 0.435957 -2.634455 11.510286
99.201 2.983982 0.430172 -2.615082 11.521918
99.301 2.968403 0.420824 -2.592218 11.540086
99.404 2.955755 0.412995 -2.586982 11.554961
99.501 2.945884 0.406875 -2.585237 11.566576
99.601 2.930998 0.397607 -2.583492 11.584111
99.708 2.918774 0.389946 -2.580001 11.598538
99.802 2.909053 0.383854 -2.581746 11.610009
99.905 2.893858 0.374305 -2.581746 11.627956
100.002 2.881751 0.366694 -2.580001 11.642257
100.101 2.871956 0.360525 -2.578256 11.653832
100.202 2.856226 0.350609 -2.578256 11.672427
100.301 2.846375 0.344380 -2.578256 11.684081
100.402 2.831117 0.334725 -2.576510 11.702138
100.501 2.818678 0.326788 -2.571274 11.716894
100.601 2.808846 0.320464 -2.566038 11.728584
100.701 2.793228 0.310292 -2.562548 11.747222
100.802 2.783159 0.303709 -2.562548 11.759252
100.902 2.767967 0.293765 -2.560802 11.777409
101.001 2.755680 0.285714 -2.559057 11.792099
101.101 2.745485 0.279022 -2.560802 11.804294
101.202 2.739511 0.205773 -2.514389 11.877787
101.301 2.729832 0.168790 -2.498517 11.916016
101.403 2.721577 0.162736 -2.510734 11.926253
101.506 2.713239 0.156747 -2.522952 11.936519
101.601 2.697285 0.145772 -2.549131 11.955883
101.702 2.688209 0.139772 -2.559778 11.966763
101.802 2.674158 0.130764 -2.580896 11.983454
101.902 2.661933 0.123175 -2.589798 11.997843
102.001 2.652445 0.117490 -2.607600 12.008903
102.101 2.636854 0.108409 -2.619992 12.026946
102.201 2.626723 0.102611 -2.621737 12.038619
102.302 2.611230 0.093767 -2.623483 12.056459
102.401 2.598469 0.086563 -2.630464 12.071113
102.502 2.588455 0.080953 -2.632209 12.082591
102.603 2.575745 0.074040 -2.661880 12.097060
102.701 2.560165 0.066301 -2.698706 12.114455
102.801 2.549892 0.061525 -2.705513 12.125785
102.902 2.533436 0.053924 -2.709178 12.143911
103.001 2.520526 0.047971 -2.709178 12.158128
103.101 2.509765 0.043004 -2.709178 12.169980
103.201 2.493266 0.035407 -2.709178 12.188143
103.302 2.479851 0.029226 -2.709178 12.202914
103.401 2.466526 0.023076 -2.709178 12.217590
103.501 2.455591 0.018006 -2.707433 12.229642
103.601 2.445218 0.013191 -2.707433 12.241079
103.701 2.426372 0.004415 -2.705513 12.261868
103.802 2.415706 -0.000382 -2.724712 12.273563
103.901 2.404847 -0.005088 -2.740420 12.285398
104.001 2.385897 -0.013086 -2.740420 12.305966
104.101 2.374973 -0.017737 -2.738674 12.317840
104.201 2.364379 -0.022302 -2.731693 12.329375
104.301 2.346902 -0.029948 -2.726457 12.348451
104.401 2.335598 0.052352 -2.739358 12.431523
104.501 2.318921 0.044849 -2.707768 12.449811
104.601 2.308617 0.040015 -2.702532 12.461192
104.701 2.295560 0.033883 -2.702532 12.475617
104.801 2.280965 0.026798 -2.678097 12.491841
104.901 2.271320 0.021841 -2.664134 12.502685
105.001 2.256632 0.013803 -2.625737 12.519428
105.101 2.243886 0.006288 -2.596066 12.534225
105.201 2.233852 0.000011 -2.573552 12.546061
105.301 2.222343 -0.007578 -2.552433 12.559846
105.401 2.207936 -0.017511 -2.522763 12.577346
105.501 2.199245 -0.023805 -2.507055 12.588076
105.601 2.188430 -0.031998 -2.482620 12.601644
105.701 2.175108 -0.042628 -2.452949 12.618688
105.801 2.166456 -0.049820 -2.447713 12.629938
105.901 2.154922 -0.059542 -2.437241 12.645023
106.001 2.141942 -0.070804 -2.416298 12.662208
106.101 2.134020 -0.077980 -2.398844 12.672897
106.201 2.121235 -0.089836 -2.391863 12.690334
106.301 2.110463 -0.099887 -2.390118 12.705067
106.401 2.101924 -0.107932 -2.382962 12.716798
106.501 2.091401 -0.117973 -2.377551 12.731343
106.601 2.079050 -0.130010 -2.365334 12.748589
106.701 2.070725 -0.138255 -2.360098 12.760307
106.801 2.058054 -0.150929 -2.352768 12.778228
106.901 2.047741 -0.161401 -2.347357 12.792925
107.001 2.039425 -0.169940 -2.341947 12.804845
107.101 2.027810 -0.181983 -2.336536 12.821576
107.202 2.017610 -0.192699 -2.327635 12.836370
107.301 2.009632 -0.201193 -2.322224 12.848023
107.401 2.024423 -0.291837 -2.225076 12.939867
107.501 2.019871 -0.320374 -2.205500 12.968764
107.602 2.013173 -0.329356 -2.222954 12.979968
107.703 2.006810 -0.337546 -2.240407 12.990340
107.801 1.994500 -0.352684 -2.266936 13.009851
107.901 1.987432 -0.360971 -2.282818 13.020743
108.003 1.979636 -0.369711 -2.307078 13.032455
108.101 1.965470 -0.384684 -2.343730 13.053067
108.202 1.957377 -0.392916 -2.348966 13.064611
108.301 1.949142 -0.401201 -2.355948 13.076293
108.401 1.934770 -0.415493 -2.359438 13.096561
108.501 1.926258 -0.423950 -2.359438 13.108560
108.601 1.915784 -0.434378 -2.357693 13.123340
108.701 1.903501 -0.446725 -2.352457 13.140756
108.802 1.895229 -0.455094 -2.347221 13.152524
108.901 1.887039 -0.463440 -2.345476 13.164216
109.002 1.872321 -0.478745 -2.328022 13.185450
109.101 1.864393 -0.487259 -2.315805 13.197084
109.201 1.856802 -0.495649 -2.300097 13.208398
109.301 1.844429 -0.509886 -2.275313 13.227260
109.401 1.837275 -0.518504 -2.257511 13.238460
109.501 1.829772 -0.527819 -2.240058 13.250422
109.601 1.817510 -0.543850 -2.211783 13.270604
109.701 1.811091 -0.552745 -2.188920 13.281573
109.801 1.804670 -0.562115 -2.160994 13.292933
109.901 1.795156 -0.576862 -2.131324 13.310483
110.002 1.786440 -0.591448 -2.096417 13.327474
110.101 1.782041 -0.599165 -2.085945 13.336357
110.201 1.773778 -0.614350 -2.059765 13.353645
110.301 1.765703 -0.630276 -2.031840 13.371500
110.407 1.759002 -0.643956 -2.024859 13.386733
110.502 1.753984 -0.654364 -2.019623 13.398288
110.602 1.750766 -0.705433 -1.923161 13.449459
110.701 1.745907 -0.723451 -1.898389 13.468121
110.801 1.742289 -0.734442 -1.882681 13.479692
110.901 1.737981 -0.748261 -1.863483 13.494167
111.004 1.733273 -0.764637 -1.840793 13.511206
111.102 1.730284 -0.775755 -1.830321 13.522719
111.201 1.727356 -0.787101 -1.821595 13.534437
111.301 1.723688 -0.801527 -1.818104 13.549321
111.401 1.719462 -0.818267 -1.818104 13.566587
111.501 1.716558 -0.829724 -1.819849 13.578406
111.601 1.711663 -0.849268 -1.812868 13.598554
111.701 1.708846 -0.860721 -1.809377 13.610348
111.802 1.706039 -0.872373 -1.805887 13.622333
111.901 1.701389 -0.892116 -1.798905 13.642616
112.001 1.698996 -0.903008 -1.781452 13.653768
112.102 1.696924 -0.913296 -1.760508 13.664262
112.203 1.693271 -0.933218 -1.748291 13.684517
112.301 1.691299 -0.944762 -1.737819 13.696228
112.401 1.689365 -0.956480 -1.732583 13.708104
112.501 1.687500 -0.967977 -1.730663 13.719752
112.601 1.684397 -0.987737 -1.723333 13.739754
112.701 1.682761 -0.998937 -1.714431 13.751073
112.801 1.681145 -1.010409 -1.710766 13.762659
112.901 1.678257 -1.031546 -1.703436 13.783992
113.001 1.676824 -1.042646 -1.696455 13.795184
113.102 1.674855 -1.058758 -1.689124 13.811415
113.201 1.672839 -1.076126 -1.683539 13.828900
113.301 1.671795 -1.085546 -1.679874 13.838378
113.401 1.669897 -1.103870 -1.667482 13.856800
113.501 1.668562 -1.118069 -1.661897 13.871061
113.601 1.693957 -1.119843 -1.643696 13.896519
113.701 1.767874 -1.107249 -1.604378 13.971501
113.801 1.767399 -1.121625 -1.609439 13.985885
113.901 1.766647 -1.138740 -1.620435 14.003017
114.001 1.766023 -1.149737 -1.631256 14.014032
114.101 1.765352 -1.159851 -1.640332 14.024168
114.201 1.763480 -1.179748 -1.687805 14.044153
114.301 1.761867 -1.191564 -1.719046 14.056078
114.401 1.759485 -1.206640 -1.729693 14.071341
114.501 1.757551 -1.218566 -1.733358 14.083423
114.601 1.754684 -1.235943 -1.735103 14.101034
114.701 1.752772 -1.247370 -1.737023 14.112620
114.801 1.749383 -1.267569 -1.737023 14.133102
114.901 1.747394 -1.279424 -1.737023 14.145123
115.001 1.745414 -1.290868 -1.749240 14.156737
115.101 1.741902 -1.309558 -1.763203 14.175753
115.201 1.739793 -1.320283 -1.763203 14.186684
115.302 1.737578 -1.331549 -1.764948 14.198166
115.401 1.734717 -1.345921 -1.770184 14.212820
115.501 1.731269 -1.362681 -1.775420 14.229930
115.601 1.728875 -1.374115 -1.777166 14.241613
115.701 1.725729 -1.388985 -1.778911 14.256812
115.801 1.722099 -1.406177 -1.777166 14.274383
115.903 1.719689 -1.417767 -1.775420 14.286221
116.001 1.715437 -1.438329 -1.778911 14.307218
116.101 1.713020 -1.449751 -1.780656 14.318892
116.201 1.710629 -1.460748 -1.787637 14.330146
116.301 1.708309 -1.471129 -1.791128 14.340783
116.401 1.703978 -1.489875 -1.801600 14.360024
116.501 1.701042 -1.502160 -1.808581 14.372654
116.601 1.697020 -1.518693 -1.810327 14.389669
116.701 1.716274 -1.541052 -1.817516 14.419177
116.801 1.779382 -1.582790 -1.835513 14.494838
116.901 1.773099 -1.602554 -1.908816 14.515577
117.001 1.769095 -1.613138 -1.943723 14.526893
117.102 1.764848 -1.623329 -1.978630 14.537933
117.201 1.756632 -1.640754 -2.022263 14.557198
117.303 1.752174 -1.649807 -2.030990 14.567289
117.402 1.745092 -1.664129 -2.025754 14.583267
117.501 1.738769 -1.677261 -2.013536 14.597842
117.602 1.735048 -1.685156 -2.010046 14.606569
117.701 1.728478 -1.699738 -1.983866 14.622564
117.803 1.724295 -1.709465 -1.978630 14.633152
117.902 1.719639 -1.719931 -1.992592 14.644606
118.002 1.710895 -1.738593 -2.022263 14.665216
118.101 1.706171 -1.748060 -2.041462 14.675795
118.201 1.698364 -1.762940 -2.060660 14.692599
118.301 1.691139 -1.776011 -2.085095 14.707534
118.401 1.685550 -1.785785 -2.092076 14.718793
118.501 1.680011 -1.795221 -2.106039 14.729735
118.601 1.670238 -1.811395 -2.121747 14.748632
118.702 1.665222 -1.819428 -2.132219 14.758103
118.802 1.661463 -1.825357 -2.135709 14.765123
118.901 1.659729 -1.828090 -2.137629 14.768359
119.002 1.659219 -1.828910 -2.109529 14.769325
119.102 1.658883 -1.829503 -2.062405 14.770007
119.201 1.658819 -1.829605 -1.996083 14.770127
119.302 1.658813 -1.829633 -1.950704 14.770155
119.416 1.658641 -1.830078 -1.910562 14.770633
119.501 1.658852 -1.829453 -1.842494 14.771293
119.602 1.658783 -1.829725 -1.804097 14.771574
119.702 1.658778 -1.829748 -1.755228 14.771598
119.809 1.723909 -1.818504 -1.647870 14.837692
119.903 1.723897 -1.818704 -1.628672 14.837892
120.001 1.723764 -1.822557 -1.606157 14.841747
120.101 1.723259 -1.835590 -1.613487 14.854789
120.201 1.722892 -1.843563 -1.622389 14.862772
120.301 1.722501 -1.850802 -1.626054 14.870021
120.406 1.721753 -1.862995 -1.619422 14.882237
120.502 1.721643 -1.866550 -1.589751 14.885793
120.601 1.721662 -1.869006 -1.544372 14.888250
120.705 1.722843 -1.882333 -1.444889 14.901629
120.802 1.724648 -1.893080 -1.380311 14.912526
120.907 1.727433 -1.904824 -1.312244 14.924596
121.006 1.734029 -1.924589 -1.205779 14.945433
121.101 1.738529 -1.935041 -1.139456 14.956812
121.207 1.723817 -1.937621 -1.070045 14.971748
121.305 1.732013 -1.953282 -0.976737 14.989424
121.401 1.738311 -1.961996 -0.926122 15.000175
121.501 1.746485 -1.972128 -0.870272 15.013194
121.601 1.756700 -1.983271 -0.800459 15.028310
121.701 1.766856 -1.993098 -0.749844 15.042442
121.805 1.775395 -2.000664 -0.711447 15.053851
121.906 1.788049 -2.010883 -0.657342 15.070116
122.003 1.798040 -2.018188 -0.615454 15.082492
122.110 1.807368 -2.038196 -0.601640 15.104568
122.201 1.821362 -2.075550 -0.576284 15.144457
122.301 1.831059 -2.081619 -0.553595 15.155897
122.404 1.845318 -2.089934 -0.509962 15.172404
122.501 1.856516 -2.095928 -0.482037 15.185104
122.601 1.864775 -2.100047 -0.450621 15.194334
122.701 1.876810 -2.105445 -0.403497 15.207524
122.802 1.893094 -2.111688 -0.340839 15.224964
122.902 1.904456 -2.115367 -0.298777 15.236907
123.001 1.915720 -2.118523 -0.258634 15.248604
123.101 1.934378 -2.122810 -0.197548 15.267748
123.201 1.944834 -2.124638 -0.160896 15.278364
123.301 1.955461 -2.126079 -0.122673 15.289088
123.401 1.993299 -2.164004 -0.066258 15.342660
123.501 2.004995 -2.164780 -0.066258 15.354382
123.602 2.017493 -2.165661 -0.078301 15.366910
123.701 2.036832 -2.167570 -0.114953 15.386343
123.805 2.048308 -2.168964 -0.125599 15.397904
123.901 2.059979 -2.170577 -0.143052 15.409685
124.001 2.080083 -2.173817 -0.162251 15.430049
124.101 2.091036 -2.175610 -0.162251 15.441148
124.201 2.102896 -2.177541 -0.160506 15.453164
124.301 2.122573 -2.180700 -0.156841 15.473093
124.401 2.134369 -2.182598 -0.160506 15.485041
124.501 2.151329 -2.185364 -0.162251 15.502225
124.602 2.163477 -2.187572 -0.193667 15.514572
124.701 2.177716 -2.190678 -0.232239 15.529146
124.802 2.193283 -2.194860 -0.287915 15.545264
124.902 2.203304 -2.198064 -0.322821 15.555785
125.001 2.213583 -2.201766 -0.357728 15.566711
125.102 2.233009 -2.209776 -0.415498 15.587724
125.201 2.243140 -2.214498 -0.448485 15.598900
125.306 2.253604 -2.219804 -0.481646 15.610634
125.401 2.271467 -2.229656 -0.511491 15.631033
125.501 2.281228 -2.235182 -0.516902 15.642249
125.601 2.331845 -2.250345 -0.636249 15.695089
125.701 2.345823 -2.260671 -0.636249 15.712468
125.802 2.354841 -2.267364 -0.639740 15.723698
125.902 2.364568 -2.274602 -0.639740 15.735822
126.016 2.380486 -2.286164 -0.611814 15.755496
126.101 2.389229 -2.292071 -0.583889 15.766048
126.201 2.397889 -2.297556 -0.554393 15.776299
126.301 2.413936 -2.306719 -0.493307 15.794777
126.401 2.423915 -2.311897 -0.473759 15.806020
126.501 2.433703 -2.316687 -0.444263 15.816917
126.601 2.452140 -2.325083 -0.419305 15.837176
126.702 2.462540 -2.329608 -0.403422 15.848517
126.801 2.472790 -2.333914 -0.394521 15.859635
126.901 2.488524 -2.340251 -0.373053 15.876597
127.001 2.496570 -2.343303 -0.357171 15.885203
127.101 2.507154 -2.347080 -0.334307 15.896441
127.201 2.514704 -2.349628 -0.320170 15.904409
127.301 2.526122 -2.353211 -0.292419 15.916376
127.401 2.536479 -2.356239 -0.285263 15.927166
127.506 2.546629 -2.359226 -0.287009 15.937747
127.603 2.554024 -2.361397 -0.283343 15.945453
127.702 2.555055 -2.361698 -0.283343 15.946528
127.801 2.565360 -2.325903 -0.249502 15.983777
127.902 2.574948 -2.280936 -0.207162 16.029754
128.014 2.574889 -2.280924 -0.208907 16.029815
128.103 2.574732 -2.280890 -0.210827 16.029975
128.202 2.574655 -2.280874 -0.212573 16.030054
128.301 2.574654 -2.280874 -0.214493 16.030055
128.401 2.574637 -2.280870 -0.218158 16.030073
128.501 2.574578 -2.280857 -0.219903 16.030133
128.601 2.574539 -2.280848 -0.221823 16.030173
128.702 2.574245 -2.280781 -0.225488 16.030474
128.803 2.574129 -2.280754 -0.225488 16.030593
128.901 2.574250 -2.280782 -0.229153 16.030718
129.001 2.574460 -2.280832 -0.230899 16.030933
129.102 2.574945 -2.280947 -0.234564 16.031432
129.201 2.575149 -2.280996 -0.236484 16.031641
129.302 2.575168 -2.281000 -0.240149 16.031661
129.401 2.574973 -2.280952 -0.243814 16.031861
129.501 2.574661 -2.280874 -0.247479 16.032183
129.601 2.574411 -2.280810 -0.249225 16.032441
129.702 2.574391 -2.280805 -0.254810 16.032461
129.810 2.574391 -2.280805 -0.256555 16.032462
129.902 2.574256 -2.280769 -0.260220 16.032601
130.001 2.574160 -2.280744 -0.260220 16.032701
130.102 2.574275 -2.280775 -0.265805 16.032821
130.202 2.574334 -2.280791 -0.267551 16.032881
130.301 2.574391 -2.280807 -0.271216 16.032941
130.401 2.574507 -2.280839 -0.273136 16.033061
130.501 2.574644 -2.280878 -0.276801 16.033203
130.602 2.574644 -2.280878 -0.278546 16.033203
130.701 2.574489 -2.280833 -0.282211 16.033363
130.801 2.574431 -2.280816 -0.284131 16.033424
130.901 2.575630 -2.285316 -0.298380 16.038081
131.001 2.577897 -2.316959 -0.394356 16.069805
131.101 2.577934 -2.316975 -0.396101 16.069845
131.201 2.577971 -2.316990 -0.398021 16.069885
131.301 2.577934 -2.316975 -0.401686 16.069925
131.401 2.577804 -2.316919 -0.405352 16.070067
131.501 2.577877 -2.316951 -0.407097 16.070147
131.601 2.577915 -2.316967 -0.412682 16.070188
131.701 2.578025 -2.317016 -0.414427 16.070308
131.801 2.578208 -2.317097 -0.418092 16.070508
131.902 2.578283 -2.317130 -0.421758 16.070590
132.002 2.578154 -2.317072 -0.423677 16.070731
132.101 2.578117 -2.317055 -0.425423 16.070772
132.201 2.578008 -2.317006 -0.427343 16.070891
132.301 2.577771 -2.316898 -0.431008 16.071152
132.402 2.577536 -2.316789 -0.434673 16.071411
132.502 2.577645 -2.316840 -0.436418 16.071532
132.601 2.577807 -2.316916 -0.438338 16.071712
132.701 2.578188 -2.317095 -0.443749 16.072132
132.802 2.578496 -2.317243 -0.445669 16.072474
132.901 2.578728 -2.317354 -0.447414 16.072731
133.003 2.579035 -2.317501 -0.447414 16.073072
133.104 2.582426 -2.319129 -0.447414 16.076833
133.201 2.589652 -2.322588 -0.445669 16.084845
133.301 2.598443 -2.326799 -0.447414 16.094592
133.401 2.608946 -2.331835 -0.447414 16.106240
133.501 2.616120 -2.335278 -0.447414 16.114197
133.601 2.628644 -2.341280 -0.445669 16.128086
133.701 2.635722 -2.344669 -0.447414 16.135932
133.802 2.646331 -2.349749 -0.445669 16.147695
133.901 2.651672 -2.352308 -0.447414 16.153618
134.001 2.678566 -2.364242 -0.542654 16.183040
134.108 2.688649 -2.370303 -0.540908 16.194805
134.201 2.692003 -2.372326 -0.542654 16.198721
134.314 2.704010 -2.379555 -0.542654 16.212737
134.402 2.711035 -2.383782 -0.540908 16.220935
134.501 2.720698 -2.389585 -0.540908 16.232207
134.601 2.731116 -2.395843 -0.540908 16.244361
134.701 2.736462 -2.399049 -0.538989 16.250594
134.803 2.748782 -2.406440 -0.540908 16.264961
134.901 2.755550 -2.410506 -0.540908 16.272856
135.001 2.762294 -2.414548 -0.538989 16.280718
135.101 2.769219 -2.418689 -0.538989 16.288788
135.201 2.781505 -2.426047 -0.540908 16.303108
135.306 2.787965 -2.429923 -0.538989 16.310642
135.401 2.794399 -2.433787 -0.540908 16.318147
135.501 2.806253 -2.440881 -0.538989 16.331961
135.601 2.813066 -2.444956 -0.538989 16.339900
135.702 2.823536 -2.451218 -0.538989 16.352100
135.801 2.830302 -2.455264 -0.538989 16.359983
135.901 2.842908 -2.462786 -0.537243 16.374663
136.002 2.849175 -2.466526 -0.538989 16.381962
136.106 2.857700 -2.471604 -0.537243 16.391884
136.203 2.860808 -2.473451 -0.535323 16.395499
136.301 2.865168 -2.476057 -0.538989 16.400579
136.401 2.872038 -2.480153 -0.537243 16.408577
136.502 2.879322 -2.484492 -0.537243 16.417056
136.602 2.885727 -2.488308 -0.537243 16.424511
136.701 2.897756 -2.495473 -0.537243 16.438512
136.801 2.904434 -2.499451 -0.537243 16.446285
136.902 2.910944 -2.503329 -0.537243 16.453863
137.001 2.922645 -2.510291 -0.537243 16.467478
137.101 2.923849 -2.511008 -0.537243 16.468879
137.201 2.957927 -2.483344 -0.529240 16.512773
137.304 2.957927 -2.483344 -0.529240 16.512773
137.416 2.957927 -2.483344 -0.529240 16.512773
137.501 2.957927 -2.483344 -0.529240 16.512773
137.601 2.957927 -2.483344 -0.529240 16.512773
137.702 2.957927 -2.483344 -0.529240 16.512773
137.802 2.957842 -2.483294 -0.529240 16.512872
137.901 2.957946 -2.483355 -0.529240 16.512993
138.001 2.957980 -2.483375 -0.529240 16.513032
138.102 2.957911 -2.483335 -0.529240 16.513113
138.201 2.957928 -2.483345 -0.529240 16.513133
138.301 2.957928 -2.483345 -0.529240 16.513133
138.401 2.957928 -2.483345 -0.529240 16.513133
138.501 2.957963 -2.483365 -0.529240 16.513173
138.601 2.957963 -2.483365 -0.529240 16.513173
138.701 2.957963 -2.483365 -0.529240 16.513173
138.801 2.957979 -2.483374 -0.529240 16.513191
138.901 2.957979 -2.483374 -0.529240 16.513191
139.001 2.957979 -2.483374 -0.529240 16.513191
139.101 2.957979 -2.483374 -0.529240 16.513191
139.201 2.957979 -2.483374 -0.529240 16.513191
139.301 2.957979 -2.483374 -0.529240 16.513191
139.401 2.957979 -2.483374 -0.529240 16.513191
139.502 2.957979 -2.483374 -0.529240 16.513191
139.602 2.957979 -2.483374 -0.529240 16.513191
139.701 2.957979 -2.483374 -0.529240 16.513191
139.801 2.957979 -2.483374 -0.529240 16.513191
139.902 2.957979 -2.483374 -0.529240 16.513191
140.001 2.957979 -2.483374 -0.529240 16.513191
140.101 2.957979 -2.483374 -0.529240 16.513191
140.201 2.953227 -2.479510 -0.526902 16.519317
140.301 2.951162 -2.477830 -0.525888 16.521979
140.401 2.951162 -2.477830 -0.525888 16.521979
140.502 2.951162 -2.477830 -0.525888 16.521979
140.602 2.951162 -2.477830 -0.525888 16.521979
140.701 2.951162 -2.477830 -0.525888 16.521979
140.801 2.951162 -2.477830 -0.525888 16.521979
140.901 2.951162 -2.477830 -0.525888 16.521979
141.003 2.951162 -2.477830 -0.525888 16.521979
141.101 2.951162 -2.477830 -0.525888 16.521979
141.201 2.951162 -2.477830 -0.525888 16.521979
141.301 2.951162 -2.477830 -0.525888 16.521979
141.401 2.951162 -2.477830 -0.525888 16.521979
141.501 2.951162 -2.477830 -0.525888 16.521979
141.601 2.951162 -2.477830 -0.525888 16.521979
141.701 2.951162 -2.477830 -0.525888 16.521979
141.801 2.951162 -2.477830 -0.525888 16.521979
141.901 2.951162 -2.477830 -0.525888 16.521979
142.001 2.951162 -2.477830 -0.525888 16.521979
142.101 2.951162 -2.477830 -0.525888 16.521979
142.201 2.951162 -2.477830 -0.525888 16.521979
142.301 2.951162 -2.477830 -0.525888 16.521979
142.401 2.951162 -2.477830 -0.525888 16.521979
142.501 2.951162 -2.477830 -0.525888 16.521979
142.601 2.951162 -2.477830 -0.525888 16.521979
142.701 2.951162 -2.477830 -0.525888 16.521979
142.801 2.951162 -2.477830 -0.525888 16.521979
142.902 2.951162 -2.477830 -0.525888 16.521979
143.001 2.951162 -2.477830 -0.525888 16.521979
143.101 2.951162 -2.477830 -0.525888 16.521979
143.201 2.951162 -2.477830 -0.525888 16.521979
143.301 2.951162 -2.476268 -0.525888 16.523541
143.401 2.951162 -2.476268 -0.525888 16.523541
143.502 2.951162 -2.476268 -0.525888 16.523541
143.601 2.951162 -2.476268 -0.525888 16.523541
143.701 2.951162 -2.476268 -0.525888 16.523541
143.802 2.951162 -2.476268 -0.525888 16.523541
143.902 2.951162 -2.476268 -0.525888 16.523541
144.001 2.951162 -2.476268 -0.525888 16.523541
144.101 2.951179 -2.476277 -0.525888 16.523560
144.201 2.951179 -2.476277 -0.525888 16.523560
144.301 2.951179 -2.476278 -0.525888 16.523561
144.401 2.951179 -2.476278 -0.525888 16.523561
144.502 2.951179 -2.476278 -0.525888 16.523561
144.601 2.951179 -2.476278 -0.525888 16.523561
144.701 2.951179 -2.476278 -0.525888 16.523561
144.801 2.951179 -2.476278 -0.525888 16.523561
144.902 2.951179 -2.476278 -0.525888 16.523561
145.001 2.951179 -2.476278 -0.525888 16.523561
145.101 2.951179 -2.476278 -0.525888 16.523561
145.201 2.951179 -2.476278 -0.525888 16.523561
145.301 2.951179 -2.476278 -0.525888 16.523561
145.401 2.951179 -2.476278 -0.525888 16.523561
145.501 2.951179 -2.476278 -0.525888 16.523561
145.601 2.951179 -2.476278 -0.525888 16.523561
145.701 2.951179 -2.476278 -0.525888 16.523561
145.801 2.951179 -2.476278 -0.525888 16.523561
145.901 2.951179 -2.476278 -0.525888 16.523561
146.001 2.951179 -2.476278 -0.525888 16.523561
146.101 2.951179 -2.476278 -0.525888 16.523561
146.201 2.951179 -2.476278 -0.525888 16.523561
146.301 2.951179 -2.476278 -0.525888 16.523561
146.401 2.951178 -2.476911 -0.525890 16.524195
146.501 2.951177 -2.477839 -0.525892 16.525122
146.601 2.951177 -2.477839 -0.525892 16.525122
146.701 2.951177 -2.477839 -0.525892 16.525122
146.801 2.951177 -2.477839 -0.525892 16.525122
146.902 2.951177 -2.477839 -0.525892 16.525122
147.001 2.951177 -2.477839 -0.525892 16.525122
147.101 2.951177 -2.477839 -0.525892 16.525122
147.201 2.951177 -2.477839 -0.525892 16.525122
147.301 2.951177 -2.477839 -0.525892 16.525122
147.401 2.951177 -2.477839 -0.525892 16.525122
147.501 2.951177 -2.477839 -0.525892 16.525122
147.602 2.951177 -2.477839 -0.525892 16.525122
147.701 2.951177 -2.477839 -0.525892 16.525122
147.801 2.951177 -2.477839 -0.525892 16.525122
147.901 2.951177 -2.477839 -0.525892 16.525122
148.001 2.951177 -2.477839 -0.525892 16.525122
148.101 2.951177 -2.477839 -0.525892 16.525122
148.201 2.951160 -2.477829 -0.525892 16.525141
148.302 2.951160 -2.477829 -0.525892 16.525141
148.401 2.951160 -2.477829 -0.525892 16.525141
148.502 2.951160 -2.477829 -0.525892 16.525141
148.601 2.951160 -2.477829 -0.525892 16.525141
148.701 2.951160 -2.477829 -0.525892 16.525141
148.802 2.951160 -2.477829 -0.525892 16.525141
148.901 2.951160 -2.477829 -0.525892 16.525141
149.001 2.951160 -2.477829 -0.525892 16.525141
149.101 2.951160 -2.477829 -0.525892 16.525141
149.201 2.951160 -2.477829 -0.525892 16.525141
149.301 2.951160 -2.477829 -0.525892 16.525141
149.401 2.951160 -2.477829 -0.525892 16.525141
149.502 2.951274 -2.477840 -0.525772 16.525255
149.601 2.952639 -2.477971 -0.524332 16.526627
149.701 2.952639 -2.477971 -0.524332 16.526627
149.801 2.952639 -2.477971 -0.524332 16.526627
149.901 2.952639 -2.477971 -0.524332 16.526627
150.001 2.952639 -2.477971 -0.524332 16.526627
150.101 2.952639 -2.477971 -0.524332 16.526627
