# t_sec x y yaw_rad cum_dist_m
0.102 -0.000000 -0.000000 -0.000000 0.000000
0.201 -0.000000 -0.000000 -0.000000 0.000000
0.301 -0.000000 -0.000000 -0.000000 0.000000
0.401 -0.000284 -0.000001 0.010472 0.000284
0.501 -0.000500 -0.000005 0.024609 0.000500
0.601 -0.000318 0.000003 0.064752 0.000682
0.701 -0.000158 0.000016 0.090932 0.000844
0.801 -0.000357 -0.000007 0.117112 0.001044
0.901 -0.000517 -0.000024 0.157254 0.001205
1.001 -0.000320 0.000011 0.188670 0.001405
1.101 -0.000690 -0.000066 0.223577 0.001782
1.201 -0.000652 -0.000058 0.248011 0.001822
1.302 -0.000577 -0.000041 0.291645 0.001898
1.401 -0.000462 -0.000003 0.326551 0.002020
1.501 -0.000518 -0.000022 0.350986 0.002079
1.601 -0.001056 -0.000235 0.391128 0.002658
1.702 -0.000891 -0.000162 0.424290 0.002838
1.802 -0.001090 -0.000259 0.453960 0.003060
1.901 -0.001146 -0.000285 0.488867 0.003121
2.002 -0.001041 -0.000227 0.518537 0.003241
2.108 -0.001162 -0.000298 0.558680 0.003381
2.203 -0.001313 -0.000395 0.590096 0.003561
2.301 -0.001577 -0.000583 0.621686 0.003885
2.401 -0.001433 -0.000471 0.660084 0.004067
2.501 0.034901 0.030359 0.712780 0.051719
2.602 0.034677 0.030158 0.737215 0.052019
2.701 0.034487 0.029981 0.775786 0.052279
2.802 0.034738 0.030235 0.812438 0.052636
2.902 0.034581 0.030064 0.836873 0.052868
3.001 0.034343 0.029793 0.861482 0.053230
3.104 0.034605 0.030147 0.929550 0.053670
3.201 0.034641 0.030195 0.941767 0.053731
3.302 0.034355 0.029786 0.966376 0.054230
3.401 0.034319 0.029756 1.013500 0.054277
3.501 0.034442 0.029958 1.032699 0.054514
3.601 0.034030 0.029224 1.081568 0.055355
3.701 0.034137 0.029434 1.113159 0.055590
3.801 0.034103 0.029362 1.134277 0.055670
3.901 0.034181 0.029550 1.183321 0.055873
4.002 0.034146 0.029456 1.207755 0.055974
4.101 0.075411 0.020363 1.248592 0.098229
4.201 0.075567 0.020878 1.295716 0.098768
4.302 0.075529 0.020722 1.325387 0.098929
4.402 0.075387 0.020119 1.355058 0.099549
4.501 0.075557 0.021046 1.400436 0.100492
4.602 0.075558 0.021045 1.426616 0.100493
4.701 0.075553 0.020992 1.456287 0.100546
4.801 0.075551 0.020992 1.496429 0.100547
4.901 0.075545 0.020852 1.526100 0.100688
5.001 0.075532 0.020392 1.555770 0.101148
5.101 0.075532 0.020352 1.604640 0.101187
5.203 0.075524 0.020492 1.630820 0.101327
5.304 0.075496 0.020882 1.653509 0.101718
5.403 0.075561 0.020317 1.700633 0.102287
5.501 0.075561 0.020319 1.723322 0.102289
5.601 0.038618 0.021219 1.754470 0.139242
5.703 0.038695 0.020888 1.806829 0.139582
5.801 0.038635 0.021123 1.826028 0.139825
5.901 0.038767 0.020668 1.874897 0.140299
6.003 0.038686 0.020911 1.901077 0.140556
6.102 0.038822 0.020543 1.929002 0.140949
6.201 0.038866 0.020423 1.956928 0.141077
6.301 0.038780 0.020627 2.002306 0.141298
6.401 0.038928 0.020323 2.031977 0.141636
6.501 0.038815 0.020535 2.073865 0.141877
6.602 0.038968 0.020274 2.101790 0.142180
6.702 0.039027 0.020168 2.143678 0.142301
6.801 0.038994 0.020217 2.173349 0.142360
6.901 0.039239 0.019872 2.196038 0.142783
7.001 0.039201 0.019919 2.229199 0.142844
7.102 0.039433 0.019645 2.274578 0.143203
7.201 0.039371 0.019715 2.300758 0.143297
7.301 0.033508 0.008532 2.348770 0.155923
7.403 0.033352 0.008092 2.385696 0.156391
7.503 0.033251 0.008186 2.410131 0.156529
7.602 0.033180 0.008252 2.450273 0.156626
7.701 0.033474 0.008015 2.478199 0.157003
7.802 0.033682 0.007862 2.513105 0.157263
7.901 0.033536 0.007965 2.551502 0.157442
8.001 0.033536 0.007973 2.589900 0.157450
8.109 0.033937 0.007733 2.624806 0.157917
8.203 0.033252 0.008104 2.652732 0.158696
8.301 0.033411 0.008027 2.685893 0.158873
8.401 0.033976 0.007762 2.727781 0.159497
8.501 0.033665 0.007894 2.759197 0.159834
8.609 0.063367 0.004917 2.803643 0.189686
8.701 0.071249 0.004233 2.830503 0.197597
8.801 0.071248 0.004233 2.853018 0.197598
8.901 0.071366 0.004205 2.894906 0.197720
9.001 0.071324 0.004214 2.929812 0.197762
9.104 0.071509 0.004180 2.962974 0.197950
9.201 0.071794 0.004133 2.987408 0.198239
9.302 0.071509 0.004166 3.034532 0.198526
9.401 0.071716 0.004151 3.064203 0.198733
9.501 0.072075 0.004128 3.095793 0.199093
9.601 0.071568 0.004145 3.135936 0.199601
9.701 0.072146 0.004153 -3.121070 0.200179
9.804 0.072205 0.004149 -3.086163 0.200238
9.901 0.071997 0.004136 -3.065219 0.200447
10.001 0.072280 0.004166 -3.021586 0.200732
10.106 0.072161 0.004149 -2.972717 0.200852
10.201 0.077609 0.006584 -2.956489 0.206820
10.302 0.096867 0.015386 -2.919678 0.227994
10.401 0.096735 0.015358 -2.874300 0.228129
10.501 0.096946 0.015419 -2.842884 0.228348
10.601 0.096908 0.015406 -2.818449 0.228389
10.701 0.096728 0.015340 -2.780052 0.228580
10.801 0.096802 0.015371 -2.746891 0.228660
10.901 0.097127 0.015517 -2.717220 0.229016
11.001 0.097003 0.015454 -2.678823 0.229155
11.101 0.096951 0.015428 -2.647407 0.229213
11.201 0.097524 0.015749 -2.617736 0.229869
11.301 0.097229 0.015568 -2.575848 0.230215
11.402 0.097252 0.015586 -2.553159 0.230243
11.501 0.097394 0.015675 -2.511271 0.230411
11.601 0.097442 0.015715 -2.469383 0.230473
11.701 0.097582 0.015822 -2.436222 0.230650
11.801 0.089652 0.015837 -2.396481 0.238579
11.901 0.085718 0.016322 -2.354015 0.242543
12.001 0.085692 0.016290 -2.320853 0.242584
12.101 0.085412 0.015979 -2.275475 0.243002
12.201 0.085654 0.016270 -2.256451 0.243381
12.301 0.085848 0.016521 -2.219624 0.243698
12.401 0.085836 0.016506 -2.179307 0.243718
12.503 0.085705 0.016311 -2.158363 0.243953
12.601 0.085637 0.016205 -2.114730 0.244079
12.701 0.085856 0.016587 -2.078078 0.244520
12.802 0.085815 0.016509 -2.055389 0.244608
12.902 0.085883 0.016655 -2.011756 0.244769
13.001 0.085817 0.016486 -1.971613 0.244950
13.101 0.085914 0.016726 -1.950669 0.245210
13.202 0.085949 0.016813 -1.920998 0.245303
13.301 0.085868 0.016583 -1.872129 0.245546
13.401 0.067832 0.037688 -1.865494 0.273308
13.501 0.067784 0.037497 -1.828842 0.273504
13.602 0.067773 0.037495 -1.788874 0.273516
13.701 0.067900 0.038122 -1.760775 0.274156
13.801 0.067870 0.037944 -1.711905 0.274337
13.901 0.067879 0.038026 -1.687296 0.274419
14.001 0.067933 0.038540 -1.655706 0.274936
14.102 0.067918 0.038300 -1.619228 0.275177
14.201 0.067915 0.038260 -1.575595 0.275218
14.301 0.067913 0.038420 -1.552731 0.275378
14.402 0.067916 0.038282 -1.516254 0.275517
14.501 0.067878 0.038803 -1.479427 0.276040
14.602 0.067910 0.038526 -1.454993 0.276319
14.702 0.067874 0.038723 -1.411360 0.276519
14.802 0.037582 0.051725 -1.331533 0.309483
14.902 0.037671 0.051378 -1.317570 0.309841
15.002 0.037615 0.051573 -1.272191 0.310044
15.101 0.037626 0.051553 -1.233794 0.310068
15.204 0.037662 0.051450 -1.219832 0.310177
15.302 0.037469 0.051949 -1.176198 0.310712
15.403 0.037485 0.051920 -1.148273 0.310745
15.501 0.037450 0.051989 -1.102894 0.310822
15.603 0.037384 0.052113 -1.076715 0.310963
15.701 0.037400 0.052082 -1.047044 0.310998
15.801 0.037387 0.052103 -1.003411 0.311022
15.901 0.037420 0.052054 -0.985957 0.311081
16.002 0.037203 0.052365 -0.956287 0.311460
16.102 0.037253 0.052296 -0.907418 0.311545
16.201 0.037101 0.052482 -0.888219 0.311786
16.303 0.036992 0.052633 -0.839350 0.311972
16.402 0.037021 0.052604 -0.813170 0.312013
16.502 0.030438 0.059796 -0.768240 0.321763
16.601 0.019906 0.071401 -0.693805 0.337435
16.701 0.019352 0.071843 -0.667625 0.338144
16.801 0.019322 0.071868 -0.639699 0.338182
16.901 0.019518 0.071727 -0.610029 0.338424
17.001 0.019358 0.071832 -0.568141 0.338615
17.102 0.019323 0.071853 -0.541961 0.338656
17.201 0.019411 0.071813 -0.494662 0.338752
17.301 0.019339 0.071850 -0.470053 0.338832
17.405 0.018930 0.072052 -0.435147 0.339289
17.502 0.018963 0.072037 -0.414028 0.339326
17.601 0.019168 0.071959 -0.366904 0.339545
17.702 0.019187 0.071951 -0.349277 0.339566
17.801 0.018691 0.072122 -0.326413 0.340091
17.902 0.018066 0.072329 -0.291506 0.340749
18.004 0.018702 0.072152 -0.260090 0.341408
18.114 -0.001224 0.038188 -0.194818 0.380786
18.201 -0.001299 0.038201 -0.173525 0.380862
18.301 -0.001240 0.038191 -0.144029 0.380923
18.401 -0.001380 0.038209 -0.114184 0.381064
18.501 -0.001261 0.038200 -0.068980 0.381183
18.601 -0.001540 0.038215 -0.039135 0.381462
18.701 -0.001819 0.038218 -0.002483 0.381741
18.801 -0.002120 0.038219 -0.004229 0.382042
18.901 -0.002261 0.038219 -0.004229 0.382183
19.001 -0.002261 0.038219 -0.004229 0.382183
19.103 -0.002261 0.038219 -0.004229 0.382183
19.201 -0.002261 0.038219 -0.004229 0.382183
19.301 -0.002261 0.038219 -0.004229 0.382183
19.402 -0.002261 0.038219 -0.004229 0.382183
19.501 -0.002261 0.038219 -0.004229 0.382183
19.601 -0.002261 0.038219 -0.004229 0.382183
19.702 -0.002261 0.038219 -0.004229 0.382183
19.802 -0.002261 0.038219 -0.004229 0.382183
19.902 -0.002261 0.038219 -0.004229 0.382183
20.001 -0.002261 0.038219 -0.004229 0.382183
20.101 -0.002261 0.038219 -0.004229 0.382183
20.201 -0.002261 0.038219 -0.004229 0.382183
20.302 -0.002261 0.038219 -0.004229 0.382183
20.402 -0.002261 0.038219 -0.004229 0.382183
20.501 -0.002261 0.038219 -0.004229 0.382183
20.602 -0.003383 0.038274 -0.061824 0.383306
20.703 -0.005638 0.038481 -0.112439 0.385571
20.801 -0.007903 0.038891 -0.238103 0.387873
20.903 -0.010493 0.039710 -0.344568 0.390589
21.003 -0.011188 0.039998 -0.435325 0.391342
21.101 -0.011873 0.040385 -0.569715 0.392128
21.201 -0.012027 0.040501 -0.655236 0.392321
21.301 -0.011844 0.040344 -0.784391 0.392563
21.402 0.087168 0.039342 -1.058565 0.491580
21.501 0.087374 0.038933 -1.145832 0.492038
21.602 0.089612 0.032500 -1.273241 0.498849
21.707 0.091954 0.022510 -1.383196 0.509110
21.802 0.101172 0.015140 -1.440821 0.520913
21.902 0.101735 0.006956 -1.538559 0.529115
22.002 0.101186 -0.007713 -1.648515 0.543795
22.102 0.099916 -0.018207 -1.716583 0.554366
22.203 0.097283 -0.031192 -1.807340 0.567615
22.302 0.107912 -0.055706 -1.859118 0.594333
22.403 0.102701 -0.070023 -1.962092 0.609569
22.501 0.097325 -0.081701 -2.030160 0.622425
22.605 0.089740 -0.095411 -2.106955 0.638093
22.703 0.083269 -0.105610 -2.152333 0.650172
22.802 0.074451 -0.118067 -2.209929 0.665434
22.913 0.063789 -0.131499 -2.265780 0.682583
23.002 0.065601 -0.156426 -2.286018 0.707576
23.101 0.065021 -0.187768 -2.317817 0.738923
23.202 0.056059 -0.196966 -2.361451 0.751766
23.301 0.048800 -0.203887 -2.392867 0.761796
23.402 0.036792 -0.214423 -2.439990 0.777771
23.505 0.027079 -0.222178 -2.485369 0.790200
23.601 0.019272 -0.228030 -2.508058 0.799957
23.701 0.007261 -0.236463 -2.544710 0.814632
23.801 -0.001042 -0.242100 -2.535984 0.824668
23.902 -0.000757 -0.298954 -2.516561 0.881523
24.002 -0.012372 -0.307566 -2.495617 0.895983
24.102 -0.021331 -0.314491 -2.479909 0.907306
24.201 -0.034331 -0.325189 -2.434530 0.924142
24.302 -0.045017 -0.334746 -2.396133 0.938479
24.401 -0.053025 -0.342389 -2.373444 0.949548
24.501 -0.063616 -0.352809 -2.355641 0.964405
24.601 -0.070360 -0.359572 -2.355641 0.973957
24.701 -0.070926 -0.360139 -2.355641 0.974758
24.801 -0.078356 -0.367805 -2.332952 0.985434
24.902 -0.087858 -0.378042 -2.306598 0.999401
25.001 -0.095481 -0.386754 -2.278672 1.010977
25.101 -0.106070 -0.399713 -2.240275 1.027712
25.202 -0.113489 -0.409439 -2.212350 1.039945
25.302 -0.119949 -0.418286 -2.196642 1.050900
25.401 -0.127430 -0.429177 -2.151263 1.064112
25.502 -0.134976 -0.441727 -2.086686 1.078756
25.601 -0.138671 -0.448265 -2.093668 1.086266
25.701 -0.139723 -0.450094 -2.091922 1.088377
25.801 -0.139494 -0.449695 -2.091922 1.088837
25.902 -0.139494 -0.449695 -2.091922 1.088837
26.001 -0.139494 -0.449695 -2.091922 1.088837
26.101 -0.110881 -0.420571 -2.038958 1.129665
26.201 -0.110881 -0.420571 -2.038958 1.129665
26.301 -0.110881 -0.420571 -2.038958 1.129665
26.402 -0.110881 -0.420571 -2.038958 1.129665
26.502 -0.110881 -0.420571 -2.038958 1.129665
26.605 -0.110881 -0.420571 -2.038958 1.129665
26.703 -0.110881 -0.420571 -2.038958 1.129665
26.801 -0.110881 -0.420571 -2.038958 1.129665
26.905 -0.110881 -0.420571 -2.038958 1.129665
27.004 -0.110881 -0.420571 -2.038958 1.129665
27.102 -0.110881 -0.420571 -2.038958 1.129665
27.201 -0.110881 -0.420571 -2.038958 1.129665
27.302 -0.110881 -0.420571 -2.038958 1.129665
27.402 -0.110881 -0.420571 -2.038958 1.129665
27.501 -0.110881 -0.420571 -2.038958 1.129665
27.602 -0.110881 -0.420571 -2.038958 1.129665
27.702 -0.110881 -0.420571 -2.038958 1.129665
27.801 -0.110881 -0.420571 -2.038958 1.129665
27.902 -0.110881 -0.420571 -2.038958 1.129665
28.001 -0.110881 -0.420571 -2.038958 1.129665
28.101 -0.110881 -0.420571 -2.038958 1.129665
28.202 -0.110881 -0.420571 -2.038958 1.129665
28.302 -0.110881 -0.420571 -2.038958 1.129665
28.401 -0.110881 -0.420571 -2.038958 1.129665
28.501 -0.110881 -0.420571 -2.038958 1.129665
28.601 -0.110881 -0.420571 -2.038958 1.129665
28.701 -0.110881 -0.420571 -2.038958 1.129665
28.806 -0.110881 -0.420571 -2.038958 1.129665
28.911 -0.110881 -0.420571 -2.038958 1.129665
29.001 -0.110881 -0.420571 -2.038958 1.129665
29.102 -0.108962 -0.407525 -2.048671 1.142851
29.201 -0.108962 -0.407525 -2.048671 1.142851
29.301 -0.108962 -0.407525 -2.048671 1.142851
29.402 -0.108962 -0.407525 -2.048671 1.142851
29.502 -0.108962 -0.407525 -2.048671 1.142851
29.601 -0.108962 -0.407525 -2.048671 1.142851
29.702 -0.108962 -0.407525 -2.048671 1.142851
29.802 -0.108962 -0.407525 -2.048671 1.142851
29.902 -0.108962 -0.407525 -2.048671 1.142851
30.001 -0.108962 -0.407525 -2.048671 1.142851
30.101 -0.108962 -0.407525 -2.048671 1.142851
30.201 -0.112380 -0.414264 -2.034709 1.150408
30.301 -0.115423 -0.420441 -2.024237 1.157293
30.401 -0.120099 -0.430313 -2.008529 1.168217
30.502 -0.126098 -0.443753 -1.978858 1.182936
30.601 -0.132648 -0.459817 -1.938716 1.200283
30.701 -0.137104 -0.471900 -1.912536 1.213161
30.802 -0.144229 -0.492596 -1.898573 1.235050
30.901 -0.147883 -0.503547 -1.891592 1.246594
31.001 -0.150254 -0.510611 -1.895082 1.254046
31.102 -0.151531 -0.514447 -1.886356 1.258088
31.203 -0.155999 -0.529325 -1.847958 1.273623
31.331 -0.157550 -0.534962 -1.837486 1.279469
31.401 -0.162287 -0.553954 -1.797344 1.299043
31.502 -0.164645 -0.564778 -1.776225 1.310121
31.602 -0.166508 -0.574428 -1.748300 1.319950
31.701 -0.169066 -0.590805 -1.709903 1.336525
31.801 -0.170461 -0.601990 -1.688784 1.347796
31.901 -0.171683 -0.613378 -1.670982 1.359250
32.001 -0.172936 -0.627058 -1.655100 1.372987
32.102 -0.174293 -0.646243 -1.630316 1.392220
32.201 -0.174836 -0.656964 -1.616179 1.402955
32.303 -0.142409 -0.703774 -1.579975 1.459900
32.401 -0.142310 -0.716289 -1.557460 1.472415
32.507 -0.142003 -0.738907 -1.557460 1.495036
32.602 -0.141932 -0.744213 -1.557460 1.500342
32.708 -0.141626 -0.767168 -1.557460 1.523299
32.802 -0.141521 -0.775782 -1.559205 1.531914
32.901 -0.141368 -0.789535 -1.561125 1.545668
33.001 -0.141085 -0.805371 -1.546988 1.561506
33.111 -0.140762 -0.816460 -1.540007 1.572600
33.201 -0.140212 -0.832332 -1.536516 1.588482
33.301 -0.139960 -0.839789 -1.538261 1.595942
33.402 -0.139354 -0.859169 -1.541752 1.615332
33.502 -0.139023 -0.871081 -1.543497 1.627249
33.602 -0.138734 -0.882588 -1.546988 1.638759
33.701 -0.138385 -0.898478 -1.550653 1.654653
33.809 -0.138067 -0.915129 -1.552573 1.671307
33.902 -0.137989 -0.919414 -1.552573 1.675593
34.001 -0.137764 -0.933292 -1.557809 1.689472
34.102 -0.137611 -0.947522 -1.563220 1.703703
34.201 -0.137591 -0.950977 -1.565139 1.707158
34.302 -0.137584 -0.952225 -1.565139 1.708406
34.401 -0.137570 -0.954734 -1.565139 1.710915
34.501 -0.137563 -0.956010 -1.565139 1.712192
34.601 -0.137549 -0.958411 -1.565139 1.714593
34.701 -0.137547 -0.958654 -1.568455 1.714835
34.801 -0.137485 -0.957498 -1.640014 1.715993
34.901 -0.137408 -0.956696 -1.676666 1.716798
35.003 -0.137321 -0.955859 -1.674921 1.717640
35.102 -0.137308 -0.955740 -1.674921 1.717760
35.201 -0.137261 -0.955455 -1.734262 1.718049
35.301 -0.137038 -0.954323 -1.784876 1.719202
35.402 -0.102163 -0.935912 -1.880371 1.758639
35.503 -0.101868 -0.935082 -1.934476 1.759519
35.602 -0.101505 -0.934194 -1.986836 1.760479
35.701 -0.101559 -0.934324 -2.047922 1.760620
35.801 -0.104143 -0.938875 -2.102028 1.765854
35.901 -0.108554 -0.945894 -2.150897 1.774143
36.002 -0.112638 -0.952018 -2.157878 1.781504
36.105 -0.113505 -0.953321 -2.157878 1.783070
36.201 -0.116165 -0.957183 -2.182313 1.787759
36.302 -0.121238 -0.964025 -2.225946 1.796277
36.401 -0.131919 -0.976648 -2.304486 1.812812
36.502 -0.140328 -0.985465 -2.348119 1.824996
36.601 -0.148769 -0.993567 -2.391752 1.836696
36.701 -0.164283 -1.006903 -2.461565 1.857155
36.802 -0.166183 -1.065483 -2.580475 1.915765
36.902 -0.178973 -1.072738 -2.653779 1.930469
37.001 -0.194572 -1.080059 -2.739475 1.947701
37.101 -0.204927 -1.084084 -2.791660 1.958811
37.202 -0.217030 -1.087946 -2.857983 1.971514
37.302 -0.234050 -1.092158 -2.927796 1.989049
37.415 -0.251050 -1.095177 -2.990628 2.006314
37.504 -0.261120 -1.096436 -3.032516 2.016463
37.601 -0.274908 -1.097577 -3.077720 2.030298
37.702 -0.286908 -1.098110 -3.109310 2.042310
37.802 -0.317785 -1.145117 -3.087210 2.098551
37.902 -0.332165 -1.145616 -3.122116 2.112940
38.001 -0.343362 -1.145587 3.124417 2.124137
38.102 -0.358793 -1.144807 3.068567 2.139587
38.202 -0.372078 -1.143473 3.024933 2.152939
38.302 -0.382869 -1.142022 2.997008 2.163827
38.415 -0.399142 -1.139201 2.951629 2.180342
38.501 -0.409856 -1.136938 2.921959 2.191293
38.601 -0.426447 -1.132946 2.895779 2.208358
38.701 -0.440101 -1.129262 2.869599 2.222501
38.801 -0.464803 -1.169219 2.841963 2.269476
38.901 -0.479185 -1.177702 2.826636 2.286174
39.001 -0.495444 -1.172095 2.796965 2.303372
39.102 -0.508697 -1.167065 2.765549 2.317548
39.202 -0.518946 -1.162891 2.747922 2.328615
39.307 -0.534618 -1.155982 2.709524 2.345742
39.401 -0.547570 -1.149807 2.686835 2.360091
39.501 -0.558025 -1.144584 2.672523 2.371777
39.601 -0.573273 -1.136672 2.660131 2.388956
39.702 -0.586256 -1.129796 2.651230 2.403647
39.801 -0.596625 -1.124224 2.645820 2.415419
39.902 -0.606276 -1.118909 2.636744 2.426436
40.002 -0.623637 -1.108937 2.612309 2.446458
40.101 -0.633800 -1.102886 2.598347 2.458286
40.202 -0.643994 -1.096699 2.593111 2.470209
40.304 -0.661241 -1.086060 2.584384 2.490475
40.401 -0.671543 -1.079641 2.584384 2.502613
40.501 -0.681432 -1.073462 2.582639 2.514273
40.601 -0.697533 -1.063190 2.566931 2.533372
40.701 -0.705666 -1.057853 2.558204 2.543100
40.801 -0.714845 -1.051700 2.547732 2.554150
40.901 -0.732004 -1.039945 2.532024 2.574950
41.001 -0.741352 -1.033442 2.533770 2.586337
41.102 -0.753537 -1.024954 2.533770 2.601187
41.201 -0.768167 -1.014744 2.532024 2.619027
41.304 -0.777898 -1.007931 2.530279 2.630906
41.401 -0.787501 -1.001220 2.535515 2.642622
41.502 -0.804120 -0.989746 2.539006 2.662817
41.603 -0.813804 -0.983078 2.537260 2.674575
41.706 -0.833350 -0.969341 2.525043 2.698465
41.802 -0.840490 -0.964269 2.523298 2.707224
41.902 -0.850226 -0.957337 2.523298 2.719175
42.004 -0.953278 -1.004738 2.506070 2.832606
42.102 -0.962057 -0.998263 2.506070 2.843515
42.201 -0.970964 -0.991653 2.500834 2.854606
42.301 -0.980561 -0.984416 2.492107 2.866626
42.408 -0.999677 -0.969591 2.469418 2.890817
42.501 -1.003441 -0.966573 2.464182 2.895642
42.604 -1.011924 -0.959643 2.448474 2.906596
42.703 -1.027577 -0.946066 2.410077 2.927316
42.801 -1.035726 -0.938628 2.397859 2.938350
42.901 -1.044060 -0.930820 2.385642 2.949770
43.002 -1.058331 -0.917006 2.366443 2.969631
43.101 -1.064682 -0.910769 2.362953 2.978533
43.202 -1.079314 -0.896161 2.343754 2.999209
43.302 -1.088605 -0.886493 2.329791 3.012617
43.401 -1.095845 -0.878756 2.319319 3.023214
43.501 -1.107795 -0.865661 2.305357 3.040942
43.601 -1.115757 -0.856708 2.291394 3.052923
43.701 -1.123187 -0.848143 2.280922 3.064262
43.801 -1.135878 -0.832925 2.252822 3.084076
43.902 -1.143104 -0.823902 2.238860 3.095637
44.002 -1.149623 -0.815579 2.229959 3.106209
44.102 -1.160492 -0.801090 2.210760 3.124321
44.201 -1.166666 -0.792803 2.215821 3.134655
44.301 -1.173105 -0.784286 2.219487 3.145333
44.402 -1.182822 -0.771607 2.228737 3.161306
44.501 -1.192443 -0.759427 2.246190 3.176828
44.601 -1.200449 -0.749646 2.265389 3.189468
44.702 -1.206082 -0.743052 2.286333 3.198141
44.801 -1.215999 -0.731820 2.295059 3.213124
44.906 -1.226156 -0.720386 2.298550 3.228418
45.001 -1.233892 -0.711734 2.302041 3.240023
45.103 -1.243836 -0.700734 2.309022 3.254852
45.202 -1.295744 -0.742973 2.320405 3.321774
45.302 -1.307721 -0.739515 2.321824 3.334240
45.411 -1.323378 -0.722422 2.292153 3.357420
45.502 -1.328129 -0.716841 2.271209 3.364750
45.601 -1.334303 -0.709293 2.250265 3.374501
45.702 -1.339952 -0.702075 2.230718 3.383666
45.801 -1.348969 -0.689846 2.190575 3.398861
45.906 -1.353888 -0.682768 2.167711 3.407480
46.002 -1.358273 -0.676095 2.143277 3.415465
46.101 -1.365291 -0.664642 2.101214 3.428897
46.201 -1.369150 -0.657916 2.092662 3.436651
46.302 -1.371233 -0.654361 2.101389 3.440772
46.402 -1.371812 -0.653373 2.101389 3.441917
46.501 -1.371579 -0.653755 2.145022 3.442364
46.605 -1.371799 -0.653424 2.178183 3.442762
46.701 -1.371993 -0.653169 2.242935 3.443083
46.801 -1.372206 -0.652908 2.256723 3.443419
46.901 -1.372348 -0.652734 2.256723 3.443644
47.001 -1.372348 -0.652734 2.256723 3.443644
47.102 -1.372348 -0.652734 2.256723 3.443644
47.202 -1.372298 -0.652795 2.256723 3.443722
47.301 -1.370700 -0.654999 2.172947 3.446445
47.407 -1.369594 -0.656723 2.117097 3.448493
47.501 -1.368581 -0.658748 1.984626 3.450757
47.601 -1.367705 -0.661065 1.893695 3.453234
47.703 -1.367298 -0.662473 1.806428 3.454700
47.801 -1.367299 -0.662432 1.647603 3.454740
47.901 -1.367291 -0.662628 1.556846 3.454936
48.002 -1.367646 -0.640218 1.331435 3.477349
48.102 -1.367227 -0.639009 1.197044 3.478629
48.201 -1.366740 -0.637994 1.081853 3.479755
48.301 -1.364232 -0.633920 0.994586 3.484539
48.401 -1.359235 -0.627204 0.884630 3.492910
48.502 -1.349831 -0.611110 0.772753 3.511550
48.601 -1.341593 -0.603748 0.689360 3.522598
48.701 -1.333100 -0.597419 0.609075 3.533191
48.801 -1.318055 -0.588720 0.458977 3.550569
48.902 -1.381510 -0.515535 0.351307 3.647433
49.002 -1.366430 -0.510794 0.276258 3.663240
49.101 -1.347539 -0.506472 0.192482 3.682619
49.204 -1.331796 -0.504150 0.112197 3.698532
49.307 -1.318789 -0.519996 0.070874 3.719033
49.402 -1.308406 -0.545269 0.043355 3.746355
49.508 -1.297667 -0.545120 -0.000278 3.757096
49.601 -1.286299 -0.545441 -0.043911 3.768468
49.713 -1.267176 -0.546956 -0.106743 3.787651
49.802 -1.256269 -0.548413 -0.148805 3.798655
49.927 -1.245239 -0.550336 -0.188773 3.809851
50.016 -1.226610 -0.554659 -0.256841 3.828976
50.103 -1.216245 -0.557624 -0.291748 3.839756
50.201 -1.193522 -0.465902 -0.311151 3.934251
50.303 -1.172497 -0.473167 -0.356704 3.956496
50.401 -1.164837 -0.476165 -0.381139 3.964722
50.503 -1.154184 -0.480670 -0.410809 3.976288
50.601 -1.136042 -0.489160 -0.456362 3.996319
50.701 -1.125385 -0.494573 -0.479052 4.008271
50.801 -1.116500 -0.499355 -0.503661 4.018361
50.902 -1.102942 -0.507226 -0.543803 4.034038
51.001 -1.093850 -0.512862 -0.557941 4.044736
51.101 -1.083815 -0.519306 -0.580455 4.056662
51.201 -1.072125 -0.527147 -0.598083 4.070738
51.302 -1.059189 -0.536168 -0.615711 4.086509
51.401 -1.049911 -0.542764 -0.619376 4.097892
51.501 -1.033200 -0.554763 -0.624961 4.118465
51.601 -1.023920 -0.561470 -0.626707 4.129914
51.702 -0.956247 -0.532872 -0.647420 4.203382
51.804 -0.940518 -0.544943 -0.663302 4.223209
51.903 -0.932417 -0.551399 -0.679185 4.233568
52.003 -0.920406 -0.561209 -0.691577 4.249076
52.101 -0.910481 -0.569515 -0.702049 4.262018
52.201 -0.901580 -0.577064 -0.705539 4.273688
52.302 -0.892522 -0.584807 -0.709030 4.285605
52.401 -0.877848 -0.597592 -0.722992 4.305067
52.502 -0.870144 -0.604479 -0.733464 4.315401
52.601 -0.862231 -0.611723 -0.749172 4.326129
52.701 -0.851592 -0.621911 -0.777098 4.340859
52.807 -0.834890 -0.638748 -0.799787 4.364576
52.901 -0.830859 -0.642925 -0.805023 4.370380
53.003 -0.817184 -0.657409 -0.822476 4.390300
53.106 -0.806131 -0.669539 -0.839930 4.406710
53.202 -0.802463 -0.673673 -0.846911 4.412237
53.302 -0.793000 -0.684562 -0.864364 4.426663
53.401 -0.781972 -0.697619 -0.871345 4.443754
53.502 -0.774596 -0.706510 -0.880072 4.455307
53.601 -0.765328 -0.717858 -0.888799 4.469958
53.701 -0.754239 -0.731622 -0.897525 4.487634
53.802 -0.747069 -0.740707 -0.909743 4.499207
53.902 -0.735074 -0.756478 -0.932432 4.519021
54.001 -0.728723 -0.765139 -0.941159 4.529761
54.101 -0.722379 -0.773966 -0.951631 4.540632
54.202 -0.712595 -0.787849 -0.958612 4.557615
54.303 -0.702266 -0.802613 -0.962103 4.575634
54.404 -0.697455 -0.809533 -0.963848 4.584063
54.501 -0.687688 -0.823694 -0.969084 4.601264
54.601 -0.679408 -0.835753 -0.969084 4.615893
54.701 -0.672322 -0.846092 -0.970829 4.628427
54.801 -0.662185 -0.860902 -0.970829 4.646374
54.901 -0.606317 -0.848118 -1.182080 4.703686
55.001 -0.603017 -0.856201 -1.183825 4.712417
55.101 -0.596368 -0.872518 -1.183825 4.730037
55.202 -0.590897 -0.885944 -1.183825 4.744534
55.302 -0.584211 -0.902325 -1.182080 4.762227
55.401 -0.579623 -0.913332 -1.173353 4.774152
55.502 -0.573905 -0.926888 -1.169862 4.788865
55.601 -0.566834 -0.943133 -1.154154 4.806582
55.701 -0.561979 -0.953991 -1.145428 4.818476
55.801 -0.557238 -0.964134 -1.127975 4.829672
55.901 -0.548319 -0.982167 -1.101795 4.849791
56.001 -0.542889 -0.992679 -1.087832 4.861622
56.102 -0.537282 -1.003148 -1.077360 4.873498
56.201 -0.528587 -1.018503 -1.040708 4.891144
56.301 -0.522173 -1.029100 -1.016273 4.903530
56.402 -0.511537 -1.045909 -1.000565 4.923422
56.504 -0.505368 -1.055436 -0.991839 4.934772
56.611 -0.498926 -1.065123 -0.976131 4.946405
56.701 -0.487358 -1.081853 -0.951696 4.966745
56.801 -0.480450 -1.091289 -0.930752 4.978440
56.901 -0.473335 -1.100589 -0.908063 4.990150
57.001 -0.460740 -1.116070 -0.874902 5.010107
57.101 -0.453353 -1.124691 -0.859194 5.021460
57.201 -0.443593 -1.135733 -0.838250 5.036197
57.301 -0.435776 -1.144248 -0.826033 5.047755
57.401 -0.423636 -1.157145 -0.810325 5.065467
57.501 -0.415502 -1.165552 -0.794442 5.077166
57.602 -0.400955 -1.180216 -0.785192 5.097821
57.706 -0.392663 -1.188462 -0.778036 5.109515
57.801 -0.382490 -1.198045 -0.744875 5.123491
57.901 -0.352703 -1.203299 -0.659049 5.153738
58.002 -0.299396 -1.199454 -0.537236 5.207183
58.101 -0.289823 -1.205090 -0.528334 5.218292
58.201 -0.279810 -1.210928 -0.526589 5.229883
58.301 -0.264205 -1.219981 -0.524669 5.247924
58.401 -0.253946 -1.225810 -0.514197 5.259723
58.501 -0.238130 -1.234620 -0.503376 5.277828
58.601 -0.224889 -1.241900 -0.501631 5.292938
58.701 -0.214592 -1.247534 -0.499711 5.304675
58.801 -0.198919 -1.256055 -0.494301 5.322515
58.901 -0.185721 -1.263150 -0.492555 5.337499
59.001 -0.175401 -1.268875 -0.508438 5.349301
59.101 -0.162409 -1.276315 -0.529556 5.364272
59.201 -0.151470 -1.282815 -0.540028 5.376997
59.301 -0.139148 -1.290433 -0.557481 5.391483
59.401 -0.126723 -1.298498 -0.583836 5.406296
59.501 -0.116720 -1.305190 -0.594482 5.418331
59.601 -0.102173 -1.315069 -0.598148 5.435915
59.701 -0.090510 -1.323040 -0.599893 5.450043
59.801 -0.080717 -1.329752 -0.601813 5.461915
59.901 -0.066655 -1.339405 -0.593086 5.478971
60.001 -0.055936 -1.346494 -0.582440 5.491823
60.104 -0.042732 -1.354952 -0.564812 5.507503
60.201 -0.038412 -1.357670 -0.559576 5.512607
60.301 -0.022711 -1.367368 -0.548755 5.531062
60.401 -0.013061 -1.373123 -0.531127 5.542297
60.501 -0.003351 -1.378716 -0.513674 5.553503
60.602 0.014439 -1.388627 -0.504598 5.573867
60.701 0.025161 -1.394471 -0.495697 5.586079
60.801 0.039367 -1.402009 -0.481211 5.602161
60.901 0.051469 -1.408241 -0.472309 5.615773
61.001 0.086101 -1.384945 -0.442133 5.657511
61.104 0.129901 -1.358634 -0.408321 5.708606
61.202 0.142781 -1.364316 -0.417397 5.722683
61.301 0.153180 -1.368972 -0.422807 5.734077
61.402 0.163570 -1.373719 -0.429963 5.745501
61.501 0.180242 -1.381493 -0.440958 5.763896
61.602 0.190390 -1.386311 -0.444624 5.775129
61.701 0.201480 -1.391638 -0.450034 5.787433
61.801 0.220126 -1.400701 -0.455619 5.808165
61.902 0.231043 -1.406063 -0.457365 5.820327
62.001 0.243993 -1.412436 -0.457365 5.834760
62.101 0.259816 -1.420273 -0.461030 5.852418
62.201 0.269006 -1.424843 -0.462950 5.862682
62.301 0.277400 -1.429051 -0.464695 5.872070
62.404 0.292523 -1.436663 -0.468360 5.889001
62.503 0.305045 -1.443008 -0.470280 5.903040
62.602 0.308422 -1.444728 -0.472025 5.906829
62.702 0.319410 -1.450324 -0.451256 5.919160
62.802 0.320652 -1.450892 -0.405877 5.920526
62.902 0.320665 -1.450892 -0.343046 5.920539
63.002 0.319947 -1.450679 -0.187711 5.921288
63.101 0.320227 -1.450717 -0.098699 5.921570
63.202 0.320147 -1.450713 -0.004452 5.921650
63.302 0.320385 -1.450694 0.136920 5.921889
63.402 0.320507 -1.450669 0.211969 5.922014
63.501 0.320574 -1.450647 0.285273 5.922084
63.601 0.306748 -1.405757 0.352515 5.969055
63.701 0.305780 -1.402789 0.410301 5.972177
63.802 0.310574 -1.400593 0.429500 5.977451
63.902 0.319630 -1.396445 0.429500 5.987412
64.002 0.326223 -1.393547 0.391103 5.994613
64.102 0.334130 -1.390630 0.324780 6.003040
64.201 0.339738 -1.388929 0.275911 6.008901
64.302 0.347042 -1.391062 0.183091 6.016511
64.402 0.349946 -1.413546 0.113824 6.039181
64.501 0.349809 -1.413571 0.152221 6.039321
64.602 0.349250 -1.413675 0.223779 6.039889
64.701 0.349767 -1.413538 0.274394 6.040424
64.803 0.349385 -1.413668 0.359915 6.040827
64.901 0.349625 -1.413560 0.433219 6.041091
65.001 0.348965 -1.413906 0.510188 6.041836
65.102 0.346410 -1.415589 0.635677 6.044896
65.205 0.344598 -1.417101 0.737081 6.047256
65.301 0.343165 -1.418518 0.808465 6.049270
65.401 0.341634 -1.420324 0.904458 6.051638
65.502 0.341183 -1.415188 1.077455 6.056795
65.601 0.340550 -1.416531 1.162976 6.058279
65.703 0.339516 -1.419590 1.314820 6.061508
65.802 0.339126 -1.421525 1.402087 6.063483
65.909 0.338892 -1.423657 1.492844 6.065627
66.009 0.338865 -1.425388 1.581856 6.067358
66.102 0.339207 -1.428865 1.737190 6.070852
66.203 0.339657 -1.430877 1.815730 6.072914
66.301 0.329957 -1.462333 1.914388 6.105831
66.402 0.331415 -1.465649 2.040052 6.109454
66.501 0.332140 -1.466943 2.111610 6.110938
66.601 0.333319 -1.468740 2.181423 6.113086
66.702 0.334597 -1.470387 2.261708 6.115171
66.802 0.335232 -1.471112 2.302025 6.116135
66.901 0.365515 -1.475209 2.448772 6.146694
67.001 0.367885 -1.475910 2.539346 6.149165
67.101 0.369442 -1.476800 2.675481 6.150959
67.202 0.370867 -1.477396 2.783692 6.152504
67.302 0.393090 -1.471941 2.933108 6.175386
67.402 0.395778 -1.472317 3.064008 6.178100
67.501 0.397223 -1.472364 3.128585 6.179546
67.605 0.401454 -1.471951 -2.957378 6.183797
67.703 0.402176 -1.471791 -2.915315 6.184537
67.803 0.505557 -1.515832 -2.847690 6.296908
67.901 0.508855 -1.514498 -2.687120 6.300465
68.001 0.510119 -1.513803 -2.599854 6.301907
68.102 0.508258 -1.515064 -2.517823 6.304156
68.201 0.505115 -1.517758 -2.369470 6.308295
68.302 0.503989 -1.515892 -2.271880 6.310474
68.402 0.501818 -1.516553 -2.179016 6.312743
68.501 0.498823 -1.521541 -2.068886 6.318561
68.601 0.495282 -1.529675 -1.946713 6.327433
68.702 0.491395 -1.541411 -1.857701 6.339796
68.803 0.449761 -1.499058 -1.758574 6.399186
68.903 0.447276 -1.521748 -1.617377 6.422012
69.001 0.447171 -1.533157 -1.556290 6.433422
69.112 0.448370 -1.550478 -1.463613 6.450784
69.207 0.449716 -1.560141 -1.411253 6.460540
69.301 0.421223 -1.505241 -1.389612 6.522394
69.401 0.423424 -1.515459 -1.342488 6.532846
69.501 0.426429 -1.526944 -1.298855 6.544718
69.601 0.432568 -1.545879 -1.230787 6.564623
69.701 0.436567 -1.556386 -1.194135 6.575865
69.801 0.441305 -1.567565 -1.157484 6.588007
69.901 0.449738 -1.586387 -1.098885 6.608632
70.001 0.436504 -1.642817 -1.112084 6.666593
70.101 0.441484 -1.652397 -1.078923 6.677390
70.201 0.451161 -1.668831 -1.009110 6.696461
70.301 0.457525 -1.678451 -0.974203 6.707995
70.401 0.463706 -1.687151 -0.939297 6.718668
70.502 0.473254 -1.699536 -0.893918 6.734307
70.601 0.480655 -1.708584 -0.879956 6.745996
70.702 0.494233 -1.724542 -0.852030 6.766949
70.802 0.502119 -1.733437 -0.841558 6.778836
70.906 0.516244 -1.748742 -0.811888 6.799663
71.003 0.524444 -1.757163 -0.792689 6.811417
71.101 0.542943 -1.793088 -0.789948 6.851825
71.202 0.559491 -1.819399 -0.758635 6.882907
71.301 0.572914 -1.831346 -0.706275 6.900877
71.402 0.581486 -1.838530 -0.690392 6.912061
71.502 0.594838 -1.849170 -0.667529 6.929134
71.601 0.606267 -1.858016 -0.653391 6.943586
71.702 0.615724 -1.865189 -0.644490 6.955457
71.801 0.628656 -1.874835 -0.637160 6.971589
71.901 0.635409 -1.879809 -0.630178 6.979976
72.001 0.648780 -1.889444 -0.619532 6.996457
72.101 0.662298 -1.898984 -0.610631 7.013003
72.202 0.669321 -1.903861 -0.603475 7.021553
72.301 0.682898 -1.913160 -0.598064 7.038009
72.401 0.697158 -1.922335 -0.552511 7.054966
72.501 0.704553 -1.926707 -0.526331 7.063557
72.601 0.719979 -1.935491 -0.515859 7.081308
72.703 0.735020 -1.943945 -0.503468 7.098562
72.801 0.742464 -1.947842 -0.477288 7.106964
72.901 0.757411 -1.955078 -0.431735 7.123571
73.001 0.773964 -1.962698 -0.429989 7.141793
73.102 0.782191 -1.966471 -0.429989 7.150844
73.206 0.798428 -1.973568 -0.403635 7.168564
73.303 0.817439 -1.981133 -0.365238 7.189026
73.402 0.822648 -1.983093 -0.356336 7.194591
73.501 0.837890 -1.988551 -0.333473 7.210781
73.601 0.857686 -1.988543 -0.302132 7.230577
73.702 0.894434 -1.919387 -0.199552 7.308890
73.801 0.910424 -1.922331 -0.169358 7.325149
73.901 0.926127 -1.924872 -0.156966 7.341056
74.001 0.934915 -1.926258 -0.155221 7.349953
74.101 0.951782 -1.928927 -0.156966 7.367030
74.201 0.969274 -1.931718 -0.158886 7.384743
74.301 0.978376 -1.933193 -0.160631 7.393963
74.401 0.995928 -1.936296 -0.186986 7.411788
74.501 1.012952 -1.939908 -0.228699 7.429191
74.602 1.019671 -1.941592 -0.253134 7.436117
74.701 1.032730 -1.945348 -0.296767 7.449706
74.803 1.047227 -1.950253 -0.344065 7.465010
74.903 1.059121 -1.954803 -0.378972 7.477745
75.002 1.069741 -1.959281 -0.410388 7.489270
75.102 1.084836 -1.966271 -0.447214 7.505905
75.204 1.092718 -1.970130 -0.461003 7.514681
75.301 1.108430 -1.978340 -0.494164 7.532409
75.401 1.121051 -1.985344 -0.517028 7.546843
75.501 1.131520 -1.991454 -0.532736 7.558965
75.601 1.145614 -2.000099 -0.560661 7.575499
75.701 1.159628 -2.009233 -0.587015 7.592226
75.801 1.166787 -2.014007 -0.590506 7.600832
75.901 1.243763 -2.039446 -0.597360 7.681902
76.001 1.253406 -2.046123 -0.613243 7.693631
76.101 1.262461 -2.052576 -0.622319 7.704750
76.201 1.276606 -2.063097 -0.655654 7.722379
76.301 1.288414 -2.072335 -0.673282 7.737371
76.401 1.297561 -2.079762 -0.683754 7.749154
76.505 1.310476 -2.090538 -0.699462 7.765974
76.605 1.321857 -2.100217 -0.709934 7.780915
76.702 1.330899 -2.108002 -0.711679 7.792845
76.802 1.343817 -2.119364 -0.727387 7.810050
76.901 1.354542 -2.129019 -0.734369 7.824480
77.002 1.363396 -2.137035 -0.736114 7.836423
77.102 1.376425 -2.148880 -0.737859 7.854032
77.201 1.386039 -2.157645 -0.739605 7.867042
77.307 1.397178 -2.167838 -0.741350 7.882141
77.401 1.405797 -2.175735 -0.743095 7.893831
77.502 1.418586 -2.187527 -0.744841 7.911226
77.602 1.424922 -2.193369 -0.744841 7.919844
77.701 1.433976 -2.201753 -0.746586 7.932184
77.807 1.453070 -2.219694 -0.758803 7.958384
77.902 1.457174 -2.223593 -0.760549 7.964045
78.002 1.465324 -2.231348 -0.760549 7.975295
78.101 1.480393 -2.245743 -0.762294 7.996135
78.202 1.488454 -2.253374 -0.755313 8.007235
78.303 1.496348 -2.260774 -0.751822 8.018055
78.401 1.510543 -2.274232 -0.765785 8.037616
78.501 1.518892 -2.282309 -0.771021 8.049232
78.601 1.530359 -2.293765 -0.791965 8.065441
78.701 1.539284 -2.302960 -0.805927 8.078256
78.802 1.545934 -2.309699 -0.788474 8.087723
78.901 1.556167 -2.319857 -0.774511 8.102142
79.001 1.566220 -2.329650 -0.771021 8.116177
79.101 1.574710 -2.337806 -0.762294 8.127949
79.202 1.628395 -2.332402 -0.885379 8.181906
79.303 1.636012 -2.341702 -0.883634 8.193927
79.401 1.646779 -2.354924 -0.890615 8.210979
79.502 1.655821 -2.366157 -0.894106 8.225399
79.601 1.662420 -2.374452 -0.902833 8.235998
79.701 1.671693 -2.386411 -0.918541 8.251131
79.801 1.678848 -2.395946 -0.935994 8.263052
79.901 1.685659 -2.405330 -0.948211 8.274648
80.001 1.690997 -2.412884 -0.962174 8.283897
80.101 1.698898 -2.424571 -0.984863 8.298005
80.202 1.704764 -2.433150 -0.967410 8.308397
80.302 1.714201 -2.446686 -0.953447 8.324897
80.401 1.722621 -2.458145 -0.925522 8.339118
80.502 1.729679 -2.467308 -0.904578 8.350684
80.601 1.740631 -2.480699 -0.873162 8.367983
80.702 1.750394 -2.492014 -0.845237 8.382928
80.802 1.757772 -2.500095 -0.824293 8.393870
80.901 1.768369 -2.511170 -0.799858 8.409198
81.001 1.778387 -2.521092 -0.771933 8.423298
81.101 1.786286 -2.528560 -0.747498 8.434169
81.201 1.796197 -2.537727 -0.745753 8.447669
81.301 1.807528 -2.548139 -0.742262 8.463058
81.401 1.815732 -2.555565 -0.733361 8.474123
81.501 1.824467 -2.563336 -0.722715 8.485815
81.602 1.839091 -2.576017 -0.710148 8.505171
81.702 1.846815 -2.582562 -0.701247 8.515295
81.803 1.854782 -2.589122 -0.681699 8.525615
81.901 1.869409 -2.600692 -0.655170 8.544265
82.003 1.878364 -2.607573 -0.655170 8.555559
82.101 1.888698 -2.615514 -0.655170 8.568591
82.201 1.900432 -2.624519 -0.655170 8.583383
82.302 1.907816 -2.630182 -0.653425 8.592688
82.401 2.023809 -2.561811 -0.533117 8.727331
82.501 2.036581 -2.569207 -0.524216 8.742090
82.603 2.046895 -2.575177 -0.526136 8.754007
82.702 2.059188 -2.582328 -0.527881 8.768229
82.802 2.072387 -2.590029 -0.529801 8.783510
82.901 2.081088 -2.595125 -0.529801 8.793594
83.002 2.089389 -2.599996 -0.531547 8.803219
83.101 2.101228 -2.606962 -0.533466 8.816955
83.201 2.107607 -2.610740 -0.535212 8.824369
83.301 2.114468 -2.614818 -0.537132 8.832351
83.401 2.119225 -2.617639 -0.533466 8.837881
83.502 2.119121 -2.617578 -0.533466 8.838002
83.603 2.119017 -2.617516 -0.533466 8.838122
83.704 2.122789 -2.619739 -0.533466 8.842501
83.801 2.129320 -2.623596 -0.533466 8.850085
83.902 2.139616 -2.629650 -0.531547 8.862030
84.001 2.146255 -2.633553 -0.531547 8.869731
84.102 2.154874 -2.638622 -0.531547 8.879730
84.201 2.165236 -2.644714 -0.531547 8.891750
84.301 2.172280 -2.648856 -0.531547 8.899921
84.402 2.182058 -2.654606 -0.531547 8.911265
84.501 2.190963 -2.659842 -0.531547 8.921595
84.601 2.197668 -2.663776 -0.531547 8.929369
84.702 2.206602 -2.669030 -0.531547 8.939734
84.801 2.217294 -2.675291 -0.529801 8.952124
84.902 2.224081 -2.679282 -0.531547 8.959997
85.002 2.230616 -2.683121 -0.529801 8.967577
85.104 2.246284 -2.692296 -0.529801 8.985733
85.201 2.249836 -2.694377 -0.529801 8.989850
85.301 2.283295 -2.683135 -0.553141 9.025147
85.401 2.294817 -2.690242 -0.551221 9.038684
85.503 2.301687 -2.694479 -0.553141 9.046756
85.602 2.308430 -2.698634 -0.551221 9.054676
85.701 2.320220 -2.705896 -0.553141 9.068523
85.801 2.326770 -2.709923 -0.551221 9.076212
85.902 2.336309 -2.715787 -0.551221 9.087409
86.001 2.343589 -2.720263 -0.551221 9.095955
86.103 2.353409 -2.726300 -0.551221 9.107483
86.202 2.361974 -2.731566 -0.551221 9.117536
86.301 2.369202 -2.736010 -0.551221 9.126021
86.401 2.376957 -2.740777 -0.551221 9.135125
86.501 2.387109 -2.747019 -0.551221 9.147042
86.601 2.394386 -2.751493 -0.551221 9.155584
86.701 2.400962 -2.755528 -0.549476 9.163299
86.801 2.412527 -2.762638 -0.551221 9.176875
86.901 2.419702 -2.767049 -0.551221 9.185298
87.001 2.427644 -2.771931 -0.551221 9.194621
87.101 2.436420 -2.777327 -0.551221 9.204923
87.201 2.446521 -2.783517 -0.551221 9.216769
87.301 2.454741 -2.788558 -0.549476 9.226412
87.401 2.462901 -2.793555 -0.549476 9.235981
87.501 2.469961 -2.797878 -0.549476 9.244259
87.601 2.479699 -2.803825 -0.549476 9.255669
87.704 2.491572 -2.811083 -0.547556 9.269585
87.801 2.496851 -2.814301 -0.547556 9.275767
87.901 2.505338 -2.819499 -0.549476 9.285720
88.002 2.512285 -2.823753 -0.549476 9.293866
88.101 2.522691 -2.830116 -0.547556 9.306063
88.201 2.527740 -2.833195 -0.547556 9.311977
88.302 2.536977 -2.838837 -0.547556 9.322801
88.411 2.538873 -2.839993 -0.547556 9.325021
88.501 2.586184 -2.828583 -0.553556 9.373688
88.601 2.592360 -2.832400 -0.553556 9.380949
88.701 2.602076 -2.838396 -0.553556 9.392367
88.801 2.610622 -2.843660 -0.551636 9.402403
88.904 2.617818 -2.848088 -0.551636 9.410852
89.003 2.630950 -2.856149 -0.551636 9.426261
89.101 2.635810 -2.859136 -0.549891 9.431965
89.202 2.642681 -2.863347 -0.549891 9.440024
89.301 2.650774 -2.868308 -0.549891 9.449517
89.401 2.661151 -2.874677 -0.549891 9.461692
89.501 2.667791 -2.878747 -0.549891 9.469480
89.606 2.670783 -2.880575 -0.547971 9.472987
89.705 2.670371 -2.880323 -0.547971 9.473470
89.805 2.670267 -2.880260 -0.547971 9.473591
89.901 2.670251 -2.880250 -0.547971 9.473611
90.001 2.670251 -2.880250 -0.547971 9.473611
90.101 2.670182 -2.880208 -0.547971 9.473692
90.201 2.670011 -2.880103 -0.547971 9.473892
90.302 2.670114 -2.880167 -0.547971 9.474013
90.401 2.669993 -2.880093 -0.547971 9.474155
90.501 2.669960 -2.880072 -0.547971 9.474194
90.601 2.670015 -2.880106 -0.547971 9.474259
90.701 2.670015 -2.880106 -0.547971 9.474259
90.801 2.670015 -2.880106 -0.547971 9.474259
90.901 2.670083 -2.880148 -0.547971 9.474339
91.002 2.670083 -2.880148 -0.547971 9.474339
91.101 2.670101 -2.880158 -0.547971 9.474359
91.202 2.670117 -2.880168 -0.547971 9.474379
91.301 2.670117 -2.880168 -0.547971 9.474379
91.401 2.670117 -2.880168 -0.547971 9.474379
91.501 2.675947 -2.851763 -0.555815 9.503376
91.602 2.675947 -2.851763 -0.555815 9.503376
91.701 2.675947 -2.851763 -0.555815 9.503376
91.802 2.675947 -2.851763 -0.555815 9.503376
91.901 2.675947 -2.851763 -0.555815 9.503376
92.001 2.675947 -2.851763 -0.555815 9.503376
92.101 2.675947 -2.851763 -0.555815 9.503376
92.201 2.675947 -2.851763 -0.555815 9.503376
92.301 2.675947 -2.851763 -0.555815 9.503376
92.401 2.675947 -2.851763 -0.555815 9.503376
92.501 2.675947 -2.851763 -0.555815 9.503376
92.601 2.675947 -2.851763 -0.555815 9.503376
92.701 2.675947 -2.851763 -0.555815 9.503376
92.802 2.675947 -2.851763 -0.555815 9.503376
92.901 2.675947 -2.851763 -0.555815 9.503376
93.001 2.675947 -2.851763 -0.555815 9.503376
93.106 2.675930 -2.851753 -0.555815 9.503396
93.201 2.675930 -2.851753 -0.555815 9.503396
93.301 2.675998 -2.851795 -0.555815 9.503476
93.401 2.675966 -2.851775 -0.555815 9.503514
93.501 2.675932 -2.851754 -0.555815 9.503553
93.601 2.675932 -2.851754 -0.555815 9.503553
93.701 2.675916 -2.851744 -0.555815 9.503573
93.801 2.675916 -2.851744 -0.555815 9.503573
93.901 2.675916 -2.851744 -0.555815 9.503573
94.002 2.675916 -2.851744 -0.555815 9.503573
94.101 2.675916 -2.851744 -0.555815 9.503573
94.201 2.675916 -2.851744 -0.555815 9.503573
94.301 2.675916 -2.851744 -0.555815 9.503573
94.401 2.675916 -2.851744 -0.555815 9.503573
94.501 2.675575 -2.851790 -0.555338 9.503917
94.601 2.672542 -2.852172 -0.551119 9.506974
94.701 2.672542 -2.852172 -0.551119 9.506974
94.801 2.672542 -2.852172 -0.551119 9.506974
94.901 2.672542 -2.852172 -0.551119 9.506974
95.001 2.672542 -2.852172 -0.551119 9.506974
95.101 2.672542 -2.852172 -0.551119 9.506974
95.201 2.672542 -2.852172 -0.551119 9.506974
95.301 2.672542 -2.852172 -0.551119 9.506974
95.401 2.672542 -2.852172 -0.551119 9.506974
95.501 2.672542 -2.852172 -0.551119 9.506974
95.601 2.672542 -2.852172 -0.551119 9.506974
95.701 2.672542 -2.852172 -0.551119 9.506974
95.801 2.672542 -2.852172 -0.551119 9.506974
95.901 2.672542 -2.852172 -0.551119 9.506974
96.001 2.672542 -2.852172 -0.551119 9.506974
96.101 2.672542 -2.852172 -0.551119 9.506974
96.201 2.672542 -2.852172 -0.551119 9.506974
96.301 2.672542 -2.852172 -0.551119 9.506974
96.401 2.672542 -2.852172 -0.551119 9.506974
96.501 2.672542 -2.852172 -0.551119 9.506974
96.601 2.672542 -2.852172 -0.551119 9.506974
96.701 2.672542 -2.852172 -0.551119 9.506974
96.801 2.672542 -2.852172 -0.551119 9.506974
96.901 2.672542 -2.852172 -0.551119 9.506974
97.001 2.672542 -2.852172 -0.551119 9.506974
97.101 2.672542 -2.852172 -0.551119 9.506974
97.203 2.672542 -2.852172 -0.551119 9.506974
97.301 2.672491 -2.852141 -0.551119 9.507033
97.401 2.672491 -2.852141 -0.551119 9.507033
97.501 2.672491 -2.852141 -0.551119 9.507033
97.601 2.672491 -2.852141 -0.551119 9.507033
97.701 2.673061 -2.852141 -0.551115 9.507603
97.801 2.674052 -2.852142 -0.551107 9.508594
97.901 2.674052 -2.852142 -0.551107 9.508594
98.001 2.674052 -2.852142 -0.551107 9.508594
98.101 2.674052 -2.852142 -0.551107 9.508594
98.201 2.674052 -2.852142 -0.551107 9.508594
98.301 2.674052 -2.852142 -0.551107 9.508594
98.401 2.674052 -2.852142 -0.551107 9.508594
98.501 2.674052 -2.852142 -0.551107 9.508594
98.601 2.674052 -2.852142 -0.551107 9.508594
98.701 2.674052 -2.852142 -0.551107 9.508594
98.801 2.674052 -2.852142 -0.551107 9.508594
98.901 2.674035 -2.852132 -0.551107 9.508614
99.001 2.674035 -2.852132 -0.551107 9.508614
99.101 2.674035 -2.852132 -0.551107 9.508614
99.201 2.674035 -2.852132 -0.551107 9.508614
99.301 2.674035 -2.852132 -0.551107 9.508614
99.401 2.674035 -2.852132 -0.551107 9.508614
99.501 2.674035 -2.852132 -0.551107 9.508614
99.601 2.674035 -2.852132 -0.551107 9.508614
99.701 2.674035 -2.852132 -0.551107 9.508614
99.801 2.674035 -2.852132 -0.551107 9.508614
99.901 2.674035 -2.852132 -0.551107 9.508614
100.001 2.674035 -2.852132 -0.551107 9.508614
100.101 2.674035 -2.852132 -0.551107 9.508614
100.201 2.674035 -2.852132 -0.551107 9.508614
100.301 2.674035 -2.852132 -0.551107 9.508614
100.401 2.674035 -2.852132 -0.551107 9.508614
100.501 2.674035 -2.852132 -0.551107 9.508614
100.601 2.674035 -2.852132 -0.551107 9.508614
100.701 2.674035 -2.852132 -0.551107 9.508614
100.801 2.671336 -2.853542 -0.549799 9.511659
100.901 2.670805 -2.853823 -0.549540 9.512260
101.001 2.670805 -2.853823 -0.549540 9.512260
101.101 2.670788 -2.853813 -0.549540 9.512280
101.201 2.670788 -2.853813 -0.549540 9.512280
101.301 2.670788 -2.853813 -0.549540 9.512280
101.401 2.670771 -2.853802 -0.549540 9.512300
101.501 2.670771 -2.853802 -0.549540 9.512300
101.602 2.670754 -2.853792 -0.549540 9.512320
101.702 2.670754 -2.853792 -0.549540 9.512320
101.801 2.670754 -2.853792 -0.549540 9.512320
101.901 2.670754 -2.853792 -0.549540 9.512320
102.001 2.670754 -2.853792 -0.549540 9.512320
102.101 2.670754 -2.853792 -0.549540 9.512320
102.201 2.670754 -2.853792 -0.549540 9.512320
102.301 2.670754 -2.853792 -0.549540 9.512320
102.401 2.670754 -2.853792 -0.549540 9.512320
