# t_sec x y yaw_rad cum_dist_m
0.101 -0.004623 -0.004109 0.009375 0.000000
0.201 -0.004543 -0.004108 0.009375 0.000079
0.301 -0.004643 -0.004110 0.023512 0.000179
0.401 -0.004563 -0.004107 0.037649 0.000259
0.502 -0.004443 -0.004102 0.065575 0.000380
0.601 -0.004745 -0.004127 0.109208 0.000683
0.701 -0.004094 -0.004045 0.133642 0.001339
0.802 -0.004105 -0.004047 0.163313 0.001350
0.902 -0.004027 -0.004030 0.203456 0.001429
1.001 -0.003872 -0.003994 0.231381 0.001589
1.101 -0.003620 -0.003931 0.266287 0.001848
1.201 -0.003428 -0.003874 0.306430 0.002049
1.301 -0.003581 -0.003926 0.343082 0.002211
1.401 -0.003281 -0.003812 0.374498 0.002533
1.501 -0.003315 -0.003830 0.411150 0.002572
1.601 -0.003590 -0.003953 0.437330 0.002873
1.701 0.020800 0.023695 0.489296 0.039741
1.803 0.042031 0.048392 0.528468 0.072310
1.902 0.042390 0.048609 0.549412 0.072729
2.001 0.042543 0.048703 0.579083 0.072909
2.106 0.042509 0.048688 0.629697 0.072946
2.201 0.042572 0.048736 0.657623 0.073026
2.304 0.042526 0.048698 0.696194 0.073085
2.401 0.042877 0.048999 0.732672 0.073547
2.501 0.042951 0.049067 0.760597 0.073647
2.608 0.042877 0.048998 0.800740 0.073749
2.702 0.042960 0.049085 0.832330 0.073869
2.801 0.042894 0.049011 0.862001 0.073968
2.901 0.043187 0.049368 0.895162 0.074430
3.001 0.043262 0.049461 0.938970 0.074549
3.102 0.043400 0.049657 0.963579 0.074789
3.201 0.057744 0.044708 1.012113 0.089963
3.301 0.069549 0.040660 1.046124 0.102442
3.401 0.069658 0.040852 1.070733 0.102664
3.502 0.069595 0.040726 1.102149 0.102805
3.601 0.069780 0.041125 1.145782 0.103246
3.701 0.069796 0.041162 1.173708 0.103286
3.801 0.069834 0.041261 1.201808 0.103392
3.901 0.069906 0.041466 1.250851 0.103609
4.001 0.069844 0.041271 1.280522 0.103813
4.102 0.070007 0.041830 1.292739 0.104396
4.203 0.070179 0.042501 1.346844 0.105088
4.301 0.070298 0.043072 1.374770 0.105672
4.401 0.070314 0.043164 1.402695 0.105765
4.501 0.070273 0.042860 1.446328 0.106073
4.601 0.070268 0.042841 1.475999 0.106092
4.702 0.070285 0.043041 1.503924 0.106293
4.804 0.070298 0.043396 1.552793 0.106649
4.902 0.070300 0.043317 1.573737 0.106728
5.004 0.073432 0.041618 1.612739 0.110290
5.101 0.087626 0.035117 1.656588 0.125903
5.201 0.087597 0.035413 1.701967 0.126201
5.302 0.087620 0.035248 1.719420 0.126367
5.405 0.087631 0.035190 1.743855 0.126427
5.502 0.087630 0.035191 1.768289 0.126429
5.601 0.087577 0.035440 1.790979 0.126683
5.702 0.087746 0.034782 1.839848 0.127363
5.802 0.087681 0.034994 1.869518 0.127584
5.901 0.087663 0.035052 1.897444 0.127645
6.001 0.087852 0.034550 1.942822 0.128181
6.102 0.087844 0.034568 1.972493 0.128202
6.201 0.087788 0.034695 2.014381 0.128340
6.302 0.087788 0.034695 2.040735 0.128340
6.401 0.087895 0.034503 2.082449 0.128560
6.501 0.087043 0.025234 2.124594 0.137868
6.601 0.086278 0.019761 2.161674 0.143394
6.702 0.086373 0.019632 2.191519 0.143554
6.801 0.086507 0.019447 2.235152 0.143782
6.901 0.086291 0.019716 2.261157 0.144127
7.001 0.086245 0.019774 2.285592 0.144201
7.101 0.086701 0.019270 2.337952 0.144880
7.203 0.086745 0.019226 2.367622 0.144942
7.310 0.086657 0.019309 2.393802 0.145063
7.401 0.086783 0.019209 2.444417 0.145223
7.501 0.087032 0.019008 2.472342 0.145543
7.602 0.086996 0.019031 2.500267 0.145586
7.703 0.086804 0.019172 2.535174 0.145824
7.802 0.087149 0.018948 2.578807 0.146235
7.901 0.087202 0.018917 2.604987 0.146296
8.001 0.087097 0.018978 2.645130 0.146418
8.102 0.080937 0.010942 2.657309 0.156544
8.201 0.080852 0.010984 2.681744 0.156639
8.301 0.081232 0.010810 2.734104 0.157058
8.407 0.080898 0.010952 2.756793 0.157420
8.503 0.080717 0.011023 2.781228 0.157615
8.602 0.080927 0.010940 2.830272 0.157841
8.702 0.080889 0.010952 2.849296 0.157882
8.801 0.081590 0.010759 2.903401 0.158609
8.901 0.081336 0.010818 2.931326 0.158870
9.002 0.081454 0.010794 2.960997 0.158990
9.102 0.081636 0.010765 3.009866 0.159174
9.202 0.081616 0.010767 3.039537 0.159194
9.301 0.081659 0.010764 3.067462 0.159237
9.401 0.081738 0.010763 3.114760 0.159316
9.502 0.088511 0.013065 -3.135111 0.166468
9.601 0.105645 0.019189 -3.095298 0.184665
9.702 0.105645 0.019190 -3.048174 0.184666
9.801 0.106006 0.019229 -3.018504 0.185028
9.901 0.105807 0.019200 -2.990578 0.185229
10.001 0.105710 0.019185 -2.955672 0.185328
10.102 0.105866 0.019216 -2.908548 0.185488
10.201 0.106232 0.019310 -2.878877 0.185866
10.301 0.105849 0.019193 -2.828263 0.186266
10.402 0.106000 0.019246 -2.809064 0.186426
10.501 0.106472 0.019417 -2.777648 0.186928
10.601 0.106101 0.019261 -2.734015 0.187330
10.701 0.106247 0.019327 -2.695792 0.187490
10.802 0.106467 0.019436 -2.674674 0.187735
10.901 0.106327 0.019361 -2.632786 0.187894
11.001 0.106367 0.016970 -2.598534 0.190285
11.101 0.106482 0.017047 -2.554900 0.190423
11.201 0.106483 0.017047 -2.528546 0.190424
11.302 0.106547 0.017092 -2.497130 0.190503
11.403 0.106485 0.017039 -2.448261 0.190585
11.501 0.106758 0.017276 -2.425571 0.190946
11.601 0.106922 0.017422 -2.395901 0.191165
11.701 0.106488 0.017006 -2.347032 0.191766
11.802 0.106552 0.017077 -2.317361 0.191862
11.901 0.106820 0.017375 -2.287690 0.192263
12.001 0.106846 0.017405 -2.240392 0.192303
12.101 0.106776 0.017312 -2.212467 0.192420
12.201 0.106869 0.017444 -2.181225 0.192581
12.301 0.107156 0.017883 -2.139163 0.193106
12.402 0.106946 0.017539 -2.112983 0.193509
12.502 0.108061 0.033531 -2.082639 0.209540
12.602 0.108139 0.033663 -2.054714 0.209693
12.701 0.108020 0.033429 -2.026788 0.209955
12.801 0.108075 0.033555 -1.979664 0.210093
12.907 0.108264 0.034019 -1.948249 0.210594
13.001 0.108339 0.034217 -1.922069 0.210806
13.101 0.108394 0.034350 -1.871454 0.210949
13.201 0.108327 0.034118 -1.843529 0.211190
13.301 0.108422 0.034492 -1.815604 0.211576
13.401 0.108302 0.033880 -1.761673 0.212199
13.501 0.108260 0.033671 -1.735493 0.212412
13.601 0.108384 0.034536 -1.702157 0.213286
13.701 0.108335 0.034037 -1.655033 0.213787
13.801 0.108354 0.034281 -1.630599 0.214032
13.901 0.062803 0.050182 -1.541590 0.262278
14.002 0.048604 0.055336 -1.503566 0.277384
14.101 0.048594 0.055464 -1.477386 0.277513
14.201 0.048630 0.055118 -1.425026 0.277860
14.304 0.048532 0.055713 -1.400417 0.278463
14.401 0.048546 0.055653 -1.370746 0.278524
14.501 0.048541 0.055674 -1.335840 0.278546
14.601 0.048455 0.056004 -1.295697 0.278887
14.701 0.048477 0.055927 -1.273008 0.278967
14.801 0.048484 0.055907 -1.239847 0.278988
14.901 0.048465 0.055960 -1.196213 0.279043
15.003 0.048360 0.056218 -1.164797 0.279322
15.101 0.048342 0.056254 -1.138617 0.279362
15.203 0.048359 0.056216 -1.098475 0.279404
15.301 0.048292 0.056341 -1.067059 0.279546
15.402 0.048305 0.056323 -1.028662 0.279568
15.503 0.023089 0.055738 -0.964401 0.304790
15.604 -0.015194 0.055131 -0.899191 0.343079
15.702 -0.015025 0.054930 -0.862540 0.343341
15.801 -0.015197 0.055126 -0.825888 0.343602
15.901 -0.015348 0.055287 -0.801453 0.343822
16.005 -0.015084 0.055016 -0.750838 0.344201
16.103 -0.015366 0.055271 -0.729895 0.344581
16.201 -0.015270 0.055191 -0.700224 0.344706
16.302 -0.015562 0.055430 -0.665317 0.345083
16.401 -0.015417 0.055322 -0.619939 0.345263
16.501 -0.015269 0.055218 -0.602485 0.345445
16.601 -0.015791 0.055561 -0.578051 0.346069
16.701 -0.016249 0.055852 -0.551696 0.346612
16.801 -0.015555 0.055445 -0.518535 0.347417
16.901 -0.015773 0.055552 -0.476647 0.347660
17.001 -0.016059 0.055696 -0.444882 0.347980
17.101 -0.021760 0.041195 -0.387066 0.363561
17.202 -0.022224 0.041374 -0.348669 0.364057
17.304 -0.021881 0.041267 -0.301545 0.364417
17.402 -0.022093 0.041331 -0.292818 0.364638
17.501 -0.022397 0.041421 -0.249185 0.364955
17.602 -0.022101 0.041357 -0.209043 0.365257
17.701 -0.022317 0.041401 -0.198396 0.365478
17.802 -0.022517 0.041437 -0.147782 0.365681
17.902 -0.022497 0.041434 -0.126663 0.365700
18.001 -0.022636 0.041449 -0.093502 0.365840
18.101 -0.022874 0.041466 -0.049869 0.366078
18.202 -0.022631 0.041463 -0.018453 0.366321
18.301 -0.022475 0.041459 0.014883 0.366477
18.401 -0.022569 0.041458 0.016628 0.366571
18.501 -0.022569 0.041458 0.016628 0.366571
18.601 -0.022569 0.041458 0.016628 0.366571
18.702 -0.018869 0.036068 0.025805 0.373109
18.802 -0.014498 0.029698 0.036648 0.380834
18.902 -0.014498 0.029698 0.036648 0.380834
19.002 -0.014498 0.029698 0.036648 0.380834
19.101 -0.014498 0.029698 0.036648 0.380834
19.203 -0.014498 0.029698 0.036648 0.380834
19.302 -0.014498 0.029698 0.036648 0.380834
19.401 -0.014498 0.029698 0.036648 0.380834
19.502 -0.014498 0.029698 0.036648 0.380834
19.602 -0.014498 0.029698 0.036648 0.380834
19.701 -0.014498 0.029698 0.036648 0.380834
19.801 -0.014498 0.029698 0.036648 0.380834
19.902 -0.014498 0.029698 0.036648 0.380834
20.002 -0.014498 0.029698 0.036648 0.380834
20.101 -0.014377 0.029700 0.010468 0.380955
20.202 -0.017700 0.029843 -0.076798 0.384281
20.301 -0.019647 0.030061 -0.130904 0.386239
20.401 -0.022153 0.030503 -0.223406 0.388784
20.501 -0.022338 0.030547 -0.335282 0.388974
20.601 -0.022514 0.030617 -0.422548 0.389164
20.701 -0.022816 0.030768 -0.560254 0.389501
20.801 -0.022721 0.030693 -0.673701 0.389621
20.902 -0.022409 0.030405 -0.759222 0.390046
21.003 -0.021675 0.029604 -0.895358 0.391133
21.103 -0.021240 0.028982 -0.984370 0.391892
21.201 -0.017252 0.021660 -1.113524 0.400230
21.306 0.044484 0.026906 -1.315861 0.462188
21.405 0.100000 0.030189 -1.487983 0.517802
21.501 0.100407 0.018791 -1.563032 0.529208
21.601 0.099102 -0.001214 -1.683460 0.549254
21.702 0.097368 -0.012512 -1.748037 0.560685
21.802 0.101885 -0.046902 -1.813531 0.595371
21.901 0.107644 -0.069069 -1.844242 0.618274
22.001 0.105814 -0.074964 -1.887875 0.624446
22.101 0.100855 -0.088014 -1.966415 0.638406
22.202 0.097543 -0.095337 -2.011794 0.646443
22.302 0.092813 -0.104771 -2.050191 0.656996
22.401 0.082979 -0.122159 -2.114768 0.676973
22.501 0.098741 -0.132118 -2.110099 0.695619
22.601 0.092963 -0.141458 -2.131043 0.706602
22.702 0.082010 -0.158021 -2.169440 0.726459
22.807 0.075375 -0.167454 -2.193875 0.737992
22.901 0.068770 -0.176380 -2.213248 0.749095
23.001 0.056388 -0.192394 -2.243268 0.769337
23.103 0.049062 -0.201452 -2.259150 0.780987
23.201 0.039236 -0.213036 -2.285330 0.796177
23.301 0.030313 -0.223254 -2.290741 0.809744
23.402 0.022322 -0.232339 -2.292661 0.821842
23.501 0.010627 -0.245454 -2.303482 0.839415
23.602 0.000976 -0.256056 -2.314303 0.853751
23.701 0.022458 -0.337509 -2.331612 0.937989
23.801 0.010349 -0.350182 -2.337023 0.955518
23.901 0.000935 -0.359809 -2.352731 0.968983
24.001 -0.004994 -0.365748 -2.357967 0.977374
24.101 -0.015765 -0.376368 -2.366694 0.992500
24.201 -0.025652 -0.385989 -2.371930 1.006296
24.302 -0.033765 -0.393830 -2.375420 1.017579
24.401 -0.041649 -0.401390 -2.377166 1.028502
24.506 -0.042073 -0.401796 -2.377166 1.029089
24.601 -0.050904 -0.410350 -2.368439 1.041383
24.701 -0.061892 -0.421191 -2.356222 1.056819
24.801 -0.070491 -0.429874 -2.345750 1.069039
24.901 -0.082435 -0.442269 -2.331787 1.086253
25.001 -0.089587 -0.450020 -2.310494 1.096799
25.101 -0.099531 -0.461306 -2.271748 1.111841
25.201 -0.108411 -0.472622 -2.215897 1.126225
25.302 -0.116498 -0.484149 -2.172264 1.140306
25.401 -0.122820 -0.493465 -2.160047 1.151564
25.501 -0.129233 -0.503186 -2.151320 1.163210
25.602 -0.134553 -0.511272 -2.154811 1.172890
25.701 -0.134573 -0.511303 -2.154811 1.172927
25.801 -0.142956 -0.524874 -2.102451 1.188878
25.901 -0.148531 -0.534814 -2.069289 1.200274
26.001 -0.154789 -0.547162 -2.022166 1.214118
26.101 -0.160108 -0.559071 -1.973296 1.227161
26.202 -0.166208 -0.574632 -1.924427 1.243875
26.303 -0.170004 -0.585589 -1.891266 1.255471
26.401 -0.172949 -0.595188 -1.856359 1.265511
26.503 -0.176609 -0.609250 -1.803999 1.280041
26.607 -0.194119 -0.494184 -1.693308 1.396431
26.702 -0.195267 -0.505753 -1.658402 1.408057
26.802 -0.196596 -0.525487 -1.625240 1.427835
26.903 -0.197051 -0.535936 -1.604122 1.438294
27.005 -0.197255 -0.547736 -1.579687 1.450096
27.101 -0.197148 -0.562104 -1.550017 1.464465
27.201 -0.196660 -0.579853 -1.539545 1.482221
27.305 -0.196278 -0.591384 -1.535880 1.493757
27.402 -0.195495 -0.612074 -1.530295 1.514462
27.504 -0.194991 -0.623736 -1.526629 1.526135
27.602 -0.194430 -0.634621 -1.512667 1.537035
27.701 -0.193315 -0.651948 -1.501671 1.554398
27.801 -0.192438 -0.663596 -1.494690 1.566079
27.908 -0.191435 -0.675527 -1.484043 1.578052
28.001 -0.189771 -0.693015 -1.466241 1.595619
28.101 -0.188685 -0.702676 -1.455594 1.605340
28.201 -0.187021 -0.716065 -1.445122 1.618832
28.301 -0.184703 -0.733686 -1.436396 1.636605
28.402 -0.183134 -0.745016 -1.429415 1.648043
28.501 -0.181570 -0.755902 -1.427669 1.659041
28.601 -0.178526 -0.776843 -1.425924 1.680202
28.701 -0.176790 -0.788668 -1.425924 1.692155
28.801 -0.175199 -0.799444 -1.424179 1.703047
28.901 -0.172418 -0.818279 -1.424179 1.722086
29.001 -0.170742 -0.829628 -1.424179 1.733559
29.101 -0.168677 -0.843608 -1.424179 1.747690
29.202 -0.166473 -0.858536 -1.424179 1.762780
29.301 -0.165194 -0.867192 -1.424179 1.771530
29.401 -0.164798 -0.869875 -1.424179 1.774242
29.501 -0.164234 -0.873491 -1.413707 1.777901
29.601 -0.162632 -0.883152 -1.397999 1.787694
29.701 -0.112901 -0.892902 -1.363245 1.838373
29.801 -0.102063 -0.912139 -1.360410 1.860452
29.901 -0.099638 -0.923684 -1.370882 1.872249
30.001 -0.097161 -0.936318 -1.384844 1.885124
30.101 -0.094545 -0.950558 -1.393571 1.899602
30.201 -0.093030 -0.959535 -1.411024 1.908706
30.301 -0.091370 -0.970193 -1.424987 1.919493
30.401 -0.089709 -0.982389 -1.444185 1.931801
30.508 -0.088759 -0.990309 -1.456752 1.939778
30.602 -0.087908 -0.998379 -1.470889 1.947893
30.701 -0.086960 -1.008573 -1.478045 1.958130
30.801 -0.086921 -1.008988 -1.478045 1.958548
30.902 -0.086943 -1.008750 -1.478045 1.958787
31.001 -0.086943 -1.008750 -1.478045 1.958787
31.101 -0.086943 -1.008750 -1.478045 1.958787
31.201 -0.086943 -1.008750 -1.478045 1.958787
31.303 -0.086943 -1.008750 -1.478045 1.958787
31.403 -0.086943 -1.008750 -1.478045 1.958787
31.502 -0.086943 -1.008750 -1.478045 1.958787
31.602 -0.086943 -1.008750 -1.478045 1.958787
31.701 -0.086943 -1.008750 -1.478045 1.958787
31.801 -0.086943 -1.008750 -1.478045 1.958787
31.901 -0.086943 -1.008750 -1.478045 1.958787
32.001 -0.086943 -1.008750 -1.478045 1.958787
32.102 -0.086864 -1.009704 -1.490437 1.959745
32.206 -0.086476 -1.017721 -1.546287 1.967771
32.309 -0.086477 -1.023511 -1.586430 1.973561
32.402 -0.086798 -1.030884 -1.630063 1.980941
32.502 -0.088190 -1.044564 -1.699876 1.994692
32.601 -0.089568 -1.053558 -1.734783 2.003791
32.701 -0.091759 -1.064776 -1.781907 2.015220
32.801 -0.096181 -1.080438 -1.888372 2.031495
32.901 -0.044949 -1.108582 -2.059310 2.089948
33.003 -0.052493 -1.120961 -2.164029 2.104444
33.104 -0.063208 -1.134467 -2.293184 2.121684
33.201 -0.071491 -1.143085 -2.362997 2.133637
33.302 -0.082056 -1.152391 -2.453754 2.147716
33.402 -0.095963 -1.162408 -2.561964 2.164855
33.504 -0.106212 -1.168488 -2.633523 2.176772
33.603 -0.116328 -1.173573 -2.696355 2.188094
33.702 -0.139697 -1.210676 -2.810302 2.231943
33.801 -0.152163 -1.223758 -2.867991 2.250014
33.901 -0.163076 -1.226469 -2.915115 2.261258
34.002 -0.176816 -1.229142 -2.972710 2.275256
34.102 -0.192311 -1.231221 -3.035542 2.290890
34.201 -0.203249 -1.232119 -3.072194 2.301864
34.301 -0.217582 -1.232740 -3.115827 2.316211
34.402 -0.224743 -1.266371 -3.139371 2.350595
34.505 -0.219399 -1.317074 -3.134063 2.401579
34.601 -0.239033 -1.316614 3.088036 2.421219
34.702 -0.249410 -1.315822 3.051384 2.431626
34.805 -0.259577 -1.314656 3.012987 2.441859
34.902 -0.277275 -1.311679 2.946665 2.459806
35.001 -0.293919 -1.307883 2.896050 2.476878
35.103 -0.301995 -1.305719 2.871615 2.485238
35.203 -0.317685 -1.300932 2.831473 2.501642
35.303 -0.333380 -1.295521 2.796566 2.518244
35.402 -0.341241 -1.292637 2.784174 2.526617
35.503 -0.374282 -1.337140 2.755114 2.582045
35.601 -0.415937 -1.407543 2.701020 2.663848
35.703 -0.423809 -1.403588 2.664368 2.672657
35.801 -0.439870 -1.394552 2.603282 2.691086
35.901 -0.454126 -1.385414 2.550922 2.708019
36.003 -0.460589 -1.380933 2.528232 2.715884
36.101 -0.474858 -1.370455 2.489835 2.733586
36.201 -0.486091 -1.361320 2.439221 2.748065
36.301 -0.494898 -1.353501 2.402569 2.759842
36.402 -0.507812 -1.341407 2.379879 2.777535
36.501 -0.517794 -1.331572 2.353700 2.791548
36.601 -0.526055 -1.323203 2.344973 2.803307
36.701 -0.538223 -1.310506 2.327520 2.820893
36.802 -0.545735 -1.310157 2.333766 2.828414
36.901 -0.554397 -1.310794 2.339814 2.837098
37.001 -0.562241 -1.302314 2.308398 2.848651
37.103 -0.569467 -1.294143 2.291120 2.859558
37.201 -0.578996 -1.283368 2.294610 2.873942
37.301 -0.590696 -1.270203 2.298275 2.891555
37.401 -0.598499 -1.261462 2.301766 2.903272
37.501 -0.608289 -1.250574 2.307002 2.917914
37.601 -0.617622 -1.240367 2.315729 2.931745
37.701 -0.630622 -1.226588 2.338418 2.950688
37.803 -0.638201 -1.218885 2.350635 2.961495
37.901 -0.646210 -1.210954 2.364598 2.972766
38.001 -0.661045 -1.196631 2.383797 2.993388
38.101 -0.669841 -1.188368 2.390778 3.005456
38.201 -0.678010 -1.180845 2.401250 3.016561
38.301 -0.688831 -1.171077 2.411722 3.031139
38.402 -0.702357 -1.159019 2.415213 3.049260
38.501 -0.710918 -1.151446 2.420449 3.060689
38.602 -0.721049 -1.142743 2.439647 3.074045
38.701 -0.733222 -1.132670 2.455355 3.089845
38.801 -0.742417 -1.125245 2.467572 3.101664
38.901 -0.756253 -1.114384 2.479790 3.119254
39.002 -0.767880 -1.105502 2.493752 3.133885
39.101 -0.779562 -1.096788 2.505970 3.148458
39.202 -0.786154 -1.091948 2.511206 3.156637
39.301 -0.801870 -1.080744 2.528659 3.175938
39.401 -0.811401 -1.074159 2.542622 3.187523
39.501 -0.825706 -1.064587 2.558330 3.204734
39.602 -0.836894 -1.057262 2.563566 3.218107
39.702 -0.846080 -1.051309 2.568802 3.229053
39.803 -0.855658 -1.045327 2.591491 3.240345
39.905 -0.910871 -1.055537 2.636359 3.296495
40.001 -0.959665 -1.071495 2.667955 3.347832
40.101 -0.973662 -1.064548 2.683837 3.363459
40.201 -0.986455 -1.057957 2.655912 3.377849
40.302 -0.996705 -1.052301 2.626241 3.389557
40.402 -1.009979 -1.044310 2.579117 3.405050
40.501 -1.020663 -1.037213 2.538975 3.417877
40.601 -1.027210 -1.032584 2.518031 3.425895
40.701 -1.043357 -1.020381 2.476143 3.446134
40.801 -1.051926 -1.013429 2.449963 3.457168
40.902 -1.060278 -1.006328 2.430764 3.468132
41.001 -1.074079 -0.993981 2.397603 3.486649
41.109 -1.081294 -0.987172 2.378404 3.496570
41.201 -1.090508 -0.978159 2.357460 3.509458
41.301 -1.100141 -0.968366 2.341753 3.523195
41.401 -1.107093 -0.961107 2.329535 3.533247
41.501 -1.112443 -0.955329 2.312082 3.541122
41.601 -1.119257 -0.947770 2.294629 3.551299
41.704 -1.127389 -0.938299 2.271765 3.563781
41.801 -1.130430 -0.934708 2.275430 3.568487
41.904 -1.130954 -0.934093 2.275430 3.569295
42.004 -1.130863 -0.934199 2.275430 3.569435
42.101 -1.130863 -0.934199 2.273510 3.569435
42.201 -1.169503 -0.962216 2.263935 3.617163
42.301 -1.182791 -0.971854 2.260636 3.633578
42.402 -1.182791 -0.971854 2.260636 3.633578
42.501 -1.182791 -0.971854 2.260636 3.633578
42.601 -1.182791 -0.971854 2.260636 3.633578
42.701 -1.182791 -0.971854 2.260636 3.633578
42.801 -1.182791 -0.971854 2.260636 3.633578
42.902 -1.182791 -0.971854 2.260636 3.633578
43.001 -1.182820 -0.971826 2.227650 3.633619
43.102 -1.181767 -0.973283 2.176861 3.635417
43.202 -1.180179 -0.975814 2.053117 3.638405
43.301 -1.180021 -0.976184 1.970912 3.638807
43.401 -1.179695 -0.977132 1.862701 3.639810
43.502 -1.179155 -0.979558 1.738783 3.642295
43.601 -1.178883 -0.982023 1.606138 3.644775
43.705 -1.178871 -0.981705 1.499673 3.645094
43.801 -1.178710 -0.980660 1.412406 3.646151
43.904 -1.176815 -0.972441 1.307687 3.654585
44.006 -1.172840 -0.961196 1.178532 3.666512
44.109 -1.139379 -0.929888 1.049527 3.712335
44.204 -1.131565 -0.918090 0.943062 3.726487
44.304 -1.120382 -0.904951 0.810417 3.743741
44.405 -1.112210 -0.897269 0.719660 3.754957
44.501 -1.111326 -0.877496 0.621692 3.774749
44.602 -1.142864 -0.815481 0.512414 3.844323
44.701 -1.132856 -0.810380 0.447837 3.855556
44.806 -1.120163 -0.804940 0.374533 3.869366
44.901 -1.105629 -0.799988 0.294248 3.884720
45.001 -1.100545 -0.808615 0.249835 3.894734
45.103 -1.109395 -0.854817 0.202265 3.941775
45.202 -1.093202 -0.852065 0.146415 3.958200
45.301 -1.081991 -0.850678 0.109763 3.969497
45.401 -1.070298 -0.849609 0.083583 3.981238
45.501 -1.056002 -0.848727 0.046931 3.995562
45.601 -1.039049 -0.848204 0.019006 4.012523
45.708 -1.021878 -0.848150 -0.001938 4.029694
45.801 -1.002841 -0.826946 -0.016051 4.058189
45.901 -0.988485 -0.813456 -0.023411 4.077889
46.001 -0.971561 -0.814250 -0.063728 4.094832
46.101 -0.960018 -0.815178 -0.088163 4.106412
46.201 -0.943644 -0.817084 -0.135112 4.122896
46.302 -0.928769 -0.819477 -0.175255 4.137963
46.401 -0.917113 -0.821740 -0.197944 4.149837
46.502 -0.899880 -0.825641 -0.240007 4.167505
46.602 -0.886251 -0.829229 -0.269503 4.181598
46.702 -0.875043 -0.832536 -0.295857 4.193284
46.801 -0.859174 -0.837691 -0.323783 4.209970
46.901 -0.845988 -0.842356 -0.351708 4.223957
47.002 -0.836083 -0.846072 -0.360609 4.234536
47.102 -0.819284 -0.852505 -0.369510 4.252524
47.201 -0.805377 -0.857979 -0.378411 4.267470
47.302 -0.794564 -0.862363 -0.390803 4.279138
47.404 -0.780312 -0.868266 -0.394468 4.294564
47.502 -0.763901 -0.875133 -0.398134 4.312353
47.601 -0.752885 -0.879772 -0.400053 4.324306
47.708 -0.741945 -0.884468 -0.407209 4.336212
47.802 -0.657065 -0.817832 -0.441101 4.444124
47.901 -0.646698 -0.822897 -0.465536 4.455663
48.001 -0.634849 -0.829168 -0.502362 4.469068
48.101 -0.620612 -0.837543 -0.552802 4.485586
48.201 -0.610707 -0.843933 -0.584218 4.497373
48.301 -0.598573 -0.852368 -0.620870 4.512151
48.401 -0.586240 -0.861660 -0.662758 4.527593
48.506 -0.577350 -0.868795 -0.685447 4.538992
48.605 -0.568173 -0.876443 -0.701155 4.550938
48.701 -0.553001 -0.889858 -0.732571 4.571190
48.802 -0.544072 -0.898031 -0.748279 4.583294
48.902 -0.534075 -0.907636 -0.777950 4.597158
49.002 -0.522218 -0.919655 -0.798894 4.614042
49.101 -0.514033 -0.928221 -0.812856 4.625890
49.201 -0.506477 -0.936418 -0.833800 4.637038
49.301 -0.494413 -0.950162 -0.865216 4.655326
49.402 -0.487771 -0.958180 -0.886160 4.665737
49.501 -0.478316 -0.970018 -0.905359 4.680888
49.602 -0.467968 -0.983654 -0.931539 4.698006
49.701 -0.461997 -0.991843 -0.942011 4.708140
49.801 -0.455669 -1.000763 -0.957719 4.719077
49.901 -0.444226 -1.017107 -0.962955 4.739028
50.001 -0.426942 -1.013315 -1.009469 4.756724
50.101 -0.398127 -0.992435 -1.094974 4.792309
50.202 -0.388782 -1.010714 -1.100210 4.812838
50.301 -0.383636 -1.020930 -1.105446 4.824277
50.401 -0.378520 -1.031184 -1.108937 4.835736
50.501 -0.369126 -1.050105 -1.110682 4.856861
50.601 -0.363912 -1.060660 -1.112428 4.868634
50.702 -0.358672 -1.071314 -1.114173 4.880507
50.803 -0.349573 -1.089872 -1.114173 4.901175
50.902 -0.344425 -1.100352 -1.114173 4.912851
51.001 -0.339263 -1.110751 -1.101956 4.924460
51.101 -0.329526 -1.128986 -1.061813 4.945133
51.202 -0.323800 -1.138821 -1.033888 4.956513
51.301 -0.318001 -1.148179 -1.005962 4.967522
51.401 -0.309918 -1.160467 -0.976292 4.982230
51.501 -0.299946 -1.174403 -0.932659 4.999367
51.601 -0.292319 -1.184259 -0.899497 5.011829
51.701 -0.279114 -1.199813 -0.840156 5.032232
51.801 -0.271266 -1.208246 -0.808740 5.043753
51.901 -0.262845 -1.216729 -0.777324 5.055705
52.002 -0.250329 -1.228363 -0.731946 5.072793
52.101 -0.237844 -1.239076 -0.691803 5.089245
52.201 -0.231352 -1.244313 -0.674350 5.097586
52.301 -0.214540 -1.257136 -0.632462 5.118730
52.402 -0.205123 -1.263924 -0.620245 5.130338
52.501 -0.195477 -1.270627 -0.600872 5.142084
52.601 -0.180200 -1.280710 -0.569456 5.160389
52.701 -0.164405 -1.295330 -0.506921 5.181911
52.801 -0.152271 -1.301899 -0.484057 5.195709
52.904 -0.143124 -1.306589 -0.466430 5.205989
53.001 -0.131062 -1.312460 -0.441646 5.219404
53.102 -0.115246 -1.319734 -0.417037 5.236813
53.202 -0.104921 -1.324246 -0.407961 5.248081
53.302 -0.095289 -1.328332 -0.397315 5.258543
53.401 -0.077550 -1.335488 -0.370786 5.277671
53.502 -0.067612 -1.339218 -0.353332 5.288286
53.602 -0.054921 -1.343687 -0.326978 5.301741
53.701 -0.038743 -1.348830 -0.295562 5.318717
53.801 -0.030810 -1.351156 -0.281599 5.326984
53.901 -0.015873 -1.355224 -0.253674 5.342465
54.002 0.000220 -1.359222 -0.241108 5.359047
54.102 0.009115 -1.361336 -0.227145 5.368190
54.205 0.028693 -1.365582 -0.209692 5.388223
54.302 0.039574 -1.367860 -0.204107 5.399340
54.401 0.050818 -1.370178 -0.202361 5.410820
54.505 0.068327 -1.373714 -0.196776 5.428683
54.604 0.085881 -1.377150 -0.191540 5.446570
54.701 0.094466 -1.378787 -0.187875 5.455309
54.805 0.114715 -1.382583 -0.184210 5.475912
54.901 0.126120 -1.384676 -0.180545 5.487507
55.001 0.137742 -1.386791 -0.180545 5.499320
55.110 0.150826 -1.389140 -0.176879 5.512612
55.205 0.167161 -1.392055 -0.175134 5.529206
55.303 0.179188 -1.394159 -0.173214 5.541415
55.401 0.199487 -1.397594 -0.162393 5.562003
55.501 0.210840 -1.399385 -0.151572 5.573496
55.601 0.221875 -1.401004 -0.144242 5.584650
55.701 0.239504 -1.403413 -0.130105 5.602443
55.802 0.281771 -1.332283 -0.051620 5.685183
55.901 0.297446 -1.312411 -0.030473 5.710493
56.002 0.313889 -1.313012 -0.050021 5.726947
56.105 0.326469 -1.313841 -0.081612 5.739554
56.201 0.333165 -1.314472 -0.100636 5.746280
56.302 0.346350 -1.316138 -0.144269 5.759570
56.402 0.353872 -1.317370 -0.179175 5.767193
56.501 0.361174 -1.318852 -0.214082 5.774643
56.601 0.369306 -1.320865 -0.259635 5.783020
56.702 0.377766 -1.323384 -0.311995 5.791847
56.801 0.380873 -1.324397 -0.313566 5.795116
56.901 0.381128 -1.324479 -0.313566 5.795383
57.001 0.380993 -1.324436 -0.313566 5.795524
57.101 0.380993 -1.324436 -0.313566 5.795524
57.201 0.380902 -1.324403 -0.365926 5.795621
57.302 0.380461 -1.324211 -0.418286 5.796102
57.401 0.382513 -1.325250 -0.479372 5.798402
57.501 0.393675 -1.332080 -0.599974 5.811488
57.601 0.400850 -1.337417 -0.659141 5.820430
57.701 0.409121 -1.344374 -0.721973 5.831238
57.801 0.420447 -1.355481 -0.814475 5.847101
57.909 0.429331 -1.365800 -0.889524 5.860718
58.001 0.492828 -1.326756 -1.013029 5.935259
58.102 0.499306 -1.338042 -1.075861 5.948273
58.201 0.506629 -1.353210 -1.149165 5.965116
58.302 0.510991 -1.363834 -1.199779 5.976600
58.401 0.514922 -1.374870 -1.243413 5.988315
58.501 0.520384 -1.392661 -1.297518 6.006926
58.601 0.523019 -1.402845 -1.327188 6.017445
58.701 0.526463 -1.418337 -1.370822 6.033316
58.802 0.539961 -1.439307 -1.395320 6.058254
58.901 0.554824 -1.459883 -1.413735 6.083637
59.001 0.557211 -1.477195 -1.452133 6.101113
59.104 0.558642 -1.492140 -1.494021 6.116126
59.202 0.559402 -1.503886 -1.507983 6.127896
59.302 0.560118 -1.515516 -1.511648 6.139549
59.402 0.561336 -1.536170 -1.511648 6.160238
59.501 0.562044 -1.548115 -1.511648 6.172204
59.602 0.562748 -1.559990 -1.516710 6.184100
59.701 0.563736 -1.580410 -1.525611 6.204544
59.801 0.564238 -1.591471 -1.522295 6.215617
59.901 0.564769 -1.602395 -1.522295 6.226553
60.001 0.565736 -1.622078 -1.525611 6.246260
60.101 0.566250 -1.633851 -1.527531 6.258044
60.202 0.566720 -1.645156 -1.531196 6.269359
60.302 0.567433 -1.664032 -1.534861 6.288249
60.402 0.567784 -1.674333 -1.538526 6.298556
60.501 0.568159 -1.686459 -1.542192 6.310687
60.601 0.568695 -1.706812 -1.545857 6.331047
60.702 0.568958 -1.718691 -1.549522 6.342929
60.803 0.569221 -1.733227 -1.553187 6.357467
60.901 0.569472 -1.750791 -1.558598 6.375033
61.002 0.569592 -1.762524 -1.560518 6.386767
61.101 0.569706 -1.777243 -1.564183 6.401486
61.208 0.569779 -1.794498 -1.567848 6.418741
61.308 0.569766 -1.806350 -1.573258 6.430593
61.401 0.569705 -1.821497 -1.575178 6.445741
61.501 0.569572 -1.838772 -1.580589 6.463016
61.601 0.569363 -1.850366 -1.599962 6.474612
61.702 0.568636 -1.865108 -1.636788 6.489372
61.801 0.567279 -1.882147 -1.654416 6.506465
61.901 0.566315 -1.893644 -1.654416 6.518003
62.001 0.577868 -1.911425 -1.663293 6.539207
62.103 0.663038 -1.947307 -1.724762 6.631627
62.202 0.661200 -1.959150 -1.724762 6.643612
62.303 0.659389 -1.970614 -1.728427 6.655219
62.401 0.656201 -1.990669 -1.728427 6.675525
62.502 0.654394 -2.002040 -1.728427 6.687039
62.602 0.651403 -2.019760 -1.749545 6.705010
62.701 0.649214 -2.031356 -1.766999 6.716811
62.801 0.646878 -2.042939 -1.770664 6.728627
62.901 0.642850 -2.062634 -1.774329 6.748729
63.001 0.640473 -2.073950 -1.783056 6.760292
63.101 0.638090 -2.084720 -1.791782 6.771323
63.205 0.633651 -2.103663 -1.807490 6.790779
63.302 0.631108 -2.113819 -1.823198 6.801248
63.401 0.628421 -2.124069 -1.828434 6.811845
63.502 0.622896 -2.144763 -1.835415 6.833263
63.602 0.619831 -2.155715 -1.849378 6.844636
63.701 0.616054 -2.168609 -1.863341 6.858072
63.802 0.611162 -2.184693 -1.868577 6.874884
63.901 0.607766 -2.195760 -1.868577 6.886460
64.002 0.604327 -2.206878 -1.868577 6.898098
64.101 0.598380 -2.226664 -1.858105 6.918758
64.201 0.595187 -2.237473 -1.858105 6.930029
64.302 0.591850 -2.248766 -1.858105 6.941805
64.401 0.586058 -2.268476 -1.861595 6.962348
64.501 0.583213 -2.277897 -1.865086 6.972189
64.601 0.577572 -2.296085 -1.872067 6.991232
64.701 0.573989 -2.307408 -1.879049 7.003108
64.801 0.570479 -2.318382 -1.882539 7.014630
64.902 0.564055 -2.338051 -1.889521 7.035321
65.002 0.560361 -2.349165 -1.893011 7.047033
65.101 0.556632 -2.360127 -1.901738 7.058612
65.202 0.588116 -2.427714 -1.951742 7.133172
65.302 0.584663 -2.436033 -1.972686 7.142179
65.401 0.581928 -2.442295 -1.984903 7.149012
65.501 0.581332 -2.443658 -1.983158 7.150500
65.601 0.581632 -2.442954 -1.949996 7.151266
65.706 0.581725 -2.442711 -1.902873 7.151526
65.802 0.581738 -2.442585 -1.756265 7.151653
65.903 0.581725 -2.442620 -1.670744 7.151690
66.002 0.581703 -2.443121 -1.534608 7.152191
66.107 0.581701 -2.443082 -1.443851 7.152230
66.205 0.581738 -2.443326 -1.335641 7.152477
66.301 0.581699 -2.443192 -1.285026 7.152617
66.401 0.581747 -2.443327 -1.189033 7.152761
66.502 0.581772 -2.443392 -1.141909 7.152830
66.601 0.586257 -2.414447 -0.988218 7.182121
66.702 0.588416 -2.389964 -0.892920 7.206699
66.801 0.590125 -2.391882 -0.842305 7.209268
66.902 0.595391 -2.397763 -0.840560 7.217162
67.003 0.599696 -2.402638 -0.864995 7.223666
67.101 0.599287 -2.402105 -0.912118 7.224337
67.206 0.587733 -2.434306 -1.067425 7.258549
67.301 0.589168 -2.437305 -1.156437 7.261873
67.401 0.591334 -2.443541 -1.287337 7.268474
67.501 0.592726 -2.449333 -1.357150 7.274431
67.602 0.594629 -2.464412 -1.515975 7.289630
67.701 0.594661 -2.472499 -1.598005 7.297717
67.802 0.593851 -2.482472 -1.681781 7.307723
67.901 0.590528 -2.499248 -1.830134 7.324825
68.002 0.587259 -2.509589 -1.903438 7.335670
68.102 0.716529 -2.570922 -2.162083 7.478753
68.209 0.708361 -2.581870 -2.247605 7.492412
68.310 0.701823 -2.589356 -2.313927 7.502351
68.401 0.690489 -2.600196 -2.420392 7.518035
68.501 0.603445 -2.580262 -2.463562 7.607332
68.601 0.594861 -2.586694 -2.519413 7.618059
68.701 0.586074 -2.592557 -2.568282 7.628622
68.801 0.568470 -2.602972 -2.638095 7.649076
68.907 0.558358 -2.608208 -2.679983 7.660464
69.001 0.548248 -2.612942 -2.716635 7.671627
69.101 0.530180 -2.620406 -2.772486 7.691176
69.201 0.521567 -2.623570 -2.797269 7.700352
69.302 0.511647 -2.662442 -2.809022 7.740470
69.401 0.495582 -2.672205 -2.854551 7.759269
69.501 0.486165 -2.674823 -2.875495 7.769043
69.604 0.473403 -2.678060 -2.905165 7.782209
69.701 0.458928 -2.681297 -2.933091 7.797042
69.802 0.448623 -2.683323 -2.957525 7.807544
69.902 0.438559 -2.685026 -2.983705 7.817751
70.003 0.420380 -2.687554 -3.018612 7.836105
70.102 0.410686 -2.688672 -3.032574 7.845863
70.201 0.398430 -2.689752 -3.063990 7.858166
70.301 0.381618 -2.690769 -3.093661 7.875009
70.401 0.370875 -2.691150 -3.112859 7.885759
70.513 0.361017 -2.691385 -3.121586 7.895620
70.602 0.338612 -2.724014 3.127588 7.935201
70.701 0.325537 -2.737970 3.101528 7.954324
70.801 0.312338 -2.737228 3.075348 7.967544
70.902 0.296769 -2.735839 3.033286 7.983175
71.001 0.286471 -2.734609 3.019323 7.993547
71.101 0.271516 -2.732514 2.993143 8.008647
71.202 0.254409 -2.729789 2.977435 8.025971
71.301 0.243106 -2.727840 2.968709 8.037440
71.401 0.231566 -2.725623 2.944274 8.049191
71.502 0.211373 -2.721222 2.912858 8.069858
71.604 0.201179 -2.718744 2.897150 8.080349
71.703 0.190884 -2.716071 2.881268 8.090986
71.801 0.177549 -2.712445 2.872367 8.104804
71.901 0.160184 -2.707507 2.861545 8.122858
72.002 0.149599 -2.704389 2.850724 8.133893
72.102 0.136529 -2.700384 2.836587 8.147562
72.204 0.121254 -2.695439 2.820705 8.163618
72.301 0.111972 -2.692317 2.815294 8.173411
72.401 0.101147 -2.688547 2.802728 8.184874
72.501 0.090957 -2.684896 2.795397 8.195698
72.605 0.088048 -2.683919 2.893136 8.198767
72.702 0.088322 -2.683972 2.959458 8.199046
72.801 0.088260 -2.683973 3.043234 8.199109
72.901 0.087457 -2.683962 -3.136977 8.199911
73.001 0.080630 -2.684081 -3.117778 8.206739
73.102 0.070596 -2.684404 -3.100150 8.216778
73.202 0.059078 -2.684953 -3.094740 8.228309
73.302 0.042843 -2.734209 -3.079595 8.280172
73.401 0.033857 -2.734761 -3.081515 8.289175
73.502 0.016026 -2.735803 -3.085006 8.307036
73.602 0.000589 -2.736385 -3.118341 8.322484
73.702 -0.016704 -2.736367 3.122956 8.339777
73.801 -0.028671 -2.736014 3.108993 8.351750
73.901 -0.046223 -2.735182 3.084559 8.369322
74.001 -0.055048 -2.734534 3.061870 8.378170
74.102 -0.072932 -2.732658 3.019982 8.396152
74.201 -0.090274 -2.730481 3.014746 8.413631
74.302 -0.099113 -2.729348 3.013000 8.422542
74.401 -0.116206 -2.727113 3.011255 8.439780
74.502 -0.129806 -2.725374 3.014746 8.453491
74.602 -0.141151 -2.723932 3.016491 8.464927
74.701 -0.158407 -2.721787 3.019982 8.482316
74.801 -0.170089 -2.720364 3.021727 8.494084
74.909 -0.190586 -2.717962 3.026963 8.514721
75.001 -0.202435 -2.716631 3.032199 8.526645
75.101 -0.214292 -2.715334 3.033944 8.538573
75.202 -0.234437 -2.713243 3.040926 8.558826
75.301 -0.246788 -2.712001 3.040926 8.571239
75.401 -0.259086 -2.710533 3.014746 8.583625
75.503 -0.273780 -2.708341 2.978094 8.598481
75.601 -0.290557 -2.705479 2.971112 8.615500
75.701 -0.301792 -2.703545 2.969367 8.626901
75.801 -0.322774 -2.699586 2.939697 8.648253
75.901 -0.334101 -2.697065 2.915262 8.659858
76.001 -0.346128 -2.694130 2.894318 8.672237
76.101 -0.365742 -2.688759 2.861157 8.692573
76.201 -0.376435 -2.685654 2.857666 8.703708
76.301 -0.390347 -2.684006 2.850355 8.717718
76.402 -0.434082 -2.687058 2.704476 8.761558
76.502 -0.449764 -2.679406 2.672886 8.779008
76.601 -0.457428 -2.675427 2.657178 8.787643
76.701 -0.474774 -2.665893 2.625762 8.807436
76.801 -0.484631 -2.660258 2.618781 8.818791
76.902 -0.495604 -2.653903 2.613545 8.831470
77.002 -0.507219 -2.646999 2.601327 8.844982
77.101 -0.521294 -2.638396 2.585619 8.861479
77.202 -0.531003 -2.632335 2.582129 8.872924
77.302 -0.542403 -2.625134 2.576893 8.886408
77.401 -0.556643 -2.615956 2.562930 8.903350
77.501 -0.568407 -2.608110 2.547222 8.917490
77.602 -0.578000 -2.601490 2.531514 8.929146
77.701 -0.591944 -2.591443 2.507080 8.946332
77.801 -0.600511 -2.585005 2.496608 8.957048
77.902 -0.614629 -2.574557 2.507080 8.974613
78.001 -0.625921 -2.566273 2.501844 8.988617
78.102 -0.634481 -2.559850 2.496608 8.999319
78.201 -0.650034 -2.547745 2.466937 9.019027
78.302 -0.658738 -2.540634 2.447738 9.030267
78.401 -0.667136 -2.533513 2.430285 9.041277
78.501 -0.679004 -2.523032 2.407596 9.057111
78.602 -0.688959 -2.513950 2.395379 9.070586
78.702 -0.696336 -2.507070 2.388397 9.080674
78.801 -0.707061 -2.496905 2.377925 9.095450
78.901 -0.715274 -2.488976 2.369199 9.106866
79.005 -0.723373 -2.481018 2.362217 9.118220
79.101 -0.733249 -2.471163 2.355236 9.132172
79.201 -0.745436 -2.458923 2.355236 9.149445
79.301 -0.753292 -2.451065 2.355236 9.160557
79.401 -0.761515 -2.442992 2.370944 9.172080
79.502 -0.812311 -2.483013 2.414553 9.236747
79.601 -0.820791 -2.475626 2.435497 9.247994
79.702 -0.828279 -2.469338 2.451205 9.257771
79.801 -0.843266 -2.457520 2.491348 9.276857
79.901 -0.852081 -2.451045 2.517528 9.287795
80.001 -0.860679 -2.444997 2.536726 9.298307
80.101 -0.875122 -2.435550 2.580359 9.315565
80.202 -0.883494 -2.430439 2.603049 9.325374
80.302 -0.893482 -2.424637 2.625738 9.336925
80.402 -0.910881 -2.415168 2.655409 9.356733
80.502 -0.921048 -2.409895 2.669371 9.368187
80.601 -0.935960 -2.402490 2.686824 9.384837
80.702 -0.947130 -2.397095 2.695551 9.397240
80.802 -0.962079 -2.390107 2.713179 9.413742
80.901 -0.974192 -2.384728 2.729236 9.426996
81.001 -0.986676 -2.379391 2.741628 9.440573
81.101 -0.995673 -2.375643 2.750529 9.450320
81.203 -1.004476 -2.372021 2.731330 9.459838
81.301 -1.004662 -2.371940 2.706896 9.460041
81.401 -1.005316 -2.371624 2.680716 9.460767
81.501 -1.004803 -2.371897 2.631847 9.461348
81.602 -1.004558 -2.372037 2.600431 9.461630
81.702 -1.004844 -2.371855 2.563779 9.461969
81.803 -1.004927 -2.371802 2.500947 9.462067
81.915 -1.005126 -2.371641 2.464295 9.462323
82.002 -1.005145 -2.371631 2.422407 9.462345
82.101 -1.004974 -2.371779 2.380519 9.462572
82.205 -1.004944 -2.371807 2.382265 9.462612
82.302 -1.004944 -2.371807 2.382265 9.462612
82.401 -1.031205 -2.411782 2.388925 9.510441
82.501 -1.031205 -2.411782 2.388925 9.510441
82.602 -1.031077 -2.411904 2.381943 9.510619
82.701 -1.029397 -2.413676 2.301658 9.513060
82.802 -1.028650 -2.414564 2.239001 9.514221
82.902 -1.028173 -2.415275 2.148069 9.515078
83.001 -1.027072 -2.417282 1.996225 9.517366
83.101 -1.026648 -2.418377 1.905468 9.518540
83.201 -1.026350 -2.419413 1.812966 9.519619
83.302 -1.026080 -2.421118 1.664613 9.521344
83.402 -1.026058 -2.421558 1.580837 9.521785
83.502 -1.026098 -2.422393 1.495316 9.522621
83.607 -1.032925 -2.423143 1.270800 9.529489
83.702 -1.032056 -2.417552 1.130365 9.535147
83.801 -1.030000 -2.413775 1.037863 9.539448
83.901 -1.023130 -2.404279 0.884274 9.551168
84.001 -1.017819 -2.398477 0.797007 9.559034
84.101 -1.031375 -2.353962 0.671165 9.605567
84.201 -1.022150 -2.347458 0.580234 9.616855
84.302 -1.007710 -2.339397 0.463297 9.633393
84.401 -0.997385 -2.334808 0.391738 9.644691
84.502 -0.981006 -2.329177 0.287018 9.662011
84.602 -0.961358 -2.286186 0.252742 9.709279
84.701 -0.944702 -2.282736 0.167221 9.726289
84.801 -0.933101 -2.281215 0.107880 9.737989
84.901 -0.921804 -2.280373 0.052029 9.749317
85.001 -0.903542 -2.280446 -0.047455 9.767579
85.101 -0.893479 -2.281260 -0.099815 9.777676
85.201 -0.881681 -2.282915 -0.164566 9.789589
85.302 -0.867511 -2.285943 -0.241186 9.804079
85.401 -0.850773 -2.267921 -0.233237 9.828675
85.502 -0.837994 -2.271459 -0.294324 9.841934
85.601 -0.827172 -2.275122 -0.348429 9.853359
85.701 -0.822263 -2.277099 -0.411261 9.858651
85.802 -0.818671 -2.278796 -0.463621 9.862624
85.903 -0.819417 -2.278379 -0.508999 9.863479
86.002 -0.822511 -2.276483 -0.578812 9.867107
86.101 -0.823552 -2.275797 -0.580383 9.868354
86.201 -0.867819 -2.197922 -0.617023 9.957932
86.301 -0.865495 -2.199584 -0.622259 9.960789
86.402 -0.857720 -2.205287 -0.638490 9.970431
86.504 -0.847821 -2.212778 -0.651056 9.982845
86.601 -0.838640 -2.219865 -0.661703 9.994444
86.701 -0.830507 -2.226199 -0.661703 10.004752
86.802 -0.817571 -2.236296 -0.663623 10.021163
86.901 -0.812533 -2.240236 -0.663623 10.027558
87.009 -0.810035 -2.242199 -0.670779 10.030735
87.105 -0.799071 -2.251364 -0.710747 10.045025
87.203 -0.792715 -2.256991 -0.729945 10.053514
87.301 -0.789579 -2.259797 -0.729945 10.057722
87.401 -0.789958 -2.259458 -0.729945 10.058230
87.501 -0.790280 -2.259169 -0.729945 10.058664
87.602 -0.785876 -2.262999 -0.709001 10.064500
87.702 -0.780132 -2.267815 -0.695039 10.071996
87.802 -0.770594 -2.275492 -0.663448 10.084240
87.901 -0.757456 -2.285412 -0.630287 10.100702
88.001 -0.748412 -2.291995 -0.628367 10.111889
88.102 -0.737303 -2.300067 -0.628367 10.125620
88.201 -0.728870 -2.306195 -0.628367 10.136045
88.303 -0.728121 -2.306739 -0.628367 10.136971
88.403 -0.723075 -2.310380 -0.624877 10.143193
88.502 -0.710474 -2.319447 -0.622957 10.158717
88.601 -0.700861 -2.326360 -0.622957 10.170558
88.701 -0.690161 -2.334032 -0.621211 10.183724
88.802 -0.685178 -2.337611 -0.622957 10.189859
88.901 -0.685018 -2.337727 -0.622957 10.190057
89.002 -0.684108 -2.338360 -0.610914 10.191165
89.101 -0.674725 -2.344530 -0.565361 10.202395
89.204 -0.663285 -2.384395 -0.444491 10.243869
89.301 -0.653139 -2.388970 -0.411504 10.254999
89.402 -0.634798 -2.396459 -0.383404 10.274810
89.501 -0.624110 -2.400742 -0.379739 10.286324
89.602 -0.608142 -2.406965 -0.363682 10.303462
89.703 -0.597150 -2.410967 -0.342389 10.315159
89.803 -0.585142 -2.415133 -0.324587 10.327870
89.901 -0.569113 -2.420396 -0.314115 10.344741
90.001 -0.557461 -2.424274 -0.324587 10.357021
90.101 -0.540994 -2.429948 -0.329823 10.374439
90.201 -0.533309 -2.432563 -0.326158 10.382556
90.301 -0.512489 -2.439417 -0.308355 10.404475
90.401 -0.501160 -2.442982 -0.304865 10.416352
90.501 -0.489852 -2.446511 -0.301199 10.428198
90.601 -0.472522 -2.451802 -0.290378 10.446317
90.701 -0.455387 -2.456731 -0.275892 10.464147
90.802 -0.441188 -2.460985 -0.300327 10.478970
90.901 -0.430438 -2.464416 -0.318129 10.490254
91.002 -0.417401 -2.468710 -0.307832 10.503980
91.101 -0.401433 -2.473672 -0.295440 10.520701
91.201 -0.390773 -2.476812 -0.276241 10.531814
91.302 -0.373749 -2.481433 -0.253377 10.549454
91.401 -0.359606 -2.484969 -0.240811 10.564032
91.502 -0.348171 -2.487731 -0.230165 10.575796
91.601 -0.333650 -2.491091 -0.226674 10.590701
91.701 -0.316299 -2.495119 -0.228419 10.608513
91.801 -0.305222 -2.497443 -0.195258 10.619831
91.901 -0.294262 -2.499428 -0.163842 10.630970
92.001 -0.272991 -2.502720 -0.156861 10.652494
92.102 -0.261377 -2.504593 -0.162097 10.664259
92.201 -0.246668 -2.506776 -0.132601 10.679128
92.302 -0.229446 -2.508711 -0.095600 10.696459
92.401 -0.206417 -2.497597 -0.021676 10.722029
92.502 -0.162929 -2.456991 0.104302 10.781528
92.601 -0.145228 -2.455138 0.090339 10.799326
92.701 -0.133426 -2.454243 0.064159 10.811162
92.801 -0.121877 -2.453561 0.058923 10.822731
92.902 -0.101010 -2.452513 0.041295 10.843624
93.001 -0.089896 -2.452204 0.018431 10.854742
93.101 -0.078651 -2.452149 -0.004083 10.865988
93.201 -0.064735 -2.452385 -0.019791 10.879905
93.301 -0.047181 -2.452805 -0.025027 10.897464
93.401 -0.035835 -2.453242 -0.045971 10.908818
93.501 -0.021831 -2.454089 -0.072151 10.922848
93.601 -0.004741 -2.455447 -0.079307 10.939992
93.701 0.007124 -2.456384 -0.079307 10.951894
93.801 0.022222 -2.457571 -0.077387 10.967039
93.901 0.039888 -2.458898 -0.073722 10.984754
94.001 0.051639 -2.459855 -0.087859 10.996544
94.101 0.072221 -2.461816 -0.098506 11.017220
94.201 0.083888 -2.462958 -0.096586 11.028942
94.301 0.095796 -2.464107 -0.094840 11.040906
94.403 0.113367 -2.465656 -0.078783 11.058544
94.501 0.130703 -2.466866 -0.068137 11.075923
94.602 0.138882 -2.467506 -0.080529 11.084127
94.701 0.154968 -2.468908 -0.094840 11.100274
94.802 0.168923 -2.470146 -0.079133 11.114284
94.903 0.186335 -2.471436 -0.070057 11.131744
95.002 0.197298 -2.472323 -0.084194 11.142743
95.105 0.208064 -2.473299 -0.094840 11.153553
95.202 0.227503 -2.475365 -0.116134 11.173101
95.301 0.239109 -2.476794 -0.126955 11.184795
95.401 0.250847 -2.478375 -0.135681 11.196639
95.502 0.321026 -2.476979 -0.208544 11.266832
95.601 0.332978 -2.479378 -0.184110 11.279022
95.701 0.353517 -2.482665 -0.135415 11.299822
95.801 0.364975 -2.484184 -0.128085 11.311380
95.901 0.376674 -2.485536 -0.110631 11.323158
96.001 0.396707 -2.487225 -0.060017 11.343261
96.102 0.408251 -2.487727 -0.032092 11.354816
96.201 0.419692 -2.487977 -0.021445 11.366261
96.301 0.440078 -2.488269 -0.010624 11.386649
96.401 0.450743 -2.488463 -0.022841 11.397315
96.501 0.461865 -2.488793 -0.033488 11.408442
96.601 0.477988 -2.489494 -0.049719 11.424580
96.701 0.494110 -2.490533 -0.071187 11.440735
96.801 0.502725 -2.491096 -0.060540 11.449369
96.901 0.520550 -2.492111 -0.053210 11.467223
97.001 0.538547 -2.492893 -0.035757 11.485237
97.101 0.547250 -2.493141 -0.024936 11.493943
97.204 0.565002 -2.493616 -0.028601 11.511702
97.302 0.579680 -2.494058 -0.032266 11.526387
97.403 0.591101 -2.494259 -0.006086 11.537809
97.501 0.609215 -2.494099 0.021839 11.555924
97.602 0.623009 -2.493816 0.018349 11.569721
97.701 0.634921 -2.493619 0.014683 11.581634
97.801 0.652153 -2.493174 0.032311 11.598872
97.901 0.670260 -2.492473 0.046274 11.616992
98.001 0.678842 -2.492075 0.046274 11.625583
98.101 0.696591 -2.491248 0.048019 11.643352
98.202 0.714338 -2.490180 0.065472 11.661131
98.301 0.723245 -2.489520 0.079435 11.670063
98.402 0.734617 -2.488534 0.089907 11.681478
98.501 0.755106 -2.486257 0.124814 11.702092
98.601 0.767180 -2.477431 0.146945 11.717048
98.701 0.789452 -2.359836 0.190222 11.836733
98.805 0.804682 -2.356837 0.191967 11.852255
98.902 0.814971 -2.354860 0.188477 11.862733
99.001 0.825082 -2.352945 0.186731 11.873024
99.101 0.843006 -2.349689 0.176259 11.891241
99.201 0.853648 -2.347913 0.153570 11.902030
99.301 0.865381 -2.346342 0.122154 11.913867
99.401 0.885057 -2.344389 0.082011 11.933641
99.501 0.895878 -2.343603 0.064558 11.944490
99.602 0.912838 -2.342831 0.026161 11.961468
99.701 0.926740 -2.342800 -0.014156 11.975370
99.801 0.937668 -2.343149 -0.043652 11.986303
99.901 0.954447 -2.344335 -0.089031 12.003124
100.002 0.969044 -2.345989 -0.127603 12.017815
100.102 0.979341 -2.347489 -0.155353 12.028220
100.201 0.996324 -2.350304 -0.166174 12.045435
100.301 1.010829 -2.352769 -0.169840 12.060148
100.401 1.022195 -2.354822 -0.183977 12.071697
100.501 1.039420 -2.358302 -0.208411 12.089271
100.601 1.054037 -2.361454 -0.217312 12.104224
100.702 1.065400 -2.363981 -0.219232 12.115864
100.802 1.082615 -2.367909 -0.226563 12.133522
100.901 1.096913 -2.371258 -0.231973 12.148207
101.001 1.109157 -2.374036 -0.216091 12.160762
101.101 1.167172 -2.394298 -0.260265 12.222213
101.201 1.177370 -2.396915 -0.246127 12.232742
101.302 1.192177 -2.400317 -0.212966 12.247934
101.401 1.205953 -2.403113 -0.195338 12.261991
101.501 1.220152 -2.405705 -0.172649 12.276425
101.601 1.231399 -2.407544 -0.155021 12.287822
101.701 1.247454 -2.409819 -0.130063 12.304037
101.801 1.261096 -2.411444 -0.107199 12.317776
101.901 1.271794 -2.412492 -0.093062 12.328524
102.001 1.288699 -2.413788 -0.070373 12.345479
102.101 1.299545 -2.414462 -0.057981 12.356347
102.201 1.316672 -2.415397 -0.052396 12.373498
102.301 1.331584 -2.416169 -0.050651 12.388430
102.401 1.343109 -2.416753 -0.050651 12.399970
102.502 1.358392 -2.417528 -0.050651 12.415273
102.601 1.375945 -2.418401 -0.048905 12.432848
102.701 1.387828 -2.418983 -0.048905 12.444745
102.802 1.399952 -2.419555 -0.047160 12.456882
102.901 1.421249 -2.420539 -0.045415 12.478202
103.001 1.433309 -2.421087 -0.045415 12.490274
103.101 1.445169 -2.421641 -0.047160 12.502148
103.201 1.465071 -2.422626 -0.057632 12.522074
103.301 1.476972 -2.423330 -0.061297 12.533996
103.402 1.487707 -2.424019 -0.064962 12.544753
103.501 1.508219 -2.425412 -0.070373 12.565312
103.603 1.519938 -2.426249 -0.072293 12.577061
103.701 1.537415 -2.427562 -0.075958 12.594587
103.810 1.551695 -2.428685 -0.079623 12.608912
103.901 1.562774 -2.429583 -0.081368 12.620026
104.003 1.579596 -2.431008 -0.086953 12.636908
104.102 1.591297 -2.432054 -0.090619 12.648657
104.201 1.645155 -2.384334 -0.074495 12.720614
104.302 1.685765 -2.347097 -0.078396 12.775712
104.401 1.700260 -2.348457 -0.109812 12.790270
104.501 1.711350 -2.349940 -0.146464 12.801459
104.601 1.728228 -2.352881 -0.190098 12.818591
104.701 1.742726 -2.356005 -0.226749 12.833421
104.802 1.753974 -2.358825 -0.256595 12.845017
104.901 1.769138 -2.363207 -0.298308 12.860802
105.002 1.779341 -2.366477 -0.315761 12.871516
105.101 1.792418 -2.370996 -0.345781 12.885352
105.210 1.804321 -2.375415 -0.363234 12.898049
105.302 1.814894 -2.379616 -0.384178 12.909426
105.401 1.830222 -2.386185 -0.415769 12.926102
105.502 1.842540 -2.391777 -0.436713 12.939630
105.602 1.852671 -2.396675 -0.456086 12.950883
105.701 1.866061 -2.403451 -0.471968 12.965890
105.801 1.873820 -2.407434 -0.477379 12.974612
105.901 1.884162 -2.412809 -0.481044 12.986267
106.002 1.899698 -2.420930 -0.482964 13.003798
106.101 1.912501 -2.427661 -0.486629 13.018262
106.202 1.922063 -2.432702 -0.484709 13.029071
106.301 1.936269 -2.440189 -0.484709 13.045129
106.402 1.948536 -2.446632 -0.481044 13.058985
106.501 1.958719 -2.451946 -0.481044 13.070472
106.602 1.970574 -2.458108 -0.479299 13.083833
106.702 1.985157 -2.465681 -0.479299 13.100265
106.802 1.994243 -2.470392 -0.479299 13.110499
106.902 2.003629 -2.475247 -0.477379 13.121067
107.002 2.019652 -2.483599 -0.486454 13.139136
107.101 2.027359 -2.487700 -0.490120 13.147866
107.201 2.035381 -2.492045 -0.499021 13.156989
107.301 2.082234 -2.484770 -0.566802 13.204404
107.401 2.091465 -2.490645 -0.566802 13.215346
107.502 2.099715 -2.495896 -0.566802 13.225126
107.602 2.114155 -2.505063 -0.564882 13.242230
107.701 2.123791 -2.511163 -0.563137 13.253634
107.803 2.137881 -2.520047 -0.561217 13.270291
107.901 2.148282 -2.526565 -0.559472 13.282565
108.001 2.156841 -2.531897 -0.555806 13.292649
108.101 2.169157 -2.539521 -0.552141 13.307134
108.204 2.183223 -2.548145 -0.548476 13.323634
108.301 2.191743 -2.553312 -0.542891 13.333598
108.401 2.205009 -2.561279 -0.539226 13.349073
108.501 2.216389 -2.568021 -0.530325 13.362300
108.601 2.227865 -2.574693 -0.523169 13.375575
108.701 2.236922 -2.579874 -0.516013 13.386008
108.801 2.251343 -2.587952 -0.505366 13.402538
108.903 2.263726 -2.594721 -0.496291 13.416650
109.001 2.273031 -2.599657 -0.477092 13.427183
109.101 2.283425 -2.604847 -0.452657 13.438801
109.201 2.300999 -2.612770 -0.402043 13.458078
109.302 2.310080 -2.616432 -0.370627 13.467870
109.401 2.319233 -2.619811 -0.344447 13.477627
109.502 2.333786 -2.624610 -0.299068 13.492951
109.602 2.342808 -2.627262 -0.279870 13.502355
109.703 2.351163 -2.629529 -0.259100 13.511011
109.801 2.362889 -2.632371 -0.225939 13.523076
109.901 2.375243 -2.635020 -0.201155 13.535711
110.001 2.382201 -2.636363 -0.190683 13.542798
110.102 2.397338 -2.639295 -0.192603 13.558217
110.212 2.412379 -2.642290 -0.203250 13.573552
110.301 2.418916 -2.643654 -0.206915 13.580230
110.401 2.478457 -2.586649 -0.126792 13.662660
110.502 2.479416 -2.586771 -0.126792 13.663626
110.601 2.479392 -2.586767 -0.142675 13.663650
110.701 2.479593 -2.586806 -0.179327 13.663856
110.801 2.480025 -2.586900 -0.226625 13.664298
110.901 2.480085 -2.586916 -0.261532 13.664360
111.005 2.483800 -2.588110 -0.322618 13.668262
111.101 2.489715 -2.590247 -0.357525 13.674552
111.201 2.496743 -2.593037 -0.390512 13.682113
111.301 2.506415 -2.597418 -0.453518 13.692730
111.401 2.509407 -2.598879 -0.453518 13.696060
111.501 2.509644 -2.598993 -0.451598 13.696323
111.601 2.509177 -2.598767 -0.451598 13.696842
111.705 2.509159 -2.598758 -0.451598 13.696862
111.804 2.509231 -2.598793 -0.453518 13.696942
111.902 2.513341 -2.600781 -0.449853 13.701508
112.002 2.524059 -2.605972 -0.449853 13.713417
112.101 2.529933 -2.608821 -0.451598 13.719945
112.201 2.540156 -2.613768 -0.449853 13.731302
112.301 2.551101 -2.619061 -0.449853 13.743460
112.402 2.559991 -2.623354 -0.449853 13.753332
112.501 2.567265 -2.626871 -0.451598 13.761412
112.601 2.575954 -2.631070 -0.449853 13.771062
112.701 2.585274 -2.635571 -0.449853 13.781412
112.801 2.595872 -2.640688 -0.449853 13.793181
112.901 2.601821 -2.643561 -0.449853 13.799788
113.001 2.613384 -2.649144 -0.449853 13.812627
113.102 2.620585 -2.652621 -0.449853 13.820624
113.201 2.627872 -2.656140 -0.449853 13.828716
113.301 2.640108 -2.662032 -0.447933 13.842297
113.401 2.647199 -2.665440 -0.447933 13.850164
113.503 2.654863 -2.669127 -0.449853 13.858669
113.603 2.693599 -2.655144 -0.496152 13.899851
113.701 2.704722 -2.660133 -0.495542 13.912042
113.801 2.711939 -2.664048 -0.497462 13.920252
113.901 2.724040 -2.670593 -0.495542 13.934010
114.001 2.730716 -2.674201 -0.495542 13.941598
114.102 2.738276 -2.678288 -0.495542 13.950193
114.202 2.746339 -2.682646 -0.495542 13.959358
114.302 2.756848 -2.688326 -0.495542 13.971304
114.402 2.763852 -2.692112 -0.495542 13.979266
114.501 2.772535 -2.696802 -0.493797 13.989134
114.602 2.782357 -2.702103 -0.495542 14.000296
114.701 2.789788 -2.706107 -0.493797 14.008737
114.807 2.797565 -2.710293 -0.493797 14.017568
114.901 2.797765 -2.710401 -0.493797 14.017796
115.001 2.801325 -2.712325 -0.495542 14.021842
115.101 2.810616 -2.717334 -0.495542 14.032398
115.201 2.820735 -2.722793 -0.493797 14.043896
115.302 2.827898 -2.726657 -0.493797 14.052034
115.402 2.834757 -2.730336 -0.491877 14.059818
115.509 2.836230 -2.731125 -0.491877 14.061488
115.606 2.836150 -2.731082 -0.491877 14.061578
115.707 2.836124 -2.731068 -0.491877 14.061608
115.802 2.836124 -2.731068 -0.491877 14.061608
115.901 2.836124 -2.731068 -0.491877 14.061608
116.001 2.836018 -2.731012 -0.491877 14.061727
116.101 2.835911 -2.730954 -0.491877 14.061849
116.201 2.836073 -2.731041 -0.491877 14.062032
116.305 2.835932 -2.730965 -0.491877 14.062193
116.402 2.835932 -2.730965 -0.491877 14.062193
116.501 2.835969 -2.730985 -0.491877 14.062235
116.601 2.845331 -2.704799 -0.493794 14.090045
116.701 2.847386 -2.699049 -0.494215 14.096150
116.801 2.847456 -2.699087 -0.494215 14.096230
116.901 2.847456 -2.699087 -0.494215 14.096230
117.002 2.847456 -2.699087 -0.494215 14.096230
117.101 2.847456 -2.699087 -0.494215 14.096230
117.201 2.847456 -2.699087 -0.494215 14.096230
117.301 2.847456 -2.699087 -0.494215 14.096230
117.401 2.847456 -2.699087 -0.494215 14.096230
117.501 2.847456 -2.699087 -0.494215 14.096230
117.601 2.847456 -2.699087 -0.494215 14.096230
117.702 2.847456 -2.699087 -0.494215 14.096230
117.801 2.847474 -2.699097 -0.494215 14.096250
117.901 2.847474 -2.699097 -0.494215 14.096250
118.001 2.847474 -2.699097 -0.494215 14.096250
118.101 2.847474 -2.699097 -0.494215 14.096250
118.201 2.847474 -2.699097 -0.494215 14.096250
118.301 2.847474 -2.699097 -0.494215 14.096250
118.401 2.847474 -2.699097 -0.494215 14.096250
118.501 2.847474 -2.699097 -0.494215 14.096250
118.601 2.847474 -2.699097 -0.494215 14.096250
118.701 2.847474 -2.699097 -0.494215 14.096250
118.801 2.847474 -2.699097 -0.494215 14.096250
118.901 2.847474 -2.699097 -0.494215 14.096250
119.001 2.847474 -2.699097 -0.494215 14.096250
119.101 2.847474 -2.699097 -0.494215 14.096250
119.201 2.847474 -2.699097 -0.494215 14.096250
119.301 2.847474 -2.699097 -0.494215 14.096250
119.401 2.847474 -2.699097 -0.494215 14.096250
119.501 2.847474 -2.699097 -0.494215 14.096250
119.601 2.847474 -2.699097 -0.494215 14.096250
119.701 2.847157 -2.702796 -0.487962 14.099963
119.801 2.847157 -2.702796 -0.487962 14.099963
119.901 2.847157 -2.702796 -0.487962 14.099963
120.001 2.847157 -2.702796 -0.487962 14.099963
120.101 2.847157 -2.702796 -0.487962 14.099963
120.201 2.847157 -2.702796 -0.487962 14.099963
120.301 2.847157 -2.702796 -0.487962 14.099963
120.401 2.847157 -2.702796 -0.487962 14.099963
120.501 2.847157 -2.702796 -0.487962 14.099963
120.602 2.847157 -2.702796 -0.487962 14.099963
120.701 2.847157 -2.702796 -0.487962 14.099963
120.801 2.847157 -2.702796 -0.487962 14.099963
120.901 2.847157 -2.702796 -0.487962 14.099963
121.001 2.847157 -2.702796 -0.487962 14.099963
121.101 2.847157 -2.702796 -0.487962 14.099963
121.201 2.847157 -2.702796 -0.487962 14.099963
121.302 2.847157 -2.702796 -0.487962 14.099963
121.402 2.847157 -2.702796 -0.487962 14.099963
121.501 2.847157 -2.702796 -0.487962 14.099963
121.601 2.847157 -2.702796 -0.487962 14.099963
121.702 2.847157 -2.702796 -0.487962 14.099963
121.801 2.847157 -2.702796 -0.487962 14.099963
121.901 2.847157 -2.702796 -0.487962 14.099963
122.001 2.847157 -2.702796 -0.487962 14.099963
122.101 2.847157 -2.702796 -0.487962 14.099963
122.201 2.847157 -2.702796 -0.487962 14.099963
122.301 2.847174 -2.702805 -0.487962 14.099983
122.401 2.847174 -2.702805 -0.487962 14.099983
122.501 2.847174 -2.702805 -0.487962 14.099983
122.601 2.847174 -2.702805 -0.487962 14.099983
122.701 2.847174 -2.702805 -0.487962 14.099983
122.802 2.847132 -2.702885 -0.487114 14.100073
122.901 2.847096 -2.702950 -0.486403 14.100147
123.001 2.847096 -2.702950 -0.486403 14.100147
123.101 2.847096 -2.702950 -0.486403 14.100147
123.201 2.847096 -2.702950 -0.486403 14.100147
123.301 2.847096 -2.702950 -0.486403 14.100147
123.401 2.847096 -2.702950 -0.486403 14.100147
123.501 2.847096 -2.702950 -0.486403 14.100147
123.601 2.847096 -2.702950 -0.486403 14.100147
123.701 2.847096 -2.702950 -0.486403 14.100147
123.801 2.847096 -2.702950 -0.486403 14.100147
123.902 2.847096 -2.702950 -0.486403 14.100147
124.002 2.847096 -2.702950 -0.486403 14.100147
124.101 2.847096 -2.702950 -0.486403 14.100147
124.201 2.847096 -2.702950 -0.486403 14.100147
124.302 2.847096 -2.702950 -0.486403 14.100147
124.401 2.847096 -2.702950 -0.486403 14.100147
124.501 2.847096 -2.702950 -0.486403 14.100147
124.601 2.847096 -2.702950 -0.486403 14.100147
124.701 2.847096 -2.702950 -0.486403 14.100147
124.801 2.847096 -2.702950 -0.486403 14.100147
124.901 2.847096 -2.702950 -0.486403 14.100147
125.001 2.847096 -2.702950 -0.486403 14.100147
125.101 2.847096 -2.702950 -0.486403 14.100147
125.201 2.847096 -2.702950 -0.486403 14.100147
125.301 2.847096 -2.702950 -0.486403 14.100147
125.401 2.847096 -2.702950 -0.486403 14.100147
125.501 2.847096 -2.702950 -0.486403 14.100147
125.601 2.847096 -2.702950 -0.486403 14.100147
125.701 2.847096 -2.702950 -0.486403 14.100147
125.801 2.847096 -2.702950 -0.486403 14.100147
125.901 2.847096 -2.702950 -0.486403 14.100147
126.001 2.847185 -2.702997 -0.486403 14.100247
126.102 2.847185 -2.702997 -0.486403 14.100247
126.201 2.847185 -2.702997 -0.486403 14.100247
126.301 2.847185 -2.702997 -0.486403 14.100247
126.402 2.847131 -2.702968 -0.486403 14.100309
126.501 2.847097 -2.702950 -0.486403 14.100347
126.601 2.847097 -2.702950 -0.486403 14.100347
126.701 2.847097 -2.702950 -0.486403 14.100347
126.801 2.847097 -2.702950 -0.486403 14.100347
126.901 2.847079 -2.702941 -0.486403 14.100367
127.001 2.847079 -2.702941 -0.486403 14.100367
127.101 2.847079 -2.702941 -0.486403 14.100367
127.201 2.847079 -2.702941 -0.486403 14.100367
127.301 2.847079 -2.702941 -0.486403 14.100367
127.401 2.847079 -2.702941 -0.486403 14.100367
127.501 2.847079 -2.702941 -0.486403 14.100367
127.601 2.847079 -2.702941 -0.486403 14.100367
127.701 2.847079 -2.702941 -0.486403 14.100367
127.801 2.847079 -2.702941 -0.486403 14.100367
127.902 2.847079 -2.702941 -0.486403 14.100367
128.001 2.847079 -2.702941 -0.486403 14.100367
128.101 2.847079 -2.702941 -0.486403 14.100367
128.201 2.847079 -2.702941 -0.486403 14.100367
128.301 2.847079 -2.702941 -0.486403 14.100367
