# t_sec x y yaw_rad cum_dist_m
0.107 0.001643 0.003125 0.000000 0.000000
0.206 0.001703 0.003125 0.000000 0.000060
0.305 0.001723 0.003125 0.000000 0.000080
0.405 0.001723 0.003125 0.000000 0.000080
0.505 0.001723 0.003125 0.000000 0.000080
0.605 0.001723 0.003125 0.000000 0.000080
0.705 0.001723 0.003125 0.000000 0.000080
0.805 0.001229 0.003120 0.019199 0.000575
0.905 0.001070 0.003116 0.033336 0.000734
1.005 0.000990 0.003115 0.071908 0.000814
1.105 0.001310 0.003146 0.105069 0.001136
1.206 0.000776 0.003074 0.138230 0.001675
1.305 0.000933 0.003100 0.166155 0.001834
1.408 0.001109 0.003130 0.209789 0.002012
1.505 0.000681 0.003033 0.246440 0.002451
1.605 0.001047 0.003130 0.269130 0.002829
1.705 0.000513 0.002964 0.312938 0.003388
1.805 0.000907 0.003104 0.344179 0.003806
1.905 0.000931 0.003103 0.385892 0.003830
2.005 0.000340 0.002851 0.417483 0.004472
2.105 0.000682 0.003013 0.447153 0.004851
2.205 0.000381 0.002857 0.490787 0.005189
2.306 -0.014798 0.011785 0.536157 0.022800
2.405 -0.014740 0.011815 0.564082 0.022866
2.505 -0.014746 0.011821 0.612951 0.022874
2.607 -0.014681 0.011867 0.637386 0.022953
2.705 -0.014745 0.011819 0.660075 0.023033
2.806 -0.014803 0.011781 0.710690 0.023102
2.905 -0.014799 0.011784 0.742106 0.023107
3.007 -0.014872 0.011714 0.764795 0.023207
3.105 -0.015156 0.011431 0.811919 0.023608
3.206 -0.014953 0.011652 0.836353 0.023908
3.305 -0.015032 0.011561 0.866024 0.024029
3.405 -0.015286 0.011244 0.904421 0.024435
3.505 -0.015220 0.011334 0.934092 0.024546
3.605 -0.015426 0.011038 0.977725 0.024907
3.705 -0.015372 0.011122 1.005476 0.025007
3.805 0.001657 -0.005082 1.055824 0.048513
3.906 0.001921 -0.004594 1.092476 0.049068
4.005 0.001776 -0.004880 1.109929 0.049388
4.105 0.001644 -0.005158 1.153563 0.049696
4.205 0.001742 -0.004930 1.188469 0.049944
4.306 0.001663 -0.005142 1.219885 0.050170
4.405 0.001662 -0.005142 1.263518 0.050171
4.505 0.001628 -0.005264 1.294934 0.050297
4.605 0.001531 -0.005628 1.326350 0.050674
4.705 0.001625 -0.005208 1.356021 0.051104
4.805 0.001501 -0.005940 1.404890 0.051847
4.905 0.001509 -0.005882 1.432815 0.051906
5.005 0.001560 -0.005465 1.458995 0.052326
5.105 0.001509 -0.006045 1.511355 0.052908
5.206 -0.014245 -0.013225 1.542406 0.070221
5.305 -0.026293 -0.019055 1.592847 0.083605
5.405 -0.026293 -0.019032 1.617282 0.083628
5.506 -0.026298 -0.018931 1.652188 0.083730
5.605 -0.026308 -0.018853 1.694076 0.083808
5.706 -0.026287 -0.019018 1.723572 0.083974
5.805 -0.026308 -0.018882 1.732299 0.084113
5.905 -0.026279 -0.019041 1.767729 0.084275
6.005 -0.026247 -0.019195 1.790418 0.084432
6.105 -0.026235 -0.019227 1.818344 0.084466
6.210 -0.026253 -0.019191 1.861977 0.084507
6.305 -0.026294 -0.019064 1.891648 0.084640
6.405 -0.026171 -0.019422 1.935281 0.085018
6.505 -0.026172 -0.019421 1.957970 0.085019
6.605 -0.025969 -0.019868 1.998113 0.085510
6.707 -0.026258 -0.019275 2.040001 0.086169
6.805 -0.026206 -0.019372 2.060945 0.086279
6.905 -0.015724 -0.026379 2.115526 0.098887
7.005 -0.015927 -0.026059 2.145196 0.099266
7.105 -0.015680 -0.026426 2.164395 0.099709
7.205 -0.015693 -0.026411 2.208028 0.099729
7.306 -0.015567 -0.026562 2.251661 0.099926
7.405 -0.015631 -0.026494 2.283077 0.100019
7.505 -0.015684 -0.026431 2.311002 0.100102
7.605 -0.015216 -0.026926 2.345909 0.100784
7.705 -0.015173 -0.026969 2.359872 0.100844
7.805 -0.015511 -0.026650 2.415722 0.101308
7.905 -0.015464 -0.026688 2.447138 0.101369
8.007 -0.015324 -0.026802 2.473318 0.101549
8.105 -0.015249 -0.026863 2.513461 0.101646
8.205 -0.015327 -0.026808 2.550112 0.101742
8.305 -0.014756 -0.027180 2.586764 0.102424
8.406 -0.015218 -0.026907 2.614690 0.102961
8.505 -0.014797 -0.025438 2.667475 0.104488
8.605 -0.013403 -0.025223 2.723576 0.105899
8.705 -0.013773 -0.025068 2.754817 0.106299
8.805 -0.013641 -0.025118 2.786408 0.106440
8.905 -0.013567 -0.025147 2.830041 0.106520
9.006 -0.013340 -0.025215 2.861457 0.106757
9.106 -0.013552 -0.025156 2.882575 0.106977
9.210 -0.013337 -0.025204 2.931270 0.107198
9.305 -0.013119 -0.025247 2.957450 0.107420
9.405 -0.012941 -0.025278 2.985550 0.107601
9.505 -0.013239 -0.025240 3.039655 0.107901
9.605 -0.013060 -0.025255 3.062344 0.108081
9.706 -0.012662 -0.025277 3.090270 0.108479
9.805 -0.013203 -0.025266 3.135648 0.109020
9.905 -0.012976 -0.025262 -3.117692 0.109247
10.005 -0.025705 -0.054682 -3.105002 0.141303
10.105 -0.026082 -0.054708 -3.056132 0.141681
10.205 -0.025727 -0.054668 -3.024716 0.142039
10.305 -0.025627 -0.054656 -2.998536 0.142140
10.405 -0.025552 -0.054638 -2.951413 0.142216
10.505 -0.026118 -0.054756 -2.925233 0.142795
10.606 -0.025825 -0.054687 -2.900798 0.143096
10.705 -0.025264 -0.054536 -2.864146 0.143678
10.805 -0.025492 -0.054611 -2.818768 0.143918
10.905 -0.025223 -0.054507 -2.783861 0.144206
11.005 -0.025329 -0.054551 -2.741973 0.144320
11.105 -0.025382 -0.054573 -2.712302 0.144378
11.205 -0.025055 -0.054419 -2.684377 0.144740
11.306 -0.025356 -0.054575 -2.637253 0.145080
11.405 -0.018425 -0.008746 -2.577183 0.191430
11.505 -0.015452 0.013066 -2.536397 0.213443
11.605 -0.015651 0.012924 -2.489273 0.213688
11.706 -0.015510 0.013035 -2.461173 0.213867
11.828 -0.015484 0.013060 -2.433422 0.213904
11.908 -0.015230 0.013286 -2.382633 0.214244
12.009 -0.015489 0.013033 -2.361864 0.214606
12.105 -0.015617 0.012903 -2.332193 0.214788
12.205 -0.015161 0.013403 -2.284895 0.215465
12.306 -0.015166 0.013395 -2.258715 0.215476
12.417 -0.015451 0.013037 -2.234106 0.215933
12.505 -0.015213 0.013355 -2.186982 0.216330
12.605 -0.015059 0.013583 -2.155566 0.216604
12.705 -0.014994 0.013679 -2.134273 0.216721
12.805 -0.015072 0.013555 -2.090640 0.216867
12.905 -0.015006 0.013678 -2.057653 0.217007
13.019 -0.014949 0.013786 -2.012100 0.217129
13.106 -0.015034 0.013603 -1.984349 0.217330
13.209 -0.014989 0.013709 -1.952759 0.217445
13.305 0.023844 0.033238 -1.892546 0.260912
13.405 0.023814 0.033142 -1.866192 0.261013
13.505 0.023770 0.033007 -1.815577 0.261155
13.605 0.023786 0.033070 -1.789397 0.261221
13.706 0.023858 0.033424 -1.752745 0.261582
13.805 0.023808 0.033111 -1.712603 0.261899
13.905 0.023804 0.033090 -1.686423 0.261920
14.005 0.023842 0.033510 -1.641044 0.262342
14.105 0.023830 0.033252 -1.613119 0.262600
14.209 0.023830 0.033306 -1.586939 0.262655
14.305 0.023829 0.033686 -1.545051 0.263034
14.406 0.023846 0.033388 -1.503163 0.263332
14.506 0.023811 0.033799 -1.476983 0.263745
14.605 0.023817 0.033740 -1.440331 0.263804
14.705 0.030886 0.048659 -1.373237 0.280313
14.806 0.030887 0.048662 -1.352293 0.280316
14.905 0.030919 0.048526 -1.324368 0.280457
15.005 0.030872 0.048655 -1.275498 0.280595
15.105 0.030800 0.048881 -1.249318 0.280831
15.205 0.030805 0.048857 -1.212667 0.280855
15.307 0.030848 0.048747 -1.184741 0.280974
15.405 0.030796 0.048878 -1.151580 0.281115
15.506 0.030748 0.048988 -1.106202 0.281235
15.606 0.030746 0.048989 -1.078276 0.281238
15.705 0.030503 0.049399 -1.034643 0.281714
15.805 0.030536 0.049348 -0.999562 0.281774
15.905 0.030589 0.049265 -0.968146 0.281873
16.005 0.030516 0.049373 -0.940046 0.282003
16.105 0.030460 0.049439 -0.900078 0.282090
16.206 0.014095 0.041892 -0.842967 0.300111
16.309 0.014385 0.041583 -0.811551 0.300535
16.405 0.014528 0.041434 -0.787116 0.300742
16.506 0.013981 0.041965 -0.750115 0.301504
16.605 0.014293 0.041688 -0.720445 0.301921
16.705 0.014152 0.041800 -0.682048 0.302101
16.805 0.013929 0.041982 -0.641905 0.302389
16.905 0.013925 0.041979 -0.606998 0.302394
17.005 0.013742 0.042102 -0.566856 0.302614
17.105 0.013981 0.041953 -0.531949 0.302895
17.206 0.013546 0.042197 -0.505769 0.303394
17.305 0.013351 0.042303 -0.472608 0.303616
17.405 0.013725 0.042119 -0.427230 0.304032
17.506 -0.000241 0.029281 -0.383343 0.323003
17.605 -0.018535 0.011853 -0.344508 0.348269
17.705 -0.018619 0.011884 -0.295639 0.348359
17.805 -0.018715 0.011910 -0.264223 0.348458
17.905 -0.018883 0.011959 -0.225651 0.348633
18.005 -0.018582 0.011900 -0.187254 0.348941
18.105 -0.018925 0.011956 -0.161074 0.349289
18.206 -0.019155 0.011991 -0.131403 0.349521
18.305 -0.019136 0.011989 -0.079044 0.349540
18.405 -0.019096 0.011987 -0.051118 0.349581
18.505 -0.019237 0.011993 -0.019702 0.349722
18.605 -0.019504 0.011989 0.004732 0.349989
18.705 -0.020036 0.011986 0.002987 0.350522
18.813 -0.020157 0.011986 0.002987 0.350642
18.908 -0.020157 0.011986 0.002987 0.350642
19.005 -0.015807 0.006752 -0.005664 0.357447
19.105 -0.010700 0.000606 -0.015821 0.365439
19.206 -0.010700 0.000606 -0.015821 0.365439
19.307 -0.010700 0.000606 -0.015821 0.365439
19.405 -0.010700 0.000606 -0.015821 0.365439
19.506 -0.010700 0.000606 -0.015821 0.365439
19.606 -0.010700 0.000606 -0.015821 0.365439
19.705 -0.010700 0.000606 -0.015821 0.365439
19.808 -0.010700 0.000606 -0.015821 0.365439
19.905 -0.010700 0.000606 -0.015821 0.365439
20.005 -0.010700 0.000606 -0.015821 0.365439
20.105 -0.010700 0.000606 -0.015821 0.365439
20.206 -0.010700 0.000606 -0.015821 0.365439
20.305 -0.010700 0.000606 -0.015821 0.365439
20.405 -0.010700 0.000606 -0.015821 0.365439
20.505 -0.010700 0.000606 -0.015821 0.365439
20.605 -0.010978 0.000610 -0.015821 0.365717
20.705 -0.013090 0.000583 0.029557 0.367829
20.805 -0.015475 0.000418 0.099370 0.370220
20.905 -0.018797 -0.000174 0.233761 0.373594
21.005 -0.020816 -0.000766 0.321027 0.375698
21.105 -0.021681 -0.001093 0.404803 0.376623
21.205 -0.021580 -0.001044 0.551411 0.376735
21.305 -0.019796 0.000223 0.638677 0.378923
21.406 -0.015412 0.003945 0.750378 0.384674
21.505 -0.008522 0.011507 0.876042 0.394904
21.605 -0.003844 0.017759 0.963308 0.402712
21.705 0.001604 0.026835 1.071519 0.413298
21.816 0.008677 0.042373 1.195437 0.430370
21.905 -0.052100 0.058442 1.304958 0.493236
22.005 -0.049256 0.071525 1.390479 0.506625
22.105 -0.047266 0.087405 1.479491 0.522629
22.205 -0.046619 0.098861 1.536912 0.534103
22.305 -0.046720 0.113296 1.606726 0.548538
22.405 -0.002722 0.119421 1.689501 0.592960
22.505 -0.004244 0.130213 1.726153 0.603858
22.606 -0.006847 0.143787 1.780084 0.617680
22.706 -0.010891 0.159819 1.843090 0.634214
22.806 -0.014120 0.170441 1.879742 0.645316
22.906 -0.017823 0.181290 1.912904 0.656779
23.005 -0.025153 0.200305 1.953046 0.677158
23.107 -0.030858 0.222879 1.939522 0.700442
23.206 -0.035084 0.233463 1.960466 0.711839
23.305 -0.042951 0.251324 1.998863 0.731355
23.406 -0.047190 0.260253 2.019807 0.741240
23.505 -0.051771 0.269457 2.040751 0.751520
23.605 -0.059839 0.284704 2.075658 0.768771
23.705 -0.065280 0.294298 2.089620 0.779800
23.815 -0.070963 0.303964 2.107074 0.791013
23.905 -0.080849 0.319971 2.136744 0.809827
24.005 -0.086647 0.328983 2.143725 0.820542
24.105 -0.092697 0.338310 2.148961 0.831660
24.205 -0.102812 0.353706 2.154197 0.850081
24.305 -0.107466 0.360695 2.162924 0.858478
24.405 -0.111023 0.365958 2.168160 0.864831
24.505 -0.113153 0.369083 2.168160 0.868612
24.608 -0.113627 0.369779 2.168160 0.869454
24.709 -0.113503 0.369597 2.168160 0.869674
24.806 -0.115543 0.372581 2.171651 0.873289
24.905 -0.129742 0.377010 2.187524 0.888163
25.005 -0.138188 0.388698 2.199742 0.902583
25.106 -0.143230 0.395525 2.208468 0.911070
25.205 -0.146070 0.399341 2.211959 0.915827
25.305 -0.152450 0.407793 2.220686 0.926417
25.405 -0.156695 0.413367 2.222431 0.933423
25.505 -0.161062 0.419045 2.222431 0.940586
25.605 -0.158817 0.416087 2.218940 0.944299
25.705 -0.156894 0.413548 2.218940 0.947485
25.805 -0.159058 0.416347 2.229412 0.951023
25.905 -0.165980 0.425092 2.250356 0.962175
26.005 -0.173490 0.434082 2.274791 0.973890
26.105 -0.183066 0.444929 2.302716 0.988359
26.210 -0.193557 0.456274 2.328896 1.003812
26.306 -0.200968 0.463972 2.337623 1.014497
26.406 -0.213055 0.476374 2.348095 1.031814
26.505 -0.223000 0.486426 2.353331 1.045954
26.605 -0.231210 0.494639 2.358567 1.057568
26.705 -0.241437 0.504703 2.370784 1.071916
26.805 -0.253575 0.516190 2.389983 1.088628
26.907 -0.262232 0.524147 2.398709 1.100385
27.005 -0.271171 0.532327 2.400454 1.112503
27.105 -0.286317 0.546085 2.405690 1.132965
27.205 -0.294428 0.553418 2.407436 1.143899
27.310 -0.302482 0.560687 2.407436 1.154748
27.405 -0.316585 0.573413 2.407436 1.173744
27.506 -0.324234 0.580316 2.407436 1.184047
27.605 -0.332268 0.587567 2.407436 1.194870
27.705 -0.346919 0.600788 2.407436 1.214604
27.813 -0.355895 0.608888 2.407436 1.226694
27.905 -0.364708 0.616882 2.400454 1.238593
28.005 -0.379746 0.630933 2.381256 1.259174
28.106 -0.387978 0.638850 2.369039 1.270595
28.207 -0.494785 0.596075 2.485992 1.385649
28.306 -0.508939 0.607084 2.477265 1.403580
28.405 -0.517514 0.613812 2.473775 1.414479
28.506 -0.526405 0.620855 2.468539 1.425822
28.605 -0.542290 0.633570 2.465048 1.446169
28.705 -0.549199 0.639151 2.461557 1.455051
28.805 -0.564995 0.652029 2.454576 1.475431
28.909 -0.574151 0.659574 2.451085 1.487294
29.005 -0.582825 0.666836 2.442359 1.498608
29.105 -0.597971 0.679850 2.426651 1.518576
29.205 -0.606777 0.687509 2.424905 1.530247
29.307 -0.617921 0.697353 2.405707 1.545117
29.405 -0.629986 0.708825 2.367310 1.561765
29.505 -0.638410 0.717306 2.351602 1.573718
29.605 -0.649965 0.728991 2.349856 1.590152
29.705 -0.662560 0.741717 2.351602 1.608057
29.805 -0.671030 0.750243 2.353347 1.620075
29.905 -0.683172 0.762398 2.356838 1.637256
30.006 -0.689596 0.768799 2.358583 1.646324
30.105 -0.704304 0.783343 2.363819 1.667009
30.205 -0.712251 0.791128 2.367310 1.678134
30.305 -0.720380 0.799043 2.370800 1.689479
30.405 -0.732908 0.811058 2.381272 1.706838
30.505 -0.741874 0.819532 2.388253 1.719174
30.606 -0.754237 0.830793 2.410943 1.735897
30.705 -0.761494 0.837177 2.423160 1.745563
30.810 -0.770118 0.844843 2.414433 1.757102
30.906 -0.783423 0.856756 2.407452 1.774960
31.005 -0.796144 0.868450 2.391744 1.792239
31.105 -0.802522 0.874560 2.372546 1.801072
31.209 -0.814555 0.886459 2.353347 1.817995
31.305 -0.876473 0.906180 2.281315 1.882978
31.405 -0.882163 0.912746 2.284806 1.891667
31.505 -0.893969 0.926330 2.286551 1.909663
31.605 -0.905312 0.939389 2.284806 1.926961
31.711 -0.911136 0.946110 2.284806 1.935854
31.805 -0.921673 0.958270 2.284806 1.951944
31.905 -0.932260 0.970473 2.284806 1.968100
32.007 -0.936964 0.975901 2.284806 1.975283
32.105 -0.945461 0.985714 2.284806 1.988263
32.215 -0.949330 0.990174 2.284806 1.994168
32.306 -0.949635 0.990526 2.284806 1.994633
32.405 -0.949569 0.990450 2.284806 1.994733
32.507 -0.949569 0.990450 2.284806 1.994733
32.605 -0.949569 0.990450 2.284806 1.994733
32.706 -0.949569 0.990450 2.284806 1.994733
32.805 -0.949569 0.990450 2.284806 1.994733
32.905 -0.949569 0.990450 2.284806 1.994733
33.009 -0.949569 0.990450 2.284806 1.994733
33.109 -0.949569 0.990450 2.284806 1.994733
33.206 -0.949569 0.990450 2.284806 1.994733
33.305 -0.949569 0.990450 2.284806 1.994733
33.406 -0.949569 0.990450 2.284806 1.994733
33.505 -0.949569 0.990450 2.284806 1.994733
33.605 -0.948932 0.989668 2.246409 1.995742
33.705 -0.947554 0.987843 2.197540 1.998028
33.805 -0.946535 0.986332 2.094565 1.999851
33.905 -0.945108 0.983386 1.961920 2.003124
34.007 -0.944579 0.981913 1.893852 2.004689
34.107 -0.943922 0.979263 1.759462 2.007420
34.205 -0.943599 0.976403 1.621581 2.010298
34.305 -0.943585 0.975499 1.576028 2.011202
34.405 -1.008994 0.910650 1.343041 2.103310
34.505 -1.009578 0.908671 1.252284 2.105373
34.605 -1.009957 0.907618 1.165017 2.106492
34.705 -1.006610 0.913841 1.014919 2.113558
34.806 -1.003960 0.917654 0.931143 2.118201
34.906 -1.001201 0.920924 0.836896 2.122480
35.006 -0.987974 0.950040 0.734686 2.154459
35.105 -0.981733 0.955078 0.649165 2.162480
35.219 -0.974298 0.960070 0.558408 2.171436
35.306 -0.958231 0.967978 0.378639 2.189343
35.405 -0.951658 0.970272 0.314062 2.196304
35.505 -0.938885 0.973368 0.181416 2.209448
35.610 -0.926977 0.974910 0.092405 2.221455
35.705 -0.915398 0.975478 0.022592 2.233048
35.817 -0.901270 0.947972 -0.091038 2.263970
35.905 -0.888134 0.939064 -0.181648 2.279841
36.005 -0.876691 0.936651 -0.225281 2.291536
36.105 -0.860584 0.932207 -0.296839 2.308244
36.205 -0.815602 0.954476 -0.330525 2.358438
36.305 -0.800364 0.955386 -0.359677 2.373703
36.405 -0.788410 0.950527 -0.403310 2.386606
36.505 -0.772476 0.943170 -0.453925 2.404156
36.605 -0.763064 0.967569 -0.446735 2.430308
36.705 -0.752278 0.962126 -0.479896 2.442390
36.806 -0.734581 0.952172 -0.535746 2.462694
36.906 -0.725139 0.946516 -0.539237 2.473700
37.006 -0.715227 0.940567 -0.540982 2.485261
37.105 -0.699157 0.930479 -0.581125 2.504234
37.206 -0.690490 0.924535 -0.610796 2.514744
37.309 -0.676855 0.915575 -0.567162 2.531060
37.407 -0.664666 0.908185 -0.540982 2.545314
37.505 -0.655791 0.902628 -0.563672 2.555785
37.605 -0.642029 0.893658 -0.575889 2.572213
37.705 -0.629802 0.885822 -0.565417 2.586734
37.805 -0.619741 0.879492 -0.560181 2.598621
37.906 -0.606384 0.870587 -0.605560 2.614674
38.007 -0.595568 0.862774 -0.638721 2.628017
38.108 -0.586498 0.856133 -0.631740 2.639258
38.205 -0.573008 0.846327 -0.626504 2.655936
38.305 -0.549965 0.851188 -0.643434 2.679486
38.406 -0.519140 0.855220 -0.675205 2.710574
38.505 -0.507280 0.845043 -0.729311 2.726202
38.607 -0.499376 0.837558 -0.772944 2.737088
38.705 -0.488105 0.825800 -0.832285 2.753375
38.812 -0.479267 0.815464 -0.886390 2.766975
38.905 -0.474390 0.809154 -0.928278 2.774950
39.006 -0.467354 0.798940 -0.994426 2.787353
39.105 -0.462192 0.790481 -1.043470 2.797262
39.208 -0.457851 0.782554 -1.087103 2.806300
39.305 -0.455612 0.778062 -1.122010 2.811319
39.405 -0.453127 0.772536 -1.162152 2.817379
39.505 -0.454156 0.774922 -1.163897 2.819977
39.605 -0.455467 0.777975 -1.165643 2.823300
39.705 -0.455202 0.777301 -1.191823 2.824024
39.805 -0.425504 0.788009 -1.262780 2.855593
39.906 -0.423061 0.779864 -1.287215 2.864097
40.005 -0.419811 0.767593 -1.322121 2.876790
40.105 -0.416944 0.755772 -1.337829 2.888955
40.207 -0.414812 0.746380 -1.350046 2.898585
40.305 -0.413562 0.740837 -1.348301 2.904267
40.405 -0.413166 0.739077 -1.350046 2.906071
40.505 -0.411507 0.731631 -1.353537 2.913700
40.605 -0.409770 0.723597 -1.360518 2.921920
40.705 -0.405753 0.704919 -1.357028 2.941025
40.806 -0.403867 0.696256 -1.355282 2.949890
40.905 -0.401556 0.685699 -1.355282 2.960698
41.005 -0.401445 0.685193 -1.355282 2.961215
41.106 -0.400034 0.679233 -1.330848 2.967341
41.207 -0.395520 0.662237 -1.290705 2.984926
41.307 -0.391969 0.650906 -1.254053 2.996800
41.405 -0.386066 0.634528 -1.203439 3.014209
41.505 -0.380184 0.620589 -1.152824 3.029339
41.605 -0.375183 0.610088 -1.112682 3.040970
41.715 -0.370375 0.600683 -1.088247 3.051532
41.805 -0.360099 0.581958 -1.044265 3.072892
41.905 -0.355108 0.573776 -1.012674 3.082476
42.005 -0.343080 0.556249 -0.932564 3.103734
42.105 -0.335999 0.547311 -0.881775 3.115136
42.205 -0.306092 0.560157 -0.787022 3.147685
42.306 -0.274214 0.570063 -0.689882 3.181066
42.406 -0.265167 0.563008 -0.646248 3.192539
42.508 -0.250568 0.552627 -0.597379 3.210453
42.605 -0.238069 0.544539 -0.560727 3.225340
42.706 -0.229061 0.539041 -0.538038 3.235894
42.806 -0.215557 0.531396 -0.489169 3.251412
42.907 -0.204644 0.526008 -0.443790 3.263582
43.006 -0.194373 0.521327 -0.417610 3.274869
43.109 -0.176576 0.513678 -0.394921 3.294241
43.205 -0.163030 0.508278 -0.368741 3.308823
43.306 -0.151794 0.504052 -0.351288 3.320828
43.406 -0.106445 0.477027 -0.350899 3.373619
43.505 -0.087253 0.470359 -0.320705 3.393936
43.613 -0.076026 0.466813 -0.296096 3.405710
43.707 -0.059325 0.462084 -0.261015 3.423067
43.805 -0.048086 0.459286 -0.234835 3.434650
43.905 -0.030533 0.455605 -0.187711 3.452585
44.005 -0.021334 0.453991 -0.168512 3.461924
44.105 -0.005398 0.451652 -0.130115 3.478031
44.205 0.011475 0.449737 -0.102190 3.495012
44.305 0.025483 0.448464 -0.082991 3.509078
44.405 0.036817 0.447642 -0.067283 3.520442
44.505 0.054528 0.446594 -0.053321 3.538184
44.605 0.069431 0.445928 -0.041103 3.553102
44.705 0.080902 0.445466 -0.037613 3.564581
44.805 0.098399 0.444888 -0.027141 3.582088
44.905 0.113398 0.444539 -0.018414 3.597092
45.005 0.125434 0.444370 -0.009513 3.609128
45.105 0.139842 0.444257 -0.004451 3.623537
45.205 0.157262 0.444227 -0.000786 3.640957
45.305 0.169019 0.444217 -0.000786 3.652714
45.405 0.181131 0.444208 -0.000786 3.664826
45.505 0.201025 0.444186 -0.002706 3.684720
45.605 0.212642 0.444160 -0.000786 3.696337
45.705 0.224700 0.444133 -0.002706 3.708395
45.808 0.245146 0.444117 -0.000786 3.728841
45.905 0.256374 0.444113 0.000959 3.740069
46.005 0.268700 0.444115 0.002705 3.752395
46.105 0.289614 0.444221 0.006370 3.773309
46.205 0.301297 0.444322 0.010035 3.784993
46.309 0.313097 0.444429 0.010035 3.796793
46.405 0.333445 0.445005 0.004848 3.817150
46.505 0.358736 0.488340 0.027718 3.867324
46.605 0.370528 0.488609 0.020562 3.879119
46.705 0.390813 0.488874 0.006600 3.899406
46.805 0.402407 0.488921 0.001364 3.911001
46.906 0.414411 0.488942 0.001364 3.923004
47.005 0.431881 0.488966 0.001364 3.940474
47.105 0.449618 0.489001 0.003109 3.958211
47.205 0.458496 0.489049 0.004855 3.967089
47.307 0.478846 0.489051 -0.003872 3.987440
47.405 0.490494 0.488990 -0.005617 3.999087
47.505 0.502190 0.488929 -0.005617 4.010784
47.605 0.519613 0.488831 -0.005617 4.028207
47.705 0.537326 0.488664 -0.010853 4.045920
47.805 0.546511 0.488548 -0.014344 4.055106
47.906 0.567082 0.488309 -0.010853 4.075678
48.007 0.578505 0.488190 -0.009108 4.087102
48.105 0.590357 0.488129 -0.003872 4.098955
48.206 0.611087 0.488126 -0.000381 4.119685
48.305 0.622702 0.488121 -0.000381 4.131300
48.406 0.634924 0.488079 -0.005617 4.143521
48.505 0.649539 0.488023 -0.003872 4.158137
48.605 0.666991 0.487925 -0.005617 4.175589
48.705 0.678312 0.487851 -0.007363 4.186910
48.809 0.698509 0.487673 -0.009108 4.207108
48.905 0.709975 0.487558 -0.010853 4.218575
49.005 0.724690 0.487389 -0.017835 4.233291
49.105 0.742377 0.486856 -0.038779 4.250986
49.205 0.753722 0.486297 -0.050996 4.262345
49.305 0.771614 0.485421 -0.047505 4.280258
49.405 0.786209 0.484748 -0.045760 4.294868
49.505 0.797861 0.484214 -0.045760 4.306533
49.606 0.833100 0.504416 -0.077236 4.347152
49.706 0.859322 0.512887 -0.101381 4.374708
49.809 0.870763 0.511688 -0.106617 4.386212
49.905 0.882222 0.510441 -0.110108 4.397738
50.005 0.902543 0.508102 -0.117089 4.418193
50.105 0.914311 0.506692 -0.120580 4.430046
50.205 0.925624 0.505291 -0.124071 4.441445
50.305 0.945890 0.502711 -0.129306 4.461875
50.405 0.957550 0.501185 -0.131052 4.473634
50.505 0.969353 0.499588 -0.136288 4.485544
50.605 0.989187 0.496756 -0.146760 4.505579
50.705 0.999827 0.495159 -0.151996 4.516339
50.805 1.010675 0.493463 -0.157232 4.527319
50.905 1.023280 0.491275 -0.180270 4.540112
51.005 1.037778 0.488370 -0.202959 4.554898
51.105 1.049207 0.485992 -0.204705 4.566572
51.205 1.063292 0.483025 -0.208370 4.580966
51.305 1.080063 0.479313 -0.220936 4.598143
51.406 1.091524 0.476675 -0.229837 4.609904
51.505 1.105148 0.473633 -0.215700 4.623863
51.605 1.122142 0.470079 -0.199643 4.641225
51.705 1.133386 0.467862 -0.190742 4.652685
51.805 1.147241 0.465304 -0.174860 4.666774
51.911 1.163285 0.462359 -0.183586 4.683087
52.005 1.173260 0.460475 -0.187251 4.693237
52.109 1.193428 0.456783 -0.176430 4.713741
52.206 1.205065 0.454730 -0.171020 4.725558
52.305 1.215713 0.452917 -0.167355 4.736359
52.405 1.226501 0.451148 -0.160373 4.747291
52.505 1.245664 0.448053 -0.160373 4.766702
52.605 1.257300 0.446149 -0.162119 4.778493
52.707 1.290841 0.457598 -0.174022 4.813934
52.806 1.387376 0.550913 -0.213129 4.948198
52.905 1.398033 0.548578 -0.218539 4.959108
53.005 1.415463 0.544448 -0.262347 4.977020
53.105 1.423205 0.542095 -0.311216 4.985112
53.205 1.430331 0.539520 -0.368812 4.992689
53.305 1.440130 0.535180 -0.454333 5.003406
53.405 1.447190 0.531344 -0.527637 5.011441
53.505 1.454564 0.526610 -0.599196 5.020204
53.605 1.463356 0.519893 -0.684717 5.031268
53.705 1.471502 0.512696 -0.744058 5.042138
53.805 1.479909 0.504381 -0.799734 5.053963
53.905 1.493726 0.488531 -0.892411 5.074989
54.005 1.500766 0.479175 -0.944771 5.086698
54.105 1.506997 0.470131 -0.982994 5.097681
54.208 1.482754 0.471398 -1.092177 5.121957
54.305 1.477247 0.464709 -1.150851 5.130621
54.405 1.481077 0.455538 -1.187503 5.140560
54.505 1.486996 0.440095 -1.215428 5.157099
54.606 1.490835 0.429300 -1.234627 5.168556
54.705 1.496654 0.411055 -1.281751 5.187707
54.805 1.499611 0.400467 -1.306185 5.198700
54.905 1.502583 0.388889 -1.327129 5.210653
55.005 1.505900 0.374749 -1.349818 5.225177
55.105 1.509327 0.357199 -1.395197 5.243059
55.209 1.511115 0.345601 -1.430104 5.254793
55.306 1.512676 0.334402 -1.433594 5.266100
55.406 1.515192 0.314061 -1.456284 5.286597
55.505 1.567188 0.282100 -1.459762 5.347630
55.605 1.568187 0.272802 -1.468489 5.356982
55.706 1.569604 0.254032 -1.522594 5.375805
55.810 1.569851 0.243211 -1.564482 5.386629
55.905 1.569710 0.232157 -1.595898 5.397684
56.005 1.568461 0.211412 -1.660475 5.418467
56.105 1.566983 0.199440 -1.711090 5.430529
56.205 1.564972 0.187810 -1.761704 5.442332
56.308 1.560587 0.169901 -1.848971 5.460770
56.405 1.557497 0.160249 -1.899585 5.470904
56.505 1.551902 0.143971 -1.903076 5.488117
56.606 1.547347 0.130693 -1.904821 5.502155
56.707 1.543551 0.119828 -1.906567 5.513663
56.808 1.576113 0.099770 -1.936997 5.551908
56.905 1.579494 0.085221 -1.926736 5.566844
57.005 1.575375 0.073922 -1.919580 5.578871
57.105 1.571439 0.063025 -1.916090 5.590457
57.205 1.564428 0.043412 -1.912599 5.611285
57.306 1.560413 0.032142 -1.914345 5.623249
57.405 1.556379 0.020801 -1.912599 5.635286
57.505 1.550692 0.005242 -1.926736 5.651852
57.605 1.547729 -0.002547 -1.940699 5.660186
57.706 1.544082 -0.011826 -1.951520 5.670155
57.805 1.539574 -0.022852 -1.969148 5.682068
57.905 1.536459 -0.030128 -1.976304 5.689982
58.005 1.534742 -0.034131 -1.974384 5.694338
58.105 1.534646 -0.034331 -1.899335 5.694560
58.207 1.534500 -0.034814 -1.838248 5.695064
58.305 1.534590 -0.034404 -1.759708 5.695483
58.407 1.534505 -0.035121 -1.602629 5.696206
58.505 1.534505 -0.035102 -1.524089 5.696225
58.605 1.534549 -0.035407 -1.443804 5.696533
58.705 1.534450 -0.034944 -1.311159 5.697006
58.807 1.534488 -0.035061 -1.239600 5.697128
58.905 1.534657 -0.035504 -1.192476 5.697603
59.005 1.584924 0.028023 -1.029953 5.778612
59.105 1.595072 0.034837 -0.928038 5.790835
59.206 1.602160 0.026568 -0.821573 5.801726
59.306 1.612178 0.017366 -0.699400 5.815329
59.405 1.621065 0.010600 -0.622606 5.826498
59.510 1.635753 0.001459 -0.512650 5.843799
59.605 1.650185 -0.005892 -0.442837 5.859995
59.705 1.642278 -0.026342 -0.379856 5.881920
59.805 1.635004 -0.047687 -0.307278 5.904471
59.905 1.651834 -0.052237 -0.235720 5.921905
60.005 1.662611 -0.054510 -0.192086 5.932920
60.105 1.677068 -0.056875 -0.143217 5.947569
60.205 1.694824 -0.058801 -0.080385 5.965429
60.305 1.709481 -0.072655 -0.073644 5.985596
60.405 1.722796 -0.086890 -0.073041 6.005088
60.505 1.742103 -0.087526 0.000263 6.024406
60.605 1.754039 -0.087244 0.038660 6.036346
60.705 1.765213 -0.086560 0.073566 6.047540
60.805 1.784598 -0.084459 0.132908 6.067038
60.905 1.793527 -0.083106 0.159087 6.076069
61.005 1.814054 -0.079138 0.213193 6.096977
61.105 1.825701 -0.076362 0.242863 6.108950
61.213 1.842863 -0.071735 0.279515 6.126725
61.306 1.854127 -0.068339 0.300459 6.138489
61.405 1.866677 -0.064220 0.328384 6.151698
61.505 1.931773 -0.066723 0.354973 6.216842
61.605 1.942019 -0.062746 0.377662 6.227834
61.705 1.955043 -0.057391 0.400352 6.241915
61.805 1.968160 -0.051549 0.428277 6.256274
61.908 1.983831 -0.043901 0.470165 6.273711
62.005 1.996645 -0.037161 0.498090 6.288191
62.106 2.006145 -0.031795 0.522525 6.299100
62.206 2.020193 -0.023379 0.555861 6.315477
62.306 2.032031 -0.015520 0.604730 6.329686
62.405 2.039087 -0.010459 0.630910 6.338369
62.505 2.054586 0.001220 0.651854 6.357776
62.605 2.063784 0.008304 0.662500 6.369386
62.705 2.072863 0.015512 0.676637 6.380979
62.805 2.088593 0.028440 0.694440 6.401339
62.905 2.097983 0.036267 0.696185 6.413564
63.005 2.106815 0.043669 0.697930 6.425087
63.105 2.121735 0.056293 0.705261 6.444632
63.205 2.129710 0.063155 0.712242 6.455152
63.305 2.141000 0.075626 0.713592 6.471975
63.405 2.170321 0.116712 0.718274 6.522450
63.505 2.178821 0.124142 0.718274 6.533740
63.605 2.186845 0.131198 0.721764 6.544424
63.705 2.199200 0.142105 0.723510 6.560905
63.805 2.206064 0.148184 0.727000 6.570074
63.905 2.218893 0.159606 0.730491 6.587251
64.005 2.226980 0.166858 0.732236 6.598113
64.105 2.238754 0.177522 0.737472 6.613999
64.205 2.244494 0.182773 0.742708 6.621779
64.305 2.258870 0.195965 0.742708 6.641291
64.405 2.267167 0.203589 0.744454 6.652558
64.505 2.276789 0.212484 0.749690 6.665662
64.605 2.286832 0.221829 0.751435 6.679380
64.705 2.299152 0.233393 0.754926 6.696277
64.806 2.309607 0.243271 0.758416 6.710660
64.906 2.316819 0.250110 0.758416 6.720599
65.005 2.328453 0.261119 0.754926 6.736616
65.105 2.339424 0.271463 0.754926 6.751695
65.205 2.348227 0.279717 0.747944 6.763762
65.305 2.357533 0.288159 0.730491 6.776326
65.405 2.367259 0.296604 0.709547 6.789208
65.505 2.379601 0.306902 0.683367 6.805281
65.606 2.390415 0.315564 0.667485 6.819137
65.705 2.401880 0.324500 0.658409 6.833673
65.805 2.411535 0.331868 0.644272 6.845818
65.911 2.424797 0.341555 0.619663 6.862242
66.005 2.433973 0.347970 0.605700 6.873438
66.105 2.447581 0.357291 0.595228 6.889932
66.205 2.459458 0.365252 0.586501 6.904230
66.305 2.468668 0.371355 0.584756 6.915278
66.407 2.362301 0.417063 0.652465 7.031050
66.505 2.368734 0.421978 0.652465 7.039146
66.606 2.381317 0.431575 0.650720 7.054971
66.705 2.395010 0.441933 0.645135 7.072140
66.805 2.406136 0.450268 0.641470 7.086041
66.905 2.415116 0.456956 0.639724 7.097238
67.005 2.426938 0.465679 0.632569 7.111930
67.105 2.441361 0.475901 0.602898 7.129609
67.206 2.451161 0.482527 0.590506 7.141438
67.305 2.461806 0.489353 0.559090 7.154084
67.405 2.474493 0.497005 0.538146 7.168900
67.505 2.484752 0.503104 0.536401 7.180835
67.606 2.497289 0.510558 0.539892 7.195421
67.705 2.512373 0.519796 0.555774 7.213108
67.805 2.522568 0.526285 0.569737 7.225194
67.905 2.531766 0.532197 0.573227 7.236127
68.005 2.549141 0.543478 0.576893 7.256843
68.105 2.558421 0.549516 0.576893 7.267915
68.207 2.567875 0.555669 0.576893 7.279195
68.305 2.580211 0.563696 0.576893 7.293913
68.405 2.595200 0.573450 0.576893 7.311795
68.505 2.605127 0.579910 0.576893 7.323640
68.607 2.617432 0.587853 0.573227 7.338285
68.708 2.631828 0.597082 0.569737 7.355386
68.805 2.641905 0.603476 0.564501 7.367320
68.908 2.658790 0.614039 0.555774 7.387237
69.005 2.668518 0.620022 0.554029 7.398657
69.105 2.678048 0.626034 0.564501 7.409925
69.206 2.692829 0.635553 0.576893 7.427506
69.314 2.707367 0.645069 0.582303 7.444882
69.405 2.719559 0.653170 0.589284 7.459520
69.505 2.729520 0.659842 0.591030 7.471509
69.608 2.741741 0.668092 0.594520 7.486254
69.706 2.772423 0.765794 0.471447 7.588660
69.805 2.782132 0.770768 0.476683 7.599569
69.905 2.785432 0.772522 0.500943 7.603306
70.005 2.785003 0.772267 0.558713 7.603805
70.105 2.785224 0.772413 0.593620 7.604069
70.206 2.785036 0.772279 0.654706 7.604300
70.306 2.785100 0.772329 0.687868 7.604381
70.405 2.785024 0.772263 0.724519 7.604482
70.505 2.790302 0.777101 0.740227 7.611642
70.605 2.795936 0.782158 0.717538 7.619212
70.706 2.801774 0.786888 0.661688 7.626726
70.805 2.812660 0.794372 0.558713 7.639936
70.905 2.820661 0.798897 0.488900 7.649128
71.005 2.828926 0.802828 0.417342 7.658280
71.105 2.840001 0.807027 0.328330 7.670125
71.205 2.856587 0.811531 0.221865 7.687311
71.305 2.867431 0.813504 0.157287 7.698333
71.405 2.884522 0.815140 0.049077 7.715502
71.505 2.912196 0.827466 -0.036650 7.745797
71.605 2.929769 0.831286 -0.118007 7.763781
71.705 2.943718 0.828943 -0.201783 7.777925
71.805 2.954432 0.826336 -0.261124 7.788951
71.907 2.967288 0.822314 -0.330937 7.802422
72.005 2.976537 0.818836 -0.378061 7.812304
72.105 2.989729 0.812978 -0.447875 7.826738
72.205 3.001634 0.806780 -0.500234 7.840159
72.305 3.034873 0.769415 -0.530666 7.890169
72.405 3.049294 0.760294 -0.588262 7.907232
72.505 3.062350 0.751045 -0.633640 7.923232
72.606 3.069425 0.745740 -0.649348 7.932075
72.711 3.083526 0.734633 -0.679019 7.950025
72.805 3.094933 0.725084 -0.705199 7.964902
72.905 3.103788 0.717379 -0.724397 7.976639
73.012 3.118328 0.703853 -0.769776 7.996499
73.105 3.126318 0.695952 -0.783738 8.007735
73.206 3.145348 0.692908 -0.790769 8.027007
73.305 3.176747 0.691042 -0.790294 8.058462
73.405 3.185370 0.681977 -0.827295 8.070973
73.506 3.189181 0.677733 -0.844748 8.076677
73.606 3.198572 0.666752 -0.881575 8.091127
73.705 3.203749 0.660312 -0.906009 8.099389
73.805 3.207272 0.655626 -0.939171 8.105252
73.905 3.209146 0.653043 -0.942487 8.108443
74.005 3.209170 0.653010 -0.942487 8.108484
74.106 3.209076 0.653139 -0.942487 8.108644
74.205 3.209076 0.653139 -0.942487 8.108644
74.305 3.209076 0.653139 -0.942487 8.108644
74.405 3.209076 0.653139 -0.942487 8.108644
74.505 3.209076 0.653139 -0.942487 8.108644
74.608 3.209076 0.653139 -0.942487 8.108644
74.705 3.209076 0.653139 -0.942487 8.108644
74.805 3.209076 0.653139 -0.942487 8.108644
74.905 3.209076 0.653139 -0.942487 8.108644
75.005 3.209076 0.653139 -0.942487 8.108644
75.105 3.209076 0.653139 -0.942487 8.108644
75.205 3.209076 0.653139 -0.942487 8.108644
75.306 3.209076 0.653139 -0.942487 8.108644
75.406 3.209076 0.653139 -0.942487 8.108644
75.506 3.209076 0.653139 -0.942487 8.108644
75.605 3.209076 0.653139 -0.942487 8.108644
75.705 3.209076 0.653139 -0.942487 8.108644
75.805 3.210227 0.651547 -0.946152 8.110609
75.907 3.216825 0.642330 -0.955228 8.121944
76.005 3.222493 0.634179 -0.969539 8.131872
76.105 3.228244 0.625547 -0.992054 8.142244
76.210 3.237452 0.610800 -1.028880 8.159630
76.305 3.256984 0.614532 -1.041799 8.179515
76.405 3.265410 0.608380 -1.057187 8.189947
76.505 3.272271 0.595844 -1.079876 8.204238
76.605 3.280371 0.580266 -1.097329 8.221797
76.705 3.285400 0.570226 -1.111292 8.233025
76.805 3.289934 0.560828 -1.130491 8.243460
76.905 3.297073 0.545432 -1.142708 8.260431
77.005 3.299818 0.539302 -1.153180 8.267148
77.107 3.305704 0.525871 -1.163652 8.281811
77.206 3.308802 0.518609 -1.172379 8.289707
77.305 3.311619 0.511802 -1.182851 8.297073
77.405 3.316860 0.498734 -1.196813 8.311153
77.506 3.319653 0.491503 -1.205540 8.318905
77.605 3.322039 0.485198 -1.209031 8.325646
77.705 3.321875 0.485631 -1.209031 8.326110
77.805 3.321947 0.485423 -1.249173 8.326329
77.905 3.321894 0.485596 -1.299788 8.326510
78.009 3.322028 0.484927 -1.435923 8.327192
78.105 3.322032 0.484862 -1.523190 8.327257
78.205 3.322030 0.484979 -1.627910 8.327374
78.305 3.322015 0.484785 -1.751828 8.327568
78.405 3.322100 0.485174 -1.833684 8.327966
78.505 3.322061 0.485062 -1.900181 8.328084
78.606 3.322260 0.485561 -1.980466 8.328622
78.706 3.341299 0.471775 -2.255996 8.352128
78.810 3.342248 0.472902 -2.269784 8.353601
78.906 3.342698 0.473438 -2.267864 8.354301
79.005 3.342841 0.473609 -2.267864 8.354524
79.105 3.342888 0.473666 -2.267864 8.354598
79.206 3.342888 0.473666 -2.267864 8.354598
79.309 3.359952 0.452594 -2.224202 8.381712
79.410 3.359952 0.452594 -2.224202 8.381712
79.508 3.359952 0.452594 -2.224202 8.381712
79.605 3.359952 0.452594 -2.224202 8.381712
79.705 3.359952 0.452594 -2.224202 8.381712
79.805 3.359952 0.452594 -2.224202 8.381712
79.905 3.359952 0.452594 -2.224202 8.381712
80.005 3.359952 0.452594 -2.224202 8.381712
80.105 3.359952 0.452594 -2.224202 8.381712
80.205 3.359952 0.452594 -2.224202 8.381712
80.305 3.358815 0.451029 -2.190866 8.383646
80.405 3.355289 0.445746 -2.143916 8.389998
80.505 3.350252 0.437087 -2.065377 8.400015
80.605 3.346291 0.429013 -2.009526 8.409008
80.705 3.341876 0.418935 -1.967638 8.420011
80.805 3.336036 0.403673 -1.911788 8.436352
80.905 3.332676 0.393294 -1.866409 8.447261
81.005 3.327856 0.375292 -1.805323 8.465898
81.105 3.325112 0.361888 -1.751217 8.479580
81.206 3.323701 0.352913 -1.712820 8.488665
81.305 3.322262 0.339560 -1.653479 8.502095
81.405 3.321095 0.324501 -1.639516 8.517199
81.505 3.320319 0.309708 -1.613336 8.532013
81.606 3.319943 0.298719 -1.590647 8.543007
81.705 3.323409 0.290765 -1.551756 8.551684
81.805 3.344585 0.274222 -1.424430 8.578556
81.906 3.345987 0.265259 -1.406977 8.587628
82.005 3.347417 0.257101 -1.391269 8.595910
82.105 3.350528 0.241019 -1.372070 8.612291
82.205 3.352917 0.229421 -1.365089 8.624132
82.305 3.355469 0.217696 -1.349381 8.636132
82.405 3.360143 0.197905 -1.330182 8.656467
82.506 3.363022 0.186637 -1.316220 8.668097
82.606 3.366032 0.175133 -1.314475 8.679989
82.705 3.370881 0.156819 -1.310984 8.698933
82.805 3.373718 0.146201 -1.309239 8.709924
82.906 3.377240 0.133099 -1.307493 8.723491
83.006 3.381908 0.115704 -1.310984 8.741502
83.105 3.384830 0.104308 -1.323201 8.753267
83.205 3.387565 0.093249 -1.330182 8.764658
83.305 3.392132 0.072928 -1.365089 8.785487
83.405 3.394417 0.061569 -1.380797 8.797072
83.505 3.396631 0.048134 -1.424430 8.810689
83.605 3.398391 0.032381 -1.482026 8.826540
83.705 3.399144 0.020818 -1.520423 8.838128
83.805 3.399474 0.009039 -1.557075 8.849911
83.905 3.399224 -0.011110 -1.600709 8.870062
84.006 3.398746 -0.021895 -1.621652 8.880857
84.105 3.452988 0.014867 -1.705350 8.946384
84.205 3.450197 -0.002403 -1.747238 8.963879
84.306 3.448080 -0.013468 -1.769927 8.975144
84.406 3.445242 -0.026367 -1.799598 8.988352
84.506 3.441149 -0.041757 -1.850212 9.004276
84.605 3.437725 -0.052875 -1.881628 9.015910
84.708 3.433607 -0.065216 -1.904318 9.028919
84.805 3.428074 -0.080510 -1.923516 9.045184
84.905 3.424092 -0.090766 -1.946380 9.056186
85.005 3.417489 -0.106929 -1.967673 9.073645
85.105 3.412104 -0.119711 -1.971338 9.087516
85.205 3.408055 -0.129200 -1.975003 9.097832
85.305 3.403439 -0.139897 -1.980588 9.109483
85.405 3.398206 -0.151836 -1.985999 9.122518
85.505 3.393794 -0.161867 -1.985999 9.133476
85.605 3.389207 -0.172273 -1.985999 9.144848
85.705 3.382209 -0.188148 -1.985999 9.162198
85.805 3.378182 -0.197292 -1.984254 9.172189
85.905 3.373833 -0.207205 -1.984254 9.183014
86.005 3.365954 -0.225217 -1.982334 9.202674
86.105 3.362118 -0.234046 -1.980588 9.212300
86.205 3.358235 -0.243009 -1.978669 9.222068
86.305 3.351553 -0.258499 -1.978669 9.238938
86.406 3.344709 -0.274364 -1.978669 9.256217
86.505 3.341926 -0.280805 -1.978669 9.263233
86.605 3.335421 -0.295833 -1.975352 9.279608
86.706 3.330780 -0.306797 -1.969942 9.291514
86.805 3.326205 -0.317713 -1.966277 9.303350
86.905 3.319589 -0.333754 -1.958946 9.320702
87.005 3.313871 -0.347841 -1.953361 9.335905
87.105 3.309224 -0.359453 -1.949696 9.348412
87.206 3.305809 -0.368121 -1.944286 9.357729
87.305 3.387863 -0.441308 -1.927949 9.467680
87.405 3.382704 -0.455149 -1.926204 9.482451
87.509 3.378902 -0.465355 -1.927949 9.493342
87.605 3.374409 -0.477329 -1.931614 9.506132
87.705 3.370959 -0.486437 -1.933360 9.515871
87.806 3.366545 -0.498008 -1.935280 9.528255
87.905 3.365626 -0.500417 -1.935280 9.530834
88.006 3.365317 -0.501220 -1.940516 9.531694
88.106 3.364774 -0.502500 -2.015565 9.533085
88.205 3.364745 -0.502589 -2.115048 9.533178
88.305 3.364709 -0.502637 -2.225004 9.533238
88.405 3.364454 -0.502928 -2.317507 9.533625
88.505 3.364524 -0.502865 -2.429208 9.533718
88.606 3.364613 -0.502788 -2.563598 9.533836
88.711 3.364558 -0.502812 -2.654355 9.533897
88.805 3.364625 -0.502789 -2.746858 9.533968
88.908 3.364599 -0.502800 -2.858559 9.533997
89.006 3.364821 -0.502768 -2.994694 9.534220
89.105 3.355062 -0.474131 -3.063934 9.564474
89.205 3.326391 -0.391887 3.075921 9.651572
89.305 3.327855 -0.391996 3.061784 9.653041
89.405 3.330093 -0.392189 3.051137 9.655287
89.506 3.334068 -0.392627 3.019372 9.659286
89.606 3.334196 -0.431313 3.024543 9.697973
89.706 3.334764 -0.450697 3.006287 9.717365
89.805 3.331670 -0.450044 2.891095 9.720528
89.905 3.327197 -0.448508 2.765431 9.725257
90.006 3.322549 -0.446297 2.653556 9.730404
90.107 3.319509 -0.444497 2.576936 9.733937
90.206 3.315943 -0.441900 2.473961 9.738348
90.305 3.312826 -0.439196 2.405894 9.742474
90.405 3.307801 -0.434079 2.309900 9.749647
90.505 3.303175 -0.428485 2.229615 9.756906
90.605 3.301314 -0.425947 2.189473 9.760053
90.708 3.318830 -0.402727 2.017877 9.789139
90.806 3.317516 -0.399664 1.941083 9.792472
90.919 3.316928 -0.398052 1.911412 9.794187
91.005 3.316347 -0.396244 1.855562 9.796087
91.105 3.315876 -0.394399 1.794475 9.797991
91.206 3.306052 -0.399438 1.790919 9.809032
91.309 3.279248 -0.407596 1.770126 9.837050
91.406 3.279189 -0.407260 1.733474 9.837391
91.507 3.278909 -0.405112 1.681114 9.839557
91.609 3.278605 -0.401319 1.633990 9.843361
91.705 3.278514 -0.396235 1.555450 9.848447
91.805 3.278568 -0.394919 1.520544 9.849764
91.905 3.279313 -0.386021 1.471675 9.858693
92.005 3.280511 -0.376420 1.431532 9.868368
92.105 3.280892 -0.374012 1.394880 9.870806
92.206 3.293804 -0.363946 1.371207 9.887178
92.307 3.295660 -0.355474 1.350263 9.895851
92.405 3.296910 -0.350003 1.343282 9.901463
92.508 3.300664 -0.334164 1.334555 9.917741
92.605 3.304897 -0.316996 1.327574 9.935423
92.706 3.307029 -0.308316 1.331064 9.944361
92.805 3.310984 -0.291765 1.338046 9.961378
92.906 3.312749 -0.284377 1.336300 9.968974
93.005 3.313266 -0.282191 1.343282 9.971221
93.105 3.315132 -0.273709 1.360735 9.979905
93.205 3.317286 -0.262548 1.402623 9.991272
93.305 3.318233 -0.256191 1.432293 9.997699
93.406 3.320446 -0.239168 1.444511 10.014865
93.505 3.321655 -0.229905 1.441020 10.024207
93.605 3.322199 -0.225668 1.446256 10.028479
93.705 3.323368 -0.216086 1.451492 10.038132
93.805 3.324694 -0.204419 1.460393 10.049874
93.905 3.326076 -0.191065 1.474530 10.063300
94.005 3.327374 -0.176597 1.485351 10.077825
94.105 3.327809 -0.171662 1.481686 10.082779
94.205 3.327855 -0.171141 1.483606 10.083302
94.307 3.328797 -0.159360 1.499314 10.095121
94.405 3.329617 -0.146441 1.516767 10.108066
94.505 3.330125 -0.134532 1.532475 10.119986
94.607 3.330481 -0.117105 1.562146 10.137416
94.705 3.330422 -0.100433 1.581345 10.154088
94.819 3.330278 -0.092530 1.593562 10.161993
94.909 3.329904 -0.081224 1.612760 10.173306
95.005 3.328737 -0.061211 1.640686 10.193352
95.106 3.327817 -0.050083 1.659710 10.204518
95.207 3.326121 -0.033260 1.680828 10.221426
95.305 3.313047 -0.119377 1.791346 10.308530
95.405 3.310539 -0.108631 1.805484 10.319565
95.518 3.306493 -0.091921 1.807054 10.336757
95.605 3.303409 -0.078947 1.803389 10.350093
95.705 3.300726 -0.067455 1.799724 10.361894
95.805 3.296838 -0.050521 1.794314 10.379269
95.905 3.294357 -0.039465 1.788728 10.390599
96.005 3.290929 -0.023780 1.783318 10.406655
96.111 3.288307 -0.011106 1.770752 10.419597
96.206 3.286192 -0.000549 1.767086 10.430365
96.308 3.283281 0.014736 1.751029 10.445924
96.405 3.281272 0.026318 1.736892 10.457679
96.508 3.279583 0.036631 1.727991 10.468129
96.605 3.277594 0.049890 1.713679 10.481537
96.721 3.275535 0.064645 1.704604 10.496435
96.805 3.274339 0.073792 1.699019 10.505659
96.905 3.273195 0.082819 1.695353 10.514759
97.005 3.270711 0.103053 1.691688 10.535145
97.105 3.269281 0.114869 1.689943 10.547046
97.208 3.267897 0.126524 1.684707 10.558784
97.305 3.265634 0.147035 1.675980 10.579419
97.407 3.264394 0.159007 1.674060 10.591455
97.505 3.263422 0.169147 1.663414 10.601642
97.605 3.261990 0.186167 1.649102 10.618722
97.705 3.261128 0.197281 1.645437 10.629869
97.806 3.259808 0.215145 1.641772 10.647782
97.905 3.258887 0.228161 1.640026 10.660830
98.005 3.258182 0.238458 1.638281 10.671152
98.105 3.257481 0.249035 1.636536 10.681751
98.206 3.257076 0.253785 1.720312 10.686519
98.312 3.257062 0.253846 1.781398 10.686582
98.406 3.255975 0.255780 1.832050 10.688800
98.506 3.208210 0.289317 1.781109 10.747163
98.606 3.208171 0.289465 1.829978 10.747316
98.709 3.208254 0.289242 1.913754 10.747554
98.805 3.208163 0.289463 1.973095 10.747793
98.905 3.208008 0.289807 2.021964 10.748171
99.006 3.208239 0.289369 2.086542 10.748666
99.105 3.208271 0.289318 2.138902 10.748725
99.209 3.208408 0.289115 2.187771 10.748971
99.305 3.208658 0.288784 2.220932 10.749385
99.405 3.211260 0.285642 2.287254 10.753465
99.505 3.224930 0.272986 2.381266 10.772095
99.605 3.231973 0.262785 2.482981 10.784490
99.705 3.233755 0.261470 2.526615 10.786705
99.805 3.235754 0.260141 2.566757 10.789105
99.905 3.238618 0.258505 2.699402 10.792404
100.005 3.240682 0.257686 2.811103 10.794625
100.107 3.242646 0.257140 2.901860 10.796663
100.205 3.245532 0.256661 3.036251 10.799589
100.305 3.246681 0.256598 -3.130172 10.800739
100.405 3.225526 0.283842 -3.025616 10.835232
100.505 3.201645 0.312462 -2.875153 10.872508
100.605 3.200741 0.312160 -2.782651 10.873461
100.711 3.198925 0.311287 -2.644770 10.875476
100.805 3.196188 0.309575 -2.533069 10.878704
100.905 3.192145 0.306350 -2.444057 10.883875
101.008 3.182114 0.296513 -2.312983 10.897925
101.117 3.208634 0.263573 -2.252326 10.940213
101.206 3.203261 0.256311 -2.186004 10.949247
101.308 3.195669 0.244226 -2.095247 10.963519
101.405 3.172597 0.240932 -1.976468 10.986825
101.505 3.168060 0.235268 -1.932260 10.994082
101.608 3.165795 0.228618 -1.874664 11.001108
101.705 3.163160 0.218752 -1.804851 11.011320
101.818 3.161683 0.211500 -1.754237 11.018720
101.905 3.160522 0.203932 -1.705367 11.026377
102.005 3.147902 0.234059 -1.648787 11.059040
102.105 3.146783 0.236875 -1.645527 11.062070
102.205 3.146801 0.237114 -1.643782 11.062310
102.305 3.146754 0.236435 -1.636801 11.062990
102.405 3.146698 0.235538 -1.631565 11.063889
102.505 3.146626 0.234259 -1.622838 11.065170
102.605 3.146609 0.233918 -1.619348 11.065511
102.706 3.146598 0.233699 -1.621093 11.065731
102.805 3.146598 0.233699 -1.621093 11.065731
102.907 3.146598 0.233699 -1.621093 11.065731
103.010 3.146527 0.232117 -1.614112 11.067314
103.107 3.146346 0.223981 -1.579205 11.075453
103.205 3.146426 0.216922 -1.546044 11.082512
103.305 3.146987 0.206613 -1.493684 11.092836
103.405 3.147818 0.198698 -1.455287 11.100795
103.505 3.148960 0.189733 -1.432597 11.109832
103.605 3.150069 0.182067 -1.420380 11.117577
103.705 3.151424 0.173759 -1.402927 11.125996
103.805 3.151638 0.172553 -1.390709 11.127220
103.905 3.151829 0.171545 -1.378492 11.128247
104.006 3.151884 0.171270 -1.371511 11.128526
104.105 3.152870 0.166767 -1.352312 11.133136
104.205 3.154361 0.160475 -1.331368 11.139603
104.307 3.155039 0.157690 -1.333114 11.142469
104.406 3.155025 0.157748 -1.333114 11.142528
104.505 3.155513 0.155785 -1.326132 11.144551
104.606 3.157636 0.147733 -1.299952 11.152878
104.705 3.191821 0.140912 -1.318719 11.187737
104.805 3.194270 0.131747 -1.306501 11.197223
104.905 3.199776 0.113050 -1.268104 11.216715
105.005 3.203536 0.101600 -1.247160 11.228766
105.105 3.205360 0.096161 -1.247160 11.234502
105.205 3.206532 0.092666 -1.247160 11.238189
105.305 3.209580 0.083626 -1.243670 11.247729
105.405 3.214941 0.067987 -1.238434 11.264262
105.505 3.216745 0.062761 -1.238434 11.269790
105.605 3.216772 0.062683 -1.238434 11.269873
105.705 3.219107 0.055918 -1.238434 11.277029
105.805 3.221526 0.048908 -1.238434 11.284445
105.905 3.226831 0.033729 -1.233198 11.300524
106.005 3.229466 0.026249 -1.231452 11.308455
106.105 3.236636 0.005955 -1.231452 11.329978
106.205 3.240901 -0.006127 -1.231452 11.342791
106.306 3.244410 -0.016124 -1.233198 11.353385
106.405 3.250142 -0.032467 -1.234943 11.370705
106.505 3.253648 -0.042512 -1.234943 11.381344
106.606 3.257194 -0.052726 -1.236688 11.392156
106.711 3.261600 -0.065503 -1.240179 11.405672
106.805 3.266018 -0.078400 -1.241924 11.419304
106.905 3.268393 -0.085331 -1.240179 11.426630
107.006 3.269177 -0.087614 -1.240179 11.429045
107.109 3.269137 -0.087497 -1.240179 11.429168
107.206 3.269137 -0.087497 -1.241924 11.429168
107.306 3.269137 -0.087497 -1.241924 11.429168
107.405 3.269137 -0.087497 -1.241924 11.429168
107.505 3.269137 -0.087497 -1.241924 11.429168
107.635 3.269137 -0.087497 -1.241924 11.429168
107.706 3.269137 -0.087497 -1.240179 11.429168
107.805 3.269137 -0.087497 -1.240179 11.429168
107.905 3.299878 -0.070708 -1.256303 11.464195
108.005 3.317095 -0.060994 -1.265516 11.483964
108.105 3.317095 -0.060994 -1.265516 11.483964
108.205 3.317095 -0.060994 -1.265516 11.483964
108.306 3.317095 -0.060994 -1.265516 11.483964
108.410 3.317095 -0.060994 -1.265516 11.483964
108.505 3.317095 -0.060994 -1.265516 11.483964
108.605 3.317095 -0.060994 -1.265516 11.483964
108.706 3.317095 -0.060994 -1.265516 11.483964
108.805 3.317095 -0.060994 -1.265516 11.483964
108.909 3.317095 -0.060994 -1.265516 11.483964
109.005 3.317095 -0.060994 -1.265516 11.483964
109.105 3.317095 -0.060994 -1.267261 11.483964
109.205 3.317095 -0.060994 -1.267261 11.483964
109.305 3.317095 -0.060994 -1.267261 11.483964
109.405 3.317095 -0.060994 -1.267261 11.483964
109.505 3.317095 -0.060994 -1.267261 11.483964
109.605 3.317137 -0.061129 -1.267261 11.484105
109.706 3.318659 -0.065986 -1.267261 11.489196
109.805 3.322948 -0.079620 -1.267261 11.503488
109.905 3.326046 -0.089435 -1.265516 11.513780
110.005 3.329274 -0.099664 -1.263770 11.524506
110.105 3.332608 -0.110129 -1.263770 11.535490
110.205 3.338375 -0.128349 -1.265516 11.554600
110.305 3.341628 -0.138671 -1.265516 11.565423
110.405 3.347972 -0.158785 -1.265516 11.586514
110.506 3.351359 -0.169468 -1.263770 11.597721
110.605 3.354742 -0.180090 -1.260280 11.608869
110.705 3.361045 -0.199734 -1.260280 11.629499
110.819 3.364720 -0.211184 -1.260280 11.641524
110.905 3.368340 -0.222466 -1.260280 11.653373
111.005 3.409506 -0.304775 -1.271595 11.745403
111.105 3.414812 -0.321690 -1.262868 11.763130
111.206 3.417547 -0.330229 -1.257632 11.772096
111.307 3.423003 -0.346960 -1.252396 11.789694
111.406 3.427898 -0.361764 -1.250651 11.805287
111.505 3.430658 -0.369839 -1.238433 11.813820
111.607 3.436546 -0.386676 -1.229707 11.831657
111.705 3.442544 -0.403420 -1.226216 11.849443
111.805 3.447526 -0.417092 -1.220980 11.863995
111.905 3.451547 -0.428053 -1.219235 11.875670
112.005 3.455582 -0.438996 -1.217489 11.887333
112.105 3.459509 -0.449561 -1.213999 11.898604
112.205 3.466216 -0.467553 -1.213999 11.917806
112.309 3.469781 -0.477080 -1.212253 11.927978
112.405 3.474841 -0.490521 -1.210508 11.942340
112.505 3.478699 -0.500763 -1.210508 11.953284
112.605 3.484871 -0.517181 -1.210508 11.970824
112.708 3.488758 -0.527553 -1.212253 11.981901
112.805 3.492805 -0.538398 -1.213999 11.993476
112.905 3.497897 -0.552116 -1.215744 12.008109
113.005 3.503936 -0.568405 -1.215744 12.025481
113.105 3.508063 -0.579520 -1.213999 12.037337
113.205 3.515342 -0.599155 -1.215744 12.058278
113.306 3.519419 -0.610536 -1.238433 12.070368
113.406 3.523310 -0.622113 -1.252396 12.082581
113.505 3.528493 -0.637896 -1.254141 12.099193
113.605 3.532213 -0.649251 -1.254141 12.111142
113.705 3.538590 -0.669023 -1.266359 12.131917
113.805 3.542066 -0.680365 -1.276831 12.143779
113.906 3.545322 -0.691381 -1.287302 12.155267
114.005 3.549502 -0.705620 -1.283812 12.170106
114.105 3.554460 -0.723024 -1.301265 12.188203
114.205 3.634822 -0.663185 -1.257956 12.288397
114.306 3.638213 -0.673762 -1.261447 12.299504
114.405 3.643916 -0.691824 -1.266683 12.318445
114.505 3.647281 -0.702612 -1.268428 12.329746
114.605 3.652654 -0.719837 -1.268428 12.347789
114.705 3.656364 -0.731637 -1.264937 12.360159
114.806 3.660640 -0.745047 -1.261447 12.374235
114.908 3.665979 -0.761600 -1.257956 12.391627
115.006 3.669635 -0.772854 -1.256211 12.403460
115.107 3.674141 -0.786633 -1.252720 12.417957
115.208 3.679390 -0.802514 -1.250975 12.434683
115.321 3.682664 -0.812650 -1.263192 12.445335
115.405 3.686628 -0.825373 -1.270173 12.458661
115.505 3.691272 -0.840778 -1.282391 12.474751
115.605 3.694636 -0.852245 -1.287627 12.486702
115.705 3.697918 -0.863674 -1.292863 12.498592
115.810 3.703319 -0.883000 -1.301589 12.518658
115.905 3.706540 -0.894816 -1.308571 12.530905
116.009 3.709953 -0.907769 -1.317297 12.544300
116.105 3.714000 -0.923698 -1.322533 12.560736
116.207 3.716516 -0.933694 -1.324278 12.571044
116.305 3.719974 -0.947459 -1.324278 12.585236
116.405 3.724306 -0.964674 -1.324278 12.602988
116.505 3.727213 -0.976291 -1.324278 12.614964
116.605 3.730707 -0.990235 -1.324278 12.629338
116.705 3.734730 -1.007358 -1.352204 12.646927
116.806 3.737036 -1.018716 -1.381874 12.658517
116.906 3.739419 -1.032728 -1.418526 12.672730
117.005 3.741469 -1.049136 -1.469141 12.689266
117.105 3.742352 -1.059924 -1.498811 12.700090
117.205 3.743177 -1.073892 -1.521501 12.714082
117.306 3.743631 -1.090666 -1.559898 12.730863
117.405 3.802300 -1.155027 -1.680644 12.817950
117.505 3.800648 -1.168089 -1.708569 12.831117
117.605 3.798235 -1.183121 -1.741730 12.846341
117.705 3.796248 -1.193511 -1.771401 12.856919
117.805 3.792277 -1.210538 -1.820270 12.874403
117.905 3.788459 -1.224415 -1.848195 12.888796
118.005 3.785578 -1.234045 -1.867394 12.898848
118.105 3.780474 -1.250114 -1.883625 12.915708
118.205 3.775954 -1.263926 -1.889211 12.930240
118.305 3.771527 -1.277145 -1.898112 12.944181
118.405 3.768198 -1.286876 -1.901777 12.954466
118.506 3.762914 -1.301843 -1.914343 12.970339
118.605 3.758740 -1.313284 -1.923419 12.982517
118.705 3.754470 -1.324731 -1.930400 12.994734
118.806 3.747099 -1.343843 -1.944887 13.015218
118.905 3.742862 -1.354637 -1.944887 13.026814
119.005 3.736431 -1.370907 -1.948552 13.044309
119.105 3.731201 -1.383995 -1.955708 13.058403
119.205 3.727023 -1.394227 -1.961293 13.069456
119.305 3.720169 -1.410409 -1.984156 13.087030
119.406 3.715127 -1.421572 -1.999864 13.099278
119.505 3.707519 -1.437662 -2.015921 13.117076
119.605 3.701060 -1.451111 -2.019587 13.131996
119.705 3.724913 -1.501700 -2.073541 13.187927
119.808 3.739406 -1.553607 -2.134022 13.241819
119.905 3.731550 -1.565969 -2.137687 13.256465
120.005 3.725219 -1.575864 -2.141352 13.268213
120.105 3.715692 -1.590582 -2.153744 13.285745
120.205 3.708168 -1.601923 -2.159155 13.299355
120.305 3.702058 -1.611027 -2.162820 13.310319
120.405 3.691983 -1.625868 -2.170150 13.328257
120.505 3.683835 -1.637691 -2.177481 13.342615
120.606 3.675963 -1.648969 -2.183066 13.356369
120.705 3.669391 -1.658224 -2.190222 13.367720
120.805 3.659946 -1.671068 -2.214831 13.383662
120.905 3.653237 -1.679891 -2.221812 13.394748
121.005 3.643109 -1.693024 -2.230713 13.411331
121.105 3.633937 -1.704513 -2.267540 13.426033
121.206 3.626340 -1.713073 -2.314489 13.437477
121.305 3.614214 -1.725175 -2.387967 13.454610
121.405 3.603929 -1.734120 -2.450799 13.468240
121.505 3.595638 -1.740557 -2.497923 13.478737
121.605 3.586124 -1.747289 -2.546792 13.490391
121.705 3.575023 -1.754229 -2.607879 13.503483
121.805 3.567257 -1.758582 -2.644531 13.512386
121.905 3.556599 -1.764011 -2.682928 13.524347
122.005 3.540968 -1.771618 -2.693400 13.541731
122.106 3.530077 -1.776847 -2.693400 13.553812
122.205 3.528131 -1.775128 -2.720503 13.556409
122.305 3.516249 -1.765701 -2.721390 13.571577
122.408 3.506558 -1.770215 -2.693465 13.582267
122.506 3.496783 -1.775204 -2.653322 13.593242
122.605 3.480066 -1.785013 -2.576528 13.612625
122.705 3.471257 -1.790935 -2.534640 13.623239
122.805 3.462832 -1.797110 -2.494497 13.633685
122.905 3.448895 -1.808562 -2.426429 13.651723
123.005 3.442471 -1.814391 -2.391523 13.660398
123.114 3.435922 -1.820778 -2.358362 13.669545
123.205 3.424664 -1.832812 -2.299020 13.686025
123.305 3.418123 -1.840009 -2.314728 13.695750
123.405 3.407671 -1.851216 -2.327295 13.711074
123.505 3.400498 -1.858547 -2.362201 13.721331
123.605 3.394132 -1.948054 -2.395279 13.811063
123.705 3.386406 -1.954798 -2.440658 13.821319
123.805 3.369818 -1.967271 -2.538396 13.842073
123.905 3.361104 -1.972884 -2.585520 13.852439
124.007 3.349899 -1.979325 -2.643116 13.865363
124.109 3.337649 -1.985460 -2.700712 13.879063
124.205 3.320955 -1.992536 -2.772271 13.897195
124.306 3.307905 -1.997108 -2.826376 13.911022
124.409 3.297339 -2.000265 -2.866518 13.922050
124.505 3.282984 -2.003862 -2.915388 13.936849
124.609 3.283758 -1.989675 -2.969528 13.951057
124.706 3.276192 -1.978274 -3.037829 13.964740
124.805 3.267739 -1.979020 -3.062264 13.973226
124.910 3.248698 -1.980075 -3.100835 13.992296
125.010 3.237241 -1.980374 -3.125270 14.003757
125.106 3.221028 -1.980294 3.124754 14.019970
125.205 3.208965 -1.979920 3.100145 14.032039
125.305 3.192051 -1.978943 3.070125 14.048981
125.405 3.178462 -1.977805 3.050927 14.062618
125.505 3.167623 -1.976733 3.036789 14.073510
125.606 3.154595 -1.975214 3.018987 14.086626
125.705 3.143564 -1.973783 3.006421 14.097749
125.805 3.124258 -1.970894 2.987048 14.117270
125.905 3.113334 -1.969151 2.981463 14.128333
126.005 3.102472 -1.967363 2.976052 14.139341
126.108 3.083306 -1.964125 2.959953 14.158778
126.205 3.035528 -2.051416 2.913742 14.258289
126.305 3.021865 -2.048104 2.894194 14.272348
126.407 3.005200 -2.043416 2.848816 14.289659
126.507 2.995214 -2.040229 2.824381 14.300142
126.606 2.982803 -2.035863 2.787555 14.313298
126.705 2.967468 -2.029732 2.740605 14.329813
126.805 2.957602 -2.025316 2.709015 14.340623
126.905 2.948359 -2.020840 2.679519 14.350893
127.005 2.933697 -2.012959 2.623668 14.367539
127.105 2.925857 -2.008310 2.595743 14.376653
127.205 2.918148 -2.003460 2.569563 14.385760
127.305 2.904694 -1.994384 2.527675 14.401990
127.405 2.897224 -1.988962 2.503241 14.411221
127.509 2.889951 -1.983601 2.520694 14.420255
127.606 2.875478 -1.973666 2.560836 14.437810
127.707 2.866109 -1.967753 2.590507 14.448889
127.805 2.855765 -1.961714 2.627159 14.460867
127.905 2.837254 -1.951999 2.683009 14.481772
128.005 2.827313 -1.947358 2.719661 14.492744
128.105 2.817134 -1.943017 2.749157 14.503810
128.205 2.797752 -1.935944 2.801787 14.524441
128.305 2.783142 -1.959190 2.850190 14.551898
128.409 2.772365 -1.956149 2.874625 14.563096
128.505 2.752969 -1.951279 2.916513 14.583094
128.605 2.742109 -1.948892 2.937282 14.594213
128.705 2.727731 -1.946186 2.960146 14.608844
128.805 2.710819 -1.943163 2.967476 14.626024
128.905 2.699517 -1.941441 3.007619 14.637456
129.005 2.685394 -1.939910 3.051252 14.651662
129.105 2.668860 -1.938898 3.101692 14.668227
129.205 2.658225 -1.938681 3.135028 14.678864
129.308 2.647401 -1.938754 -3.130529 14.689689
129.416 2.626732 -1.939501 -3.086896 14.710371
129.505 2.615060 -1.940279 -3.064032 14.722068
129.605 2.598661 -1.941690 -3.047975 14.738529
129.705 2.588107 -1.942754 -3.035584 14.749136
129.805 2.560521 -1.948429 -3.003633 14.777299
129.905 2.545650 -1.950637 -2.987925 14.792333
130.005 2.534243 -1.952454 -2.980944 14.803884
130.105 2.518339 -1.955313 -2.953019 14.820043
130.205 2.505838 -1.957853 -2.935565 14.832800
130.305 2.494497 -1.960228 -2.933820 14.844387
130.405 2.480339 -1.963229 -2.932075 14.858859
130.505 2.468463 -1.965676 -2.942547 14.870985
130.605 2.451047 -1.969049 -2.956509 14.888724
130.705 2.434063 -1.972333 -2.949528 14.906023
130.806 2.425122 -1.974088 -2.947783 14.915134
130.909 2.408164 -1.977498 -2.940801 14.932432
131.005 2.394755 -1.980344 -2.930329 14.946140
131.105 2.383314 -1.982802 -2.928584 14.957841
131.205 2.366156 -1.986529 -2.926839 14.975399
131.305 2.352671 -1.989540 -2.916367 14.989217
131.406 2.337373 -1.993177 -2.898914 15.004941
131.505 2.326939 -1.995880 -2.883206 15.015720
131.605 2.316619 -1.998671 -2.870988 15.026411
131.705 2.297721 -2.004141 -2.853535 15.046084
131.805 2.287200 -2.007348 -2.843063 15.057083
131.905 2.275918 -2.010965 -2.823864 15.068931
132.005 2.256484 -2.017667 -2.801175 15.089488
132.106 2.245442 -2.021577 -2.801175 15.101201
132.205 2.234427 -2.025495 -2.799430 15.112893
132.305 2.214953 -2.032459 -2.797684 15.133575
132.409 2.203776 -2.036479 -2.795939 15.145452
132.505 2.192884 -2.040401 -2.795939 15.157029
132.605 2.173854 -2.047227 -2.797684 15.177246
132.706 2.162620 -2.051267 -2.795939 15.189185
132.806 2.148861 -2.056222 -2.795939 15.203809
132.905 2.169850 -2.170285 -2.653846 15.319787
133.005 2.154872 -2.178231 -2.653846 15.336743
133.105 2.146422 -2.182641 -2.667809 15.346274
133.207 2.135633 -2.188107 -2.680026 15.358369
133.305 2.117933 -2.196474 -2.718423 15.377947
133.405 2.108183 -2.200702 -2.742858 15.388575
133.505 2.093099 -2.206655 -2.779510 15.404790
133.606 2.084759 -2.209739 -2.791727 15.413683
133.705 2.075079 -2.213097 -2.817907 15.423928
133.805 2.063105 -2.216919 -2.840596 15.436497
133.905 2.048235 -2.221311 -2.863286 15.452003
134.006 2.038541 -2.224004 -2.880739 15.462064
134.121 2.022288 -2.228075 -2.905174 15.478819
134.205 2.007257 -2.231493 -2.931354 15.494233
134.305 1.996151 -2.233758 -2.943571 15.505568
134.406 1.982619 -2.236434 -2.950552 15.519362
134.505 1.966389 -2.239409 -2.971496 15.535863
134.605 1.955247 -2.241247 -2.982143 15.547155
134.705 1.944172 -2.242939 -2.994534 15.558358
134.805 1.926360 -2.245328 -3.017573 15.576330
134.909 1.916832 -2.246453 -3.026474 15.585924
135.014 1.907378 -2.247482 -3.037121 15.595434
135.105 1.891737 -2.249035 -3.048116 15.611152
135.205 1.883877 -2.249707 -3.060682 15.619040
135.305 1.875956 -2.250303 -3.067838 15.626984
135.406 1.862601 -2.251208 -3.078834 15.640369
135.506 1.854989 -2.251619 -3.089480 15.647993
135.606 1.843987 -2.252138 -3.096636 15.659007
135.705 1.841103 -2.252353 -3.028743 15.661899
135.806 1.841595 -2.252272 -2.969227 15.662397
135.905 1.841753 -2.252215 -2.873234 15.662565
136.005 1.826157 -2.287041 -2.901629 15.700724
136.115 1.818198 -2.289525 -2.915734 15.709062
136.205 1.807317 -2.292035 -2.913989 15.720229
136.306 1.794317 -2.294697 -2.952386 15.733499
136.406 1.783582 -2.296524 -2.987293 15.744387
136.511 1.766095 -2.298651 -3.044889 15.762004
136.610 1.751632 -2.299566 -3.098994 15.776496
136.705 1.740487 -2.299812 -3.132330 15.787643
136.805 1.723115 -2.299434 3.098496 15.805019
136.905 1.708521 -2.298443 3.056783 15.819647
137.005 1.696776 -2.297200 3.025367 15.831457
137.105 1.670708 -2.302770 2.971402 15.858114
137.205 1.660203 -2.300791 2.948538 15.868804
137.305 1.642724 -2.296854 2.901589 15.886721
137.406 1.628579 -2.293019 2.861272 15.901376
137.505 1.617956 -2.289832 2.842073 15.912467
137.605 1.602414 -2.284737 2.814148 15.928823
137.705 1.591411 -2.280773 2.784477 15.940518
137.805 1.575575 -2.274442 2.747651 15.957573
137.905 1.562173 -2.268872 2.745906 15.972086
138.005 1.551446 -2.264391 2.745906 15.983712
138.105 1.535024 -2.257513 2.743986 16.001515
138.206 1.524282 -2.252990 2.742240 16.013171
138.305 1.507960 -2.246107 2.742240 16.030885
138.406 1.494651 -2.240490 2.742240 16.045331
138.507 1.483971 -2.235850 2.726533 16.056976
138.606 1.468510 -2.228863 2.703494 16.073942
138.707 1.458197 -2.224004 2.699829 16.085342
138.805 1.442235 -2.216344 2.689008 16.103046
138.908 1.431799 -2.211166 2.673300 16.114696
139.005 1.417050 -2.203475 2.653752 16.131331
139.105 1.404195 -2.196613 2.650262 16.145902
139.205 1.393952 -2.191098 2.646771 16.157536
139.306 1.381149 -2.184178 2.645026 16.172089
139.409 1.316362 -2.220824 2.601260 16.246522
139.506 1.298295 -2.221051 2.594645 16.264590
139.605 1.283270 -2.211926 2.596390 16.282170
139.705 1.270949 -2.204441 2.594645 16.296586
139.805 1.261081 -2.198444 2.594645 16.308133
139.905 1.248316 -2.190647 2.591154 16.323091
140.005 1.233154 -2.181293 2.584173 16.340906
140.105 1.223513 -2.175190 2.575446 16.352316
140.205 1.209232 -2.165907 2.557993 16.369350
140.305 1.197571 -2.157924 2.535304 16.383481
140.406 1.188015 -2.151085 2.510869 16.395233
140.505 1.174052 -2.140801 2.505633 16.412574
140.605 1.162164 -2.132025 2.505633 16.427351
140.705 1.153479 -2.125584 2.502143 16.438163
140.805 1.142295 -2.117249 2.498652 16.452111
140.905 1.128520 -2.106878 2.493416 16.469354
141.006 1.119118 -2.099738 2.491671 16.481160
141.105 1.107642 -2.090983 2.489925 16.495594
141.206 1.093275 -2.079984 2.488180 16.513688
141.305 1.084524 -2.073332 2.498652 16.524681
141.405 1.073814 -2.065418 2.507379 16.537997
141.505 1.059566 -2.055072 2.514360 16.555605
141.606 1.050066 -2.048217 2.517850 16.567320
141.705 1.037803 -2.039393 2.517850 16.582428
141.805 1.023230 -2.028900 2.516105 16.600385
141.906 1.011259 -2.020312 2.523086 16.615118
142.005 1.001228 -2.013186 2.526577 16.627423
142.105 0.986474 -2.002738 2.526577 16.645501
142.205 0.974344 -1.994156 2.524832 16.660360
142.305 0.964690 -1.987311 2.524832 16.672195
142.405 0.955884 -1.981067 2.524832 16.682990
142.506 0.881551 -2.016915 2.476013 16.765516
142.605 0.870313 -2.014940 2.472191 16.776926
142.705 0.859628 -2.006373 2.451247 16.790621
142.805 0.852843 -2.000636 2.430303 16.799506
142.906 0.844183 -1.992739 2.388415 16.811226
143.006 0.841492 -1.990216 2.388415 16.814915
143.105 0.841652 -1.990366 2.388415 16.815134
143.205 0.841783 -1.990489 2.388415 16.815315
143.305 0.841783 -1.990489 2.388415 16.815315
143.405 0.841783 -1.990489 2.388415 16.815315
143.505 0.841783 -1.990489 2.388415 16.815315
143.605 0.841783 -1.990489 2.388415 16.815315
143.705 0.841783 -1.990489 2.388415 16.815315
143.805 0.841783 -1.990489 2.388415 16.815315
143.905 0.841783 -1.990489 2.388415 16.815315
144.006 0.841783 -1.990489 2.388415 16.815315
144.107 0.841783 -1.990489 2.388415 16.815315
144.205 0.841783 -1.990489 2.388415 16.815315
144.306 0.841783 -1.990489 2.388415 16.815315
144.406 0.840369 -1.989126 2.369216 16.817279
144.511 0.833126 -1.981379 2.288931 16.827884
144.605 0.827977 -1.975051 2.236571 16.836043
144.705 0.821963 -1.966775 2.177230 16.846273
144.805 0.812103 -1.950504 2.070765 16.865299
144.905 0.807803 -1.941988 2.020150 16.874839
145.005 0.802069 -1.928561 1.943356 16.889438
145.105 0.798979 -1.919899 1.897977 16.898636
145.205 0.795019 -1.906522 1.833400 16.912586
145.306 0.791970 -1.893436 1.779120 16.926022
145.405 0.790038 -1.882999 1.739152 16.936637
145.505 0.788240 -1.870059 1.690283 16.949701
145.605 0.786979 -1.855701 1.636178 16.964114
145.705 0.755184 -1.836578 1.568333 17.001217
145.805 0.735012 -1.812281 1.496203 17.032796
145.905 0.736355 -1.799160 1.449079 17.045985
146.005 0.737751 -1.789232 1.421154 17.056011
146.105 0.739956 -1.776950 1.377521 17.068489
146.205 0.742897 -1.763541 1.337378 17.082217
146.305 0.745021 -1.755227 1.311198 17.090798
146.405 0.748008 -1.744683 1.281528 17.101758
146.505 0.752060 -1.732215 1.236149 17.114867
146.605 0.755043 -1.724161 1.206479 17.123455
146.705 0.758600 -1.715329 1.175063 17.132977
146.805 0.736432 -1.696566 1.147639 17.162020
146.907 0.740101 -1.688796 1.117968 17.170612
147.005 0.743706 -1.681833 1.079571 17.178453
147.105 0.749510 -1.671734 1.039428 17.190101
147.205 0.750678 -1.669741 1.041348 17.192411
147.309 0.751129 -1.668973 1.036112 17.193302
147.405 0.750898 -1.669324 0.987068 17.193723
147.505 0.750793 -1.669479 0.952162 17.193910
147.605 0.751104 -1.669061 0.915684 17.194431
147.705 0.750753 -1.669497 0.852853 17.194990
147.805 0.750836 -1.669404 0.814455 17.195114
147.905 0.750569 -1.669676 0.781294 17.195496
148.006 0.749401 -1.670579 0.636432 17.196972
148.105 0.747450 -1.671863 0.543929 17.199307
148.209 0.745189 -1.673043 0.435719 17.201858
148.305 0.742766 -1.673936 0.297838 17.204440
148.405 0.728688 -1.673594 0.153846 17.218522
148.505 0.720792 -1.669689 0.008366 17.227331
148.607 0.720052 -1.669652 -0.124279 17.228072
148.705 0.720014 -1.669645 -0.216782 17.228111
148.805 0.719149 -1.669397 -0.305619 17.229011
148.906 0.716608 -1.668391 -0.420985 17.231744
149.005 0.721037 -1.658616 -0.551521 17.242475
149.105 0.725774 -1.654085 -0.635799 17.249031
149.205 0.726301 -1.654573 -0.775425 17.249749
149.305 0.727190 -1.655544 -0.855710 17.251065
149.405 0.740801 -1.651467 -0.937289 17.265274
149.505 0.778174 -1.642687 -1.047749 17.303664
149.605 0.784493 -1.655859 -1.169922 17.318273
149.707 0.787524 -1.663872 -1.229263 17.326840
149.805 0.791823 -1.678551 -1.328747 17.342136
149.905 0.817287 -1.736775 -1.421469 17.405684
150.005 0.818704 -1.751899 -1.513972 17.420874
150.106 0.818911 -1.762829 -1.575058 17.431806
150.205 0.817869 -1.780428 -1.664070 17.449437
150.305 0.815698 -1.796127 -1.737374 17.465285
150.406 0.813176 -1.809009 -1.781007 17.478412
150.505 0.810469 -1.820042 -1.828131 17.489772
150.606 0.822077 -1.832411 -1.869817 17.506735
150.705 0.818427 -1.843073 -1.920432 17.518004
150.805 0.814181 -1.853953 -1.958829 17.529683
150.906 0.807155 -1.869380 -2.026722 17.546635
151.007 0.799125 -1.884639 -2.077511 17.563878
151.105 0.794598 -1.892541 -2.096884 17.572984
151.205 0.785976 -1.906429 -2.144008 17.589331
151.314 0.778804 -1.917004 -2.178915 17.602109
151.407 0.803338 -1.966811 -2.195741 17.657631
151.506 0.796092 -1.976518 -2.220350 17.669744
151.606 0.789006 -1.985557 -2.243039 17.681229
151.705 0.775875 -2.001317 -2.284927 17.701743
151.805 0.768167 -2.010002 -2.302380 17.713355
151.907 0.760840 -2.017982 -2.321753 17.724189
152.006 0.751592 -2.027671 -2.341127 17.737583
152.106 0.739622 -2.039889 -2.350202 17.754687
152.208 0.731676 -2.047826 -2.359103 17.765918
152.305 0.721202 -2.057823 -2.394010 17.780397
152.405 0.711227 -2.066786 -2.420539 17.793808
152.505 0.695470 -2.080325 -2.438516 17.814582
152.605 0.686304 -2.088025 -2.447417 17.826553
152.705 0.677064 -2.095709 -2.449162 17.838571
152.805 0.661040 -2.108956 -2.452828 17.859362
152.905 0.652326 -2.116101 -2.456493 17.870630
153.005 0.641139 -2.125215 -2.458413 17.885060
153.105 0.633031 -2.131802 -2.460158 17.895506
153.205 0.619451 -2.142482 -2.486338 17.912782
153.305 0.605646 -2.152725 -2.512518 17.929973
153.405 0.598762 -2.157734 -2.512518 17.938487
153.506 0.584342 -2.168183 -2.516009 17.956294
153.605 0.570437 -2.178227 -2.516009 17.973447
153.710 0.562973 -2.183619 -2.516009 17.982655
153.806 0.572443 -2.228827 -2.550504 18.028844
153.905 0.567941 -2.247972 -2.562490 18.048511
154.005 0.557856 -2.254579 -2.562490 18.060568
154.105 0.540502 -2.265915 -2.564236 18.081296
154.205 0.533100 -2.270736 -2.564236 18.090130
154.306 0.517907 -2.280594 -2.569472 18.108241
154.406 0.505758 -2.288125 -2.593906 18.122535
154.505 0.495683 -2.294068 -2.611360 18.134232
154.606 0.480871 -2.302607 -2.620086 18.151329
154.706 0.468493 -2.309719 -2.620086 18.165605
154.806 0.458765 -2.315308 -2.620086 18.176824
154.906 0.444564 -2.323468 -2.620086 18.193202
155.005 0.434759 -2.329078 -2.621832 18.204499
155.107 0.421545 -2.336629 -2.623577 18.219718
155.205 0.406540 -2.345210 -2.621832 18.237004
155.305 0.396331 -2.351070 -2.620086 18.248774
155.406 0.383798 -2.358306 -2.614850 18.263247
155.505 0.369563 -2.366679 -2.604378 18.279762
155.606 0.358638 -2.373124 -2.611360 18.292446
155.705 0.348874 -2.378831 -2.613105 18.303755
155.805 0.333926 -2.387244 -2.642776 18.320908
155.909 0.321984 -2.393592 -2.661974 18.334433
156.005 0.312373 -2.398440 -2.679427 18.345197
156.105 0.300286 -2.404305 -2.696881 18.358632
156.205 0.290978 -2.408877 -2.682918 18.369002
156.305 0.283960 -2.412373 -2.677682 18.376843
156.405 0.268868 -2.419929 -2.675937 18.393720
156.507 0.257715 -2.425534 -2.675937 18.406202
156.606 0.242326 -2.433301 -2.674191 18.423441
156.705 0.229062 -2.439995 -2.674191 18.438298
156.826 0.218704 -2.445223 -2.674191 18.449901
156.906 0.205987 -2.451613 -2.675937 18.464133
157.010 0.197875 -2.499048 -2.706624 18.512256
157.106 0.188489 -2.503398 -2.708370 18.522601
157.205 0.179262 -2.507652 -2.710115 18.532762
157.310 0.164001 -2.514534 -2.724078 18.549502
157.406 0.156379 -2.517877 -2.736295 18.557825
157.505 0.149714 -2.520686 -2.745022 18.565058
157.605 0.148428 -2.521228 -2.708370 18.566453
157.705 0.147700 -2.521580 -2.678699 18.567262
157.805 0.147554 -2.521656 -2.647283 18.567427
157.920 0.147769 -2.521540 -2.582706 18.567671
158.005 0.147862 -2.521478 -2.549545 18.567783
158.105 0.147811 -2.521511 -2.495439 18.567843
158.205 0.147843 -2.521486 -2.450061 18.567885
158.305 0.147569 -2.521723 -2.423881 18.568248
158.405 0.147166 -2.522073 -2.425626 18.568782
158.505 0.147060 -2.522166 -2.425626 18.568922
158.605 0.147060 -2.522166 -2.425626 18.568922
158.705 0.147060 -2.522166 -2.425626 18.568922
158.805 0.147060 -2.522166 -2.425626 18.568922
158.905 0.147060 -2.522166 -2.425626 18.568922
159.005 0.140285 -2.527745 -2.465769 18.577699
159.105 0.134587 -2.532206 -2.483222 18.584936
159.206 0.128166 -2.537015 -2.509402 18.592958
159.305 0.116799 -2.544692 -2.575725 18.606674
159.408 0.110501 -2.548497 -2.612377 18.614032
159.509 0.103516 -2.552385 -2.647283 18.622027
159.605 0.089780 -2.559254 -2.694407 18.637385
159.710 0.079867 -2.563829 -2.718842 18.648302
159.805 0.067737 -2.569071 -2.743276 18.661517
159.905 0.059118 -2.588911 -2.831731 18.683148
160.005 0.050255 -2.593251 -2.854948 18.693016
160.106 0.039768 -2.596222 -2.868910 18.703915
160.206 0.020292 -2.601253 -2.898581 18.724031
160.305 0.009075 -2.603941 -2.909053 18.735565
160.406 -0.004854 -2.607168 -2.914289 18.749863
160.508 -0.022223 -2.611144 -2.919525 18.767682
160.605 -0.033886 -2.613777 -2.919525 18.779638
160.706 -0.048516 -2.617059 -2.921270 18.794632
160.805 -0.065475 -2.620831 -2.923016 18.812005
160.905 -0.072214 -2.622328 -2.923016 18.818908
161.005 -0.078294 -2.623704 -2.916034 18.825142
161.105 -0.094470 -2.627416 -2.916034 18.841738
161.207 -0.106028 -2.630073 -2.914289 18.853598
161.305 -0.119965 -2.633297 -2.914289 18.867903
161.405 -0.137103 -2.637304 -2.910798 18.885504
161.505 -0.148480 -2.639993 -2.909053 18.897194
161.605 -0.162573 -2.643331 -2.909053 18.911676
161.709 -0.180186 -2.647502 -2.909053 18.929777
161.805 -0.191845 -2.650263 -2.909053 18.941759
161.906 -0.206125 -2.653645 -2.909053 18.956433
162.007 -0.223139 -2.657659 -2.910798 18.973914
162.105 -0.230147 -2.659306 -2.910798 18.981113
162.205 -0.231249 -2.659565 -2.910798 18.982245
162.305 -0.230604 -2.659413 -2.910798 18.982908
162.405 -0.230604 -2.659413 -2.910798 18.982908
162.505 -0.230604 -2.659413 -2.910798 18.982908
162.605 -0.230604 -2.659413 -2.910798 18.982908
162.705 -0.230604 -2.659413 -2.910798 18.982908
162.805 -0.230604 -2.659413 -2.910798 18.982908
162.905 -0.230604 -2.659413 -2.910798 18.982908
163.007 -0.227954 -2.695051 -2.902528 19.018644
163.105 -0.225653 -2.723978 -2.895775 19.047662
163.205 -0.225653 -2.723978 -2.895775 19.047662
163.305 -0.225653 -2.723978 -2.895775 19.047662
163.405 -0.225653 -2.723978 -2.895775 19.047662
163.505 -0.225653 -2.723978 -2.895775 19.047662
163.605 -0.225653 -2.723978 -2.895775 19.047662
163.705 -0.225653 -2.723978 -2.895775 19.047662
163.805 -0.225653 -2.723978 -2.895775 19.047662
163.905 -0.225653 -2.723978 -2.895775 19.047662
164.006 -0.225653 -2.723978 -2.895775 19.047662
164.105 -0.225653 -2.723978 -2.895775 19.047662
164.205 -0.225653 -2.723978 -2.895775 19.047662
164.305 -0.226557 -2.724202 -2.899265 19.048594
164.405 -0.232846 -2.725750 -2.901011 19.055071
164.505 -0.242511 -2.728024 -2.916719 19.065000
164.606 -0.253423 -2.730457 -2.930681 19.076179
164.705 -0.260944 -2.732025 -2.939582 19.083862
164.805 -0.270674 -2.733983 -2.945168 19.093787
164.905 -0.282493 -2.736255 -2.954243 19.105822
165.005 -0.290185 -2.737709 -2.955989 19.113651
165.105 -0.299685 -2.739485 -2.957908 19.123315
165.207 -0.316150 -2.742567 -2.955989 19.140065
165.305 -0.328285 -2.744839 -2.957908 19.152412
165.406 -0.339622 -2.747050 -2.945517 19.163963
165.505 -0.358767 -2.750972 -2.936441 19.183506
165.605 -0.370503 -2.753447 -2.932776 19.195499
165.705 -0.382286 -2.755977 -2.929110 19.207551
165.805 -0.402792 -2.760491 -2.923700 19.228548
165.905 -0.414398 -2.763082 -2.921955 19.240440
166.005 -0.426128 -2.765722 -2.920209 19.252463
166.105 -0.456326 -2.784596 -2.934037 19.288074
166.205 -0.468010 -2.787056 -2.935794 19.300014
166.305 -0.479624 -2.789480 -2.935794 19.311878
166.406 -0.499925 -2.793712 -2.935794 19.332615
166.505 -0.511823 -2.796196 -2.935794 19.344770
166.605 -0.523064 -2.798538 -2.937539 19.356253
166.705 -0.536847 -2.801390 -2.937539 19.370327
166.805 -0.553342 -2.804803 -2.937539 19.387172
166.906 -0.564766 -2.807152 -2.939285 19.398835
167.005 -0.584548 -2.811198 -2.939285 19.419026
167.106 -0.596189 -2.813568 -2.941205 19.430906
167.205 -0.610093 -2.816345 -2.946615 19.445085
167.305 -0.627139 -2.819682 -2.948535 19.462455
167.405 -0.641471 -2.822495 -2.946615 19.477060
167.505 -0.653456 -2.824862 -2.946615 19.489277
167.605 -0.664932 -2.827156 -2.942950 19.500980
167.705 -0.682676 -2.830744 -2.941205 19.519082
167.807 -0.700136 -2.834264 -2.942950 19.536894
167.905 -0.708934 -2.836029 -2.944870 19.545867
168.005 -0.728822 -2.839925 -2.952200 19.566133
168.105 -0.739420 -2.841933 -2.955865 19.576920
168.205 -0.750490 -2.843976 -2.961276 19.588177
168.315 -0.771061 -2.847621 -2.970526 19.609068
168.405 -0.783147 -2.849636 -2.984489 19.621321
168.505 -0.794083 -2.851287 -2.997055 19.632381
168.605 -0.813542 -2.853878 -3.019919 19.652011
168.705 -0.824803 -2.855104 -3.039292 19.663339
168.805 -0.835987 -2.856154 -3.048019 19.674572
168.908 -0.856626 -2.858049 -3.051684 19.695298
169.009 -0.868235 -2.859095 -3.051684 19.706954
169.106 -0.879840 -2.860147 -3.049764 19.718607
169.205 -0.894009 -2.861446 -3.049764 19.732835
169.305 -0.939309 -2.911876 -3.123744 19.800624
169.405 -0.959636 -2.912277 -3.120078 19.820955
169.505 -0.971154 -2.912520 -3.118159 19.832475
169.605 -0.982627 -2.912789 -3.118159 19.843951
169.706 -0.999560 -2.913114 -3.128805 19.860887
169.805 -1.008034 -2.913198 -3.134390 19.869362
169.905 -1.015885 -2.913220 -3.141371 19.877213
170.005 -1.031666 -2.913160 3.138149 19.892994
170.105 -1.042689 -2.913132 3.139894 19.904017
170.216 -1.053814 -2.913129 -3.141371 19.915142
170.305 -1.070463 -2.913167 -3.141371 19.931791
170.416 -1.088589 -2.913171 -3.141371 19.949917
170.506 -1.097599 -2.913156 3.139894 19.958927
170.605 -1.114921 -2.913160 -3.141371 19.976249
170.709 -1.132498 -2.913185 -3.139626 19.993827
170.805 -1.140757 -2.913217 -3.137706 20.002085
170.905 -1.154221 -2.913269 -3.137706 20.015550
171.005 -1.155928 -2.913276 -3.137706 20.017257
171.105 -1.155668 -2.913275 -3.137706 20.017517
171.205 -1.155627 -2.913275 -3.137706 20.017558
171.305 -1.155607 -2.913275 -3.139626 20.017578
171.405 -1.155607 -2.913275 -3.139626 20.017578
171.505 -1.155507 -2.913275 -3.141371 20.017678
171.605 -1.155465 -2.913275 3.139894 20.017719
171.710 -1.155306 -2.913275 3.138149 20.017879
171.805 -1.155145 -2.913276 3.136229 20.018040
171.913 -1.155024 -2.913277 3.134483 20.018161
172.012 -1.154946 -2.913277 3.130818 20.018239
172.108 -1.154929 -2.913278 3.128898 20.018255
172.205 -1.154929 -2.913278 3.127153 20.018255
172.305 -1.154869 -2.913279 3.125233 20.018315
172.407 -1.189873 -2.934208 3.055673 20.059098
172.505 -1.198045 -2.938256 3.029299 20.068218
172.605 -1.201450 -2.937872 3.029299 20.071645
172.705 -1.213115 -2.936556 3.029299 20.083384
172.805 -1.220965 -2.935671 3.029299 20.091283
172.907 -1.230569 -2.934588 3.029299 20.100948
173.005 -1.242327 -2.933270 3.031219 20.112780
173.105 -1.250051 -2.932399 3.029299 20.120553
173.205 -1.263784 -2.930851 3.029299 20.134373
173.305 -1.271477 -2.929981 3.027554 20.142115
173.406 -1.279191 -2.929104 3.029299 20.149879
173.508 -1.292979 -2.927561 3.029299 20.163753
173.605 -1.300830 -2.926675 3.029299 20.171654
173.705 -1.310637 -2.925577 3.031219 20.181522
173.805 -1.320210 -2.924501 3.029299 20.191155
173.905 -1.332077 -2.923186 3.031219 20.203095
174.005 -1.337687 -2.922560 3.031219 20.208740
174.106 -1.349634 -2.921236 3.031219 20.220759
174.205 -1.361379 -2.919935 3.031219 20.232576
174.305 -1.367229 -2.919286 3.031219 20.238463
174.405 -1.379082 -2.917965 3.029299 20.250389
174.505 -1.387083 -2.917078 3.031219 20.258439
174.605 -1.400734 -2.915565 3.031219 20.272173
174.705 -1.408423 -2.914713 3.031219 20.279910
174.807 -1.416392 -2.913830 3.031219 20.287927
174.905 -1.429925 -2.912334 3.032964 20.301543
175.005 -1.437814 -2.911467 3.031219 20.309479
175.105 -1.447549 -2.910395 3.032964 20.319273
175.217 -1.455575 -2.909512 3.032964 20.327347
175.305 -1.464629 -2.908516 3.031219 20.336456
175.405 -1.465714 -2.908396 3.031219 20.337547
175.505 -1.465477 -2.908422 3.031219 20.337785
175.618 -1.495757 -2.955691 3.007824 20.393922
175.714 -1.503170 -2.967636 3.001790 20.407979
175.816 -1.503170 -2.967636 3.001790 20.407979
175.909 -1.503170 -2.967636 3.001790 20.407979
176.010 -1.503170 -2.967636 3.001790 20.407979
176.106 -1.503170 -2.967636 3.001790 20.407979
176.205 -1.503170 -2.967636 3.001790 20.407979
176.305 -1.503071 -2.967650 3.001790 20.408079
176.405 -1.502934 -2.967669 3.001790 20.408218
176.505 -1.503113 -2.967644 3.001790 20.408398
176.607 -1.503034 -2.967655 3.001790 20.408478
176.705 -1.503076 -2.967649 3.001790 20.408520
176.805 -1.503133 -2.967641 3.001790 20.408578
176.905 -1.503133 -2.967641 3.001790 20.408578
177.005 -1.503133 -2.967641 3.001790 20.408578
177.105 -1.503133 -2.967641 3.001790 20.408578
177.205 -1.503133 -2.967641 3.001790 20.408578
177.305 -1.503196 -2.967632 3.001790 20.408641
177.405 -1.503213 -2.967630 3.001790 20.408658
177.505 -1.503213 -2.967630 3.001790 20.408658
177.605 -1.503213 -2.967630 3.001790 20.408658
177.705 -1.503213 -2.967630 3.001790 20.408658
177.805 -1.503213 -2.967630 3.001790 20.408658
177.905 -1.503213 -2.967630 3.001790 20.408658
178.005 -1.503213 -2.967630 3.001790 20.408658
178.105 -1.503233 -2.967627 3.001790 20.408678
178.205 -1.503233 -2.967627 3.001790 20.408678
178.307 -1.503233 -2.967627 3.001790 20.408678
178.405 -1.503233 -2.967627 3.001790 20.408678
178.505 -1.503233 -2.967627 3.001790 20.408678
178.605 -1.502439 -2.967168 3.002340 20.409595
178.705 -1.486210 -2.957760 3.013382 20.428354
178.805 -1.486210 -2.957760 3.013382 20.428354
178.905 -1.486210 -2.957760 3.013382 20.428354
179.005 -1.486210 -2.957760 3.013382 20.428354
179.105 -1.486210 -2.957760 3.013382 20.428354
179.205 -1.486210 -2.957760 3.013382 20.428354
179.305 -1.486210 -2.957760 3.013382 20.428354
179.405 -1.486210 -2.957760 3.013382 20.428354
179.505 -1.486210 -2.957760 3.013382 20.428354
179.605 -1.486170 -2.957765 3.013382 20.428394
179.705 -1.486170 -2.957765 3.013382 20.428394
179.805 -1.486190 -2.957763 3.013382 20.428414
179.905 -1.486190 -2.957763 3.013382 20.428414
180.005 -1.486190 -2.957763 3.013382 20.428414
180.105 -1.486190 -2.957763 3.013382 20.428414
180.205 -1.486190 -2.957763 3.013382 20.428414
180.305 -1.486190 -2.957763 3.013382 20.428414
180.405 -1.486190 -2.957763 3.013382 20.428414
180.505 -1.486190 -2.957763 3.013382 20.428414
180.605 -1.486190 -2.957763 3.013382 20.428414
180.705 -1.486190 -2.957763 3.013382 20.428414
180.805 -1.486190 -2.957763 3.013382 20.428414
180.905 -1.486190 -2.957763 3.013382 20.428414
181.005 -1.486190 -2.957763 3.013382 20.428414
181.105 -1.486190 -2.957763 3.013382 20.428414
181.205 -1.486190 -2.957763 3.013382 20.428414
181.305 -1.486190 -2.957763 3.013382 20.428414
181.405 -1.486190 -2.957763 3.013382 20.428414
181.505 -1.486190 -2.957763 3.013382 20.428414
181.605 -1.486190 -2.957763 3.013382 20.428414
181.705 -1.487797 -2.961212 3.010254 20.432220
181.805 -1.487797 -2.961212 3.010254 20.432220
181.905 -1.487797 -2.961212 3.010254 20.432220
182.005 -1.487797 -2.961212 3.010254 20.432220
182.105 -1.487797 -2.961212 3.010254 20.432220
182.205 -1.487797 -2.961212 3.010254 20.432220
182.305 -1.487797 -2.961212 3.010254 20.432220
182.405 -1.487797 -2.961212 3.010254 20.432220
182.505 -1.487797 -2.961212 3.010254 20.432220
182.606 -1.487797 -2.961212 3.010254 20.432220
182.705 -1.487797 -2.961212 3.010254 20.432220
182.805 -1.487797 -2.961212 3.010254 20.432220
182.905 -1.487797 -2.961212 3.010254 20.432220
183.006 -1.487797 -2.961212 3.010254 20.432220
183.105 -1.487797 -2.961212 3.010254 20.432220
183.205 -1.487797 -2.961212 3.010254 20.432220
183.305 -1.487797 -2.961212 3.010254 20.432220
183.405 -1.487797 -2.961212 3.010254 20.432220
183.505 -1.487797 -2.961212 3.010254 20.432220
183.605 -1.487797 -2.961212 3.010254 20.432220
183.705 -1.487797 -2.961212 3.010254 20.432220
183.805 -1.487797 -2.961212 3.010254 20.432220
183.905 -1.487797 -2.961212 3.010254 20.432220
184.005 -1.487797 -2.961212 3.010254 20.432220
184.105 -1.487797 -2.961212 3.010254 20.432220
184.205 -1.487797 -2.961212 3.010254 20.432220
184.305 -1.487797 -2.961212 3.010254 20.432220
184.405 -1.487797 -2.961212 3.010254 20.432220
184.506 -1.487797 -2.961212 3.010254 20.432220
184.605 -1.487797 -2.961212 3.010254 20.432220
184.705 -1.487797 -2.961212 3.010254 20.432220
184.805 -1.487797 -2.961212 3.010254 20.432220
184.905 -1.487797 -2.961212 3.010254 20.432220
185.005 -1.487797 -2.961212 3.010254 20.432220
185.105 -1.487797 -2.961212 3.010254 20.432220
185.205 -1.487797 -2.961212 3.010254 20.432220
185.305 -1.487797 -2.961212 3.010254 20.432220
185.406 -1.487797 -2.961212 3.010254 20.432220
185.505 -1.487797 -2.961212 3.010254 20.432220
185.605 -1.487797 -2.961212 3.010254 20.432220
185.706 -1.487797 -2.961212 3.010254 20.432220
185.805 -1.487797 -2.961212 3.010254 20.432220
185.905 -1.487797 -2.961212 3.010254 20.432220
186.005 -1.487797 -2.961212 3.010254 20.432220
186.105 -1.487797 -2.961212 3.010254 20.432220
186.205 -1.487797 -2.961212 3.010254 20.432220
186.305 -1.487797 -2.961212 3.010254 20.432220
186.405 -1.487797 -2.961212 3.010254 20.432220
186.505 -1.487797 -2.961212 3.010254 20.432220
186.605 -1.487797 -2.961212 3.010254 20.432220
186.705 -1.487797 -2.961212 3.010254 20.432220
186.805 -1.487797 -2.961212 3.010254 20.432220
186.905 -1.487797 -2.961212 3.010254 20.432220
187.005 -1.487837 -2.961206 3.010254 20.432259
187.105 -1.487876 -2.961201 3.010254 20.432299
187.205 -1.487876 -2.961201 3.010254 20.432299
187.305 -1.487876 -2.961201 3.010254 20.432299
187.405 -1.487876 -2.961201 3.010254 20.432299
187.505 -1.487876 -2.961201 3.010254 20.432299
187.605 -1.487876 -2.961201 3.010254 20.432299
187.705 -1.487876 -2.961201 3.010254 20.432299
187.805 -1.487876 -2.961201 3.010254 20.432299
187.905 -1.488864 -2.961203 3.010255 20.433286
188.005 -1.489435 -2.961204 3.010255 20.433858
188.105 -1.489435 -2.961204 3.010255 20.433858
188.205 -1.489435 -2.961204 3.010255 20.433858
188.305 -1.489435 -2.961204 3.010255 20.433858
188.408 -1.489435 -2.961204 3.010255 20.433858
188.505 -1.489435 -2.961204 3.010255 20.433858
