# t_sec x y yaw_rad cum_dist_m
0.102 0.001562 -0.001562 0.000000 0.000000
0.203 0.001562 -0.001562 0.000000 0.000000
0.302 0.001562 -0.001562 0.000000 0.000000
0.401 -0.000000 -0.001562 -0.000000 0.001562
0.501 -0.000221 -0.001563 0.008727 0.001784
0.601 -0.000181 -0.001559 0.041888 0.001824
0.701 0.000038 -0.001547 0.066672 0.002043
0.801 -0.000342 -0.001580 0.092852 0.002424
0.901 -0.000404 -0.001591 0.136310 0.002487
1.001 -0.000602 -0.001619 0.165981 0.002687
1.101 -0.000506 -0.001599 0.202633 0.002786
1.201 -0.000584 -0.001619 0.237714 0.002866
1.301 -0.001109 -0.001754 0.261974 0.003409
1.401 -0.000822 -0.001667 0.298626 0.003709
1.503 -0.000667 -0.001621 0.337023 0.003871
1.601 -0.000857 -0.001688 0.366694 0.004072
1.702 -0.001063 -0.001773 0.394619 0.004295
1.801 -0.001426 -0.001942 0.441743 0.004695
1.902 -0.001390 -0.001924 0.467923 0.004735
2.003 -0.001368 -0.001916 0.504575 0.004758
2.101 -0.001460 -0.001956 0.546463 0.004858
2.201 -0.001204 -0.001798 0.562345 0.005160
2.301 -0.001634 -0.002086 0.600742 0.005678
2.402 -0.001667 -0.002109 0.632158 0.005718
2.501 -0.018117 -0.014672 0.689859 0.026416
2.601 -0.018180 -0.014725 0.723020 0.026499
2.702 -0.018260 -0.014806 0.756181 0.026613
2.801 -0.018347 -0.014889 0.784281 0.026732
2.901 -0.018319 -0.014859 0.817442 0.026773
3.001 -0.018012 -0.014522 0.847113 0.027228
3.101 -0.018502 -0.015100 0.878529 0.027985
3.201 -0.018617 -0.015240 0.915181 0.028167
3.304 -0.018664 -0.015310 0.953578 0.028251
3.401 -0.018436 -0.014978 0.983249 0.028654
3.502 -0.018749 -0.015464 1.007858 0.029233
3.601 -0.018622 -0.015240 1.058472 0.029490
3.701 -0.018600 -0.015202 1.083081 0.029534
3.801 -0.018646 -0.015293 1.107516 0.029636
3.902 -0.018783 -0.015582 1.156385 0.029956
4.010 -0.018801 -0.015621 1.184311 0.029999
4.112 -0.018638 -0.015192 1.227944 0.030459
4.201 -0.017286 -0.016088 1.268510 0.032080
4.301 -0.015679 -0.016127 1.303760 0.033687
4.402 -0.015587 -0.015778 1.343902 0.034049
4.501 -0.015680 -0.016211 1.378809 0.034492
4.601 -0.015729 -0.016486 1.406734 0.034772
4.702 -0.015735 -0.016528 1.446877 0.034814
4.801 -0.015707 -0.016264 1.476547 0.035079
4.902 -0.015741 -0.016703 1.506218 0.035520
5.001 -0.015745 -0.016670 1.548106 0.035553
5.101 -0.015742 -0.016570 1.576031 0.035654
5.201 -0.015732 -0.016787 1.614428 0.035872
5.302 -0.015706 -0.017228 1.649335 0.036314
5.405 -0.015737 -0.016909 1.684241 0.036634
5.501 -0.015713 -0.017104 1.713912 0.036830
5.601 -0.015676 -0.017325 1.733285 0.037055
5.702 -0.018069 -0.025058 1.785694 0.045150
5.801 -0.019810 -0.030045 1.815896 0.050432
5.901 -0.019712 -0.030411 1.843996 0.050811
6.002 -0.019673 -0.030526 1.894611 0.050932
6.101 -0.019588 -0.030759 1.922536 0.051181
6.201 -0.019761 -0.030321 1.960933 0.051652
6.320 -0.019496 -0.030902 2.002821 0.052290
6.402 -0.019514 -0.030867 2.023765 0.052329
6.502 -0.019797 -0.030314 2.053436 0.052950
6.601 -0.019641 -0.030596 2.079616 0.053272
6.716 -0.019604 -0.030663 2.123249 0.053349
6.801 -0.019566 -0.030715 2.158155 0.053413
6.901 -0.019340 -0.031046 2.184335 0.053814
7.001 -0.019483 -0.030856 2.222733 0.054052
7.101 -0.019193 -0.031219 2.259384 0.054517
7.201 -0.019260 -0.031140 2.289055 0.054621
7.301 -0.019170 -0.031239 2.308254 0.054755
7.402 -0.015832 -0.034831 2.360002 0.059658
7.501 -0.013598 -0.037260 2.402037 0.062958
7.601 -0.013280 -0.037535 2.435199 0.063379
7.701 -0.013341 -0.037484 2.473596 0.063459
7.801 -0.013420 -0.037422 2.498030 0.063559
7.901 -0.013388 -0.037445 2.541664 0.063599
8.001 -0.013346 -0.037472 2.573080 0.063649
8.101 -0.013093 -0.037630 2.597514 0.063947
8.201 -0.013370 -0.037473 2.646383 0.064266
8.301 -0.012869 -0.037729 2.679545 0.064828
8.401 -0.012835 -0.037746 2.707470 0.064867
8.501 -0.012992 -0.037676 2.731905 0.065039
8.601 -0.012773 -0.037768 2.780774 0.065277
8.702 -0.012868 -0.037734 2.806954 0.065378
8.801 -0.012559 -0.037835 2.836450 0.065703
8.901 -0.012943 -0.037726 2.876767 0.066103
9.001 -0.019644 -0.049513 2.920690 0.079661
9.101 -0.023897 -0.057431 2.953170 0.088649
9.201 -0.024333 -0.057354 2.980921 0.089092
9.301 -0.024016 -0.057401 3.019493 0.089413
9.401 -0.024075 -0.057395 3.050909 0.089473
9.501 -0.023776 -0.057418 3.078834 0.089773
9.602 -0.023775 -0.057417 3.108679 0.089774
9.701 -0.023797 -0.057414 -3.129128 0.089796
9.801 -0.023411 -0.057405 -3.099283 0.090182
9.901 -0.023691 -0.057418 -3.080084 0.090462
10.001 -0.023231 -0.057377 -3.031040 0.090924
10.101 -0.023351 -0.057394 -3.001370 0.091044
10.201 -0.023609 -0.057435 -2.973444 0.091306
10.301 -0.023093 -0.057327 -2.926320 0.091833
10.401 -0.023059 -0.057319 -2.894904 0.091868
10.501 -0.023115 -0.057333 -2.873961 0.091925
10.601 -0.022926 -0.057271 -2.830327 0.092124
10.701 -0.000183 -0.057246 -2.788874 0.114868
10.801 -0.000147 -0.057233 -2.764439 0.114905
10.903 0.000002 -0.057162 -2.719061 0.115070
11.004 -0.000037 -0.057178 -2.696372 0.115112
11.101 0.000035 -0.057145 -2.666701 0.115191
11.201 0.000035 -0.057148 -2.635285 0.115194
11.301 -0.000313 -0.057351 -2.598633 0.115597
11.401 0.000379 -0.056913 -2.572453 0.116416
11.501 0.000198 -0.057054 -2.527075 0.116646
11.601 -0.000162 -0.057311 -2.506131 0.117088
11.701 0.000111 -0.057104 -2.483267 0.117430
11.801 0.000702 -0.056619 -2.437888 0.118195
11.901 0.000476 -0.056817 -2.416944 0.118496
12.001 0.000313 -0.056967 -2.388845 0.118717
12.101 0.000423 -0.056850 -2.345211 0.118878
12.201 0.000463 -0.056807 -2.317286 0.118937
12.312 0.026510 0.023042 -2.209331 0.202926
12.401 0.026541 0.023087 -2.181232 0.202980
12.501 0.026731 0.023368 -2.151561 0.203320
12.601 0.026796 0.023469 -2.133933 0.203441
12.701 0.026675 0.023264 -2.086809 0.203679
12.802 0.026748 0.023402 -2.058884 0.203835
12.901 0.026935 0.023766 -2.025723 0.204244
13.001 0.026897 0.023673 -1.978424 0.204345
13.102 0.026882 0.023638 -1.955910 0.204383
13.201 0.026989 0.023919 -1.927984 0.204685
13.301 0.027066 0.024135 -1.887842 0.204914
13.402 0.027012 0.023968 -1.844034 0.205089
13.508 0.027117 0.024375 -1.816109 0.205510
13.601 0.027113 0.024354 -1.791674 0.205530
13.701 0.027085 0.024202 -1.739314 0.205685
13.801 0.027115 0.024401 -1.713134 0.205885
13.901 0.027125 0.024483 -1.679973 0.205968
14.006 0.027883 0.031675 -1.626104 0.213200
14.102 0.029615 0.047864 -1.559879 0.229481
14.204 0.029616 0.047782 -1.542426 0.229563
14.301 0.029591 0.048281 -1.500538 0.230063
14.402 0.029611 0.048063 -1.462141 0.230282
14.502 0.029616 0.048023 -1.439452 0.230322
14.601 0.029578 0.048287 -1.404545 0.230589
14.701 0.029521 0.048584 -1.364403 0.230891
14.801 0.029520 0.048586 -1.338223 0.230894
14.901 0.029515 0.048603 -1.308552 0.230912
15.001 0.029469 0.048756 -1.268409 0.231071
15.102 0.029463 0.048778 -1.240484 0.231094
15.201 0.029394 0.048945 -1.193360 0.231275
15.308 0.029435 0.048841 -1.153218 0.231387
15.402 0.029391 0.048936 -1.139255 0.231491
15.502 0.029342 0.049040 -1.090386 0.231607
15.603 0.025374 0.049700 -1.058849 0.235630
15.701 0.016215 0.051730 -1.015131 0.245010
15.804 0.016306 0.051593 -0.978479 0.245175
15.903 0.016386 0.051476 -0.947063 0.245317
16.002 0.016077 0.051895 -0.918964 0.245837
16.101 0.016204 0.051741 -0.866778 0.246037
16.201 0.015965 0.052013 -0.843914 0.246399
16.301 0.015966 0.052013 -0.819480 0.246400
16.401 0.016397 0.051571 -0.788064 0.247017
16.501 0.015848 0.052097 -0.747921 0.247777
16.601 0.015666 0.052260 -0.719821 0.248021
16.704 0.015813 0.052135 -0.695561 0.248213
16.801 0.016001 0.051983 -0.646692 0.248455
16.902 0.016080 0.051925 -0.622258 0.248553
17.001 0.015457 0.052358 -0.596078 0.249312
17.102 0.015799 0.052149 -0.541972 0.249712
17.201 0.015523 0.052310 -0.517538 0.250032
17.302 0.002489 0.013551 -0.458251 0.290923
17.401 0.002151 0.013710 -0.416363 0.291296
17.501 0.002116 0.013726 -0.388437 0.291336
17.601 0.001845 0.013830 -0.360512 0.291626
17.701 0.001479 0.013960 -0.311643 0.292014
17.801 0.001673 0.013902 -0.280227 0.292215
17.901 0.001554 0.013932 -0.245320 0.292338
18.001 0.001515 0.013941 -0.210414 0.292377
18.101 0.001761 0.013896 -0.161545 0.292627
18.201 0.001642 0.013912 -0.133445 0.292748
18.301 0.001479 0.013931 -0.105694 0.292912
18.402 0.001244 0.013953 -0.070787 0.293148
18.501 0.001522 0.013944 -0.030645 0.293426
18.601 0.001390 0.013942 -0.006210 0.293558
18.702 0.001438 0.013928 0.007758 0.293608
18.801 -0.023044 -0.000353 0.012856 0.321951
18.902 -0.023064 -0.000353 0.012856 0.321971
19.001 -0.023064 -0.000353 0.012856 0.321971
19.101 -0.023064 -0.000353 0.012856 0.321971
19.201 -0.023064 -0.000353 0.012856 0.321971
19.302 -0.023064 -0.000353 0.012856 0.321971
19.401 -0.023064 -0.000353 0.012856 0.321971
19.504 -0.023064 -0.000353 0.012856 0.321971
19.601 -0.023064 -0.000353 0.012856 0.321971
19.701 -0.023064 -0.000353 0.012856 0.321971
19.801 -0.023064 -0.000353 0.012856 0.321971
19.901 -0.023064 -0.000353 0.012856 0.321971
20.001 -0.023064 -0.000353 0.012856 0.321971
20.102 -0.023064 -0.000353 0.012856 0.321971
20.201 -0.023064 -0.000353 0.012856 0.321971
20.302 -0.023064 -0.000353 0.012856 0.321971
20.402 -0.023064 -0.000353 0.012856 0.321971
20.502 -0.023064 -0.000353 0.012856 0.321971
20.601 -0.023064 -0.000353 0.012856 0.321971
20.702 -0.023064 -0.000353 0.012856 0.321971
20.801 -0.021536 -0.000361 -0.011578 0.323498
20.902 -0.016155 -0.000539 -0.042994 0.328883
21.002 -0.008430 -0.001111 -0.093609 0.336628
21.101 0.008164 -0.003547 -0.177210 0.353401
21.201 0.019374 -0.005922 -0.226254 0.364859
21.301 0.030296 -0.008810 -0.276868 0.376157
21.401 0.049669 -0.015213 -0.346681 0.396561
21.501 0.060395 -0.019390 -0.385079 0.408071
21.601 0.070528 -0.023784 -0.423476 0.419116
21.710 0.079138 -0.027640 -0.416495 0.428550
21.805 0.083589 -0.029652 -0.432203 0.433434
21.901 0.137248 -0.036197 -0.517833 0.487491
22.001 0.177550 -0.048464 -0.601954 0.529619
22.101 0.183541 -0.052728 -0.626388 0.536972
22.201 0.198218 -0.064047 -0.680493 0.555507
22.303 0.207296 -0.071701 -0.711909 0.567381
22.401 0.216144 -0.079610 -0.739835 0.579248
22.501 0.230135 -0.093029 -0.785213 0.598634
22.601 0.237821 -0.100895 -0.802666 0.609633
22.702 0.245043 -0.108491 -0.816804 0.620113
22.803 0.258024 -0.122842 -0.852059 0.639464
22.901 0.265831 -0.131857 -0.864451 0.651390
23.001 0.276769 -0.145167 -0.892551 0.668617
23.102 0.285228 -0.155929 -0.913669 0.682306
23.201 0.291731 -0.164546 -0.926061 0.693102
23.301 0.298872 -0.174192 -0.936708 0.705103
23.401 0.310841 -0.190677 -0.952765 0.725475
23.503 0.317314 -0.199861 -0.961666 0.736711
23.601 0.323803 -0.209271 -0.970742 0.748142
23.701 0.379634 -0.204267 -1.006198 0.804197
23.801 0.385818 -0.214290 -1.023651 0.815974
23.901 0.391720 -0.224304 -1.048086 0.827597
24.001 0.401847 -0.242412 -1.067284 0.848345
24.101 0.407373 -0.252566 -1.076011 0.859906
24.201 0.413007 -0.263110 -1.086483 0.871860
24.308 0.422222 -0.281401 -1.116153 0.892341
24.401 0.427481 -0.292255 -1.121389 0.904402
24.502 0.432452 -0.302630 -1.124880 0.915906
24.601 0.441036 -0.320979 -1.145824 0.936164
24.701 0.444589 -0.328890 -1.149315 0.944836
24.801 0.452773 -0.347770 -1.170259 0.965414
24.901 0.457256 -0.358422 -1.173749 0.976971
25.001 0.461518 -0.368660 -1.177240 0.988061
25.101 0.463991 -0.374597 -1.175495 0.994493
25.201 0.463854 -0.374268 -1.175495 0.994849
25.302 0.463823 -0.374194 -1.175495 0.994929
25.402 0.463823 -0.374194 -1.175495 0.994929
25.502 0.463823 -0.374194 -1.175495 0.994929
25.601 0.463823 -0.374194 -1.175495 0.994929
25.702 0.463823 -0.374194 -1.175495 0.994929
25.802 0.463823 -0.374194 -1.175495 0.994929
25.902 0.463823 -0.374194 -1.175495 0.994929
26.001 0.463823 -0.374194 -1.175495 0.994929
26.102 0.463823 -0.374194 -1.175495 0.994929
26.201 0.463823 -0.374194 -1.175495 0.994929
26.301 0.463823 -0.374194 -1.175495 0.994929
26.401 0.463823 -0.374194 -1.175495 0.994929
26.501 0.463823 -0.374194 -1.175495 0.994929
26.603 0.463823 -0.374194 -1.175495 0.994929
26.701 0.463823 -0.374194 -1.175495 0.994929
26.801 0.472485 -0.374518 -1.225701 1.003597
26.901 0.478766 -0.374018 -1.265802 1.009898
27.001 0.478766 -0.374018 -1.265802 1.009898
27.101 0.478766 -0.374018 -1.265802 1.009898
27.201 0.478596 -0.373483 -1.262311 1.010459
27.301 0.478862 -0.374184 -1.206461 1.011208
27.401 0.480348 -0.377424 -1.108722 1.014773
27.501 0.483679 -0.383383 -1.035418 1.021600
27.601 0.490547 -0.393426 -0.927208 1.033766
27.701 0.500067 -0.404818 -0.838196 1.048612
27.801 0.508692 -0.413601 -0.770128 1.060923
27.902 0.519186 -0.422901 -0.693334 1.074945
28.001 0.532291 -0.432705 -0.604322 1.091310
28.101 0.541444 -0.438573 -0.550217 1.102183
28.201 0.550766 -0.443873 -0.497857 1.112906
28.303 0.569672 -0.453071 -0.417572 1.133931
28.402 0.587241 -0.428021 -0.290046 1.164528
28.501 0.598029 -0.430968 -0.253394 1.175711
28.602 0.617840 -0.435139 -0.176425 1.195956
28.701 0.628409 -0.436897 -0.153910 1.206671
28.801 0.638375 -0.438270 -0.131221 1.216731
28.901 0.652399 -0.439804 -0.094395 1.230839
29.001 0.670314 -0.441073 -0.057917 1.248799
29.101 0.681338 -0.441551 -0.033483 1.259832
29.201 0.695227 -0.441788 -0.005557 1.273724
29.301 0.711517 -0.441587 0.022368 1.290015
29.401 0.731270 -0.440334 0.023441 1.309807
29.501 0.753062 -0.439047 0.074560 1.331638
29.601 0.765134 -0.437924 0.100740 1.343762
29.702 0.776137 -0.436617 0.126919 1.354842
29.801 0.796413 -0.433586 0.170553 1.375343
29.902 0.807733 -0.431388 0.203714 1.386875
30.001 0.818584 -0.428938 0.231639 1.398000
30.101 0.836165 -0.424362 0.270036 1.416166
30.202 0.852566 -0.419404 0.308434 1.433300
30.302 0.866656 -0.414578 0.343340 1.448194
30.402 0.877669 -0.410381 0.376502 1.459979
30.502 0.891217 -0.404585 0.423625 1.474714
30.601 0.905882 -0.397766 0.434097 1.490887
30.703 0.915990 -0.393091 0.430607 1.502025
30.802 0.930482 -0.386184 0.455041 1.518078
30.903 0.942691 -0.380040 0.472495 1.531746
31.004 0.953605 -0.371627 0.466009 1.545526
31.106 0.969117 -0.352878 0.433897 1.569860
31.201 0.982418 -0.346547 0.449605 1.584591
31.302 0.998027 -0.338799 0.467233 1.602017
31.401 1.010993 -0.332109 0.481196 1.616608
31.501 1.022036 -0.326237 0.491668 1.629115
31.602 1.036897 -0.318059 0.511215 1.646077
31.702 1.049015 -0.311131 0.523607 1.660036
31.801 1.058856 -0.305449 0.523607 1.671400
31.902 1.071652 -0.298031 0.525353 1.686190
32.001 1.087245 -0.288956 0.527098 1.704231
32.101 1.097391 -0.283027 0.528843 1.715982
32.201 1.112619 -0.274086 0.532334 1.733641
32.302 1.125046 -0.266708 0.539315 1.748094
32.401 1.135121 -0.260643 0.546296 1.759853
32.505 1.144854 -0.254643 0.556768 1.771287
32.601 1.161621 -0.243988 0.576142 1.791153
32.702 1.170290 -0.238260 0.588708 1.801544
32.801 1.179118 -0.232246 0.602845 1.812226
32.902 1.189251 -0.225086 0.624138 1.824633
33.001 1.202198 -0.215481 0.652063 1.840754
33.105 1.211587 -0.208105 0.674753 1.852694
33.201 1.227319 -0.194944 0.707914 1.873205
33.302 1.235148 -0.188088 0.725367 1.883612
33.401 1.244763 -0.179370 0.741075 1.896590
33.502 1.252257 -0.172428 0.749802 1.906806
33.601 1.265594 -0.159786 0.755038 1.925181
33.702 1.273881 -0.152055 0.748057 1.936515
33.801 1.282362 -0.144283 0.732349 1.948018
33.902 1.298181 -0.130648 0.697442 1.968903
34.001 1.307512 -0.123079 0.673007 1.980917
34.101 1.316019 -0.116473 0.652063 1.991689
34.201 1.326953 -0.108330 0.632865 2.005322
34.302 1.284218 0.007290 0.730745 2.128587
34.401 1.291841 0.013954 0.707881 2.138712
34.501 1.303934 0.023645 0.655521 2.154209
34.603 1.318203 0.033851 0.596180 2.171752
34.702 1.327287 0.039698 0.556037 2.182556
34.801 1.336596 0.045150 0.515895 2.193343
34.902 1.352716 0.053434 0.444336 2.211467
35.001 1.361806 0.057515 0.409430 2.221431
35.101 1.376242 0.063234 0.350089 2.236960
35.201 1.384895 0.066183 0.316927 2.246101
35.301 1.393926 0.068931 0.282021 2.255541
35.402 1.402807 0.071304 0.245369 2.264734
35.501 1.411210 0.072674 0.090035 2.273247
35.601 1.414459 0.072782 0.006259 2.276499
35.702 1.428306 0.091275 -0.150970 2.299601
35.801 1.427387 0.091449 -0.288851 2.300536
35.903 1.428185 0.091167 -0.353428 2.301382
36.001 1.432404 0.089109 -0.484327 2.306076
36.103 1.440134 0.084331 -0.592538 2.315164
36.201 1.446928 0.079217 -0.678059 2.323667
36.303 1.459442 0.061130 -0.818709 2.345662
36.401 1.469316 0.035989 -0.972578 2.372672
36.511 1.473713 0.028886 -1.037329 2.381026
36.601 1.481119 0.013949 -1.157757 2.397699
36.705 1.486224 0.000645 -1.236297 2.411948
36.801 1.489566 -0.010305 -1.295638 2.423397
36.901 1.437600 -0.011847 -1.360549 2.475385
37.001 1.439633 -0.023081 -1.407673 2.486802
37.103 1.442108 -0.042945 -1.477486 2.506820
37.201 1.442996 -0.055214 -1.508902 2.519120
37.301 1.443469 -0.069954 -1.557771 2.533868
37.401 1.443348 -0.081555 -1.594423 2.545470
37.501 1.442408 -0.098629 -1.648528 2.562569
37.601 1.538710 -0.045793 -1.626368 2.672414
37.701 1.537898 -0.056803 -1.656039 2.683453
37.802 1.535948 -0.074239 -1.703163 2.700998
37.901 1.534305 -0.084918 -1.736324 2.711803
38.002 1.531714 -0.098407 -1.776467 2.725538
38.101 1.528603 -0.112044 -1.804392 2.739526
38.202 1.523633 -0.130941 -1.844709 2.759066
38.304 1.520357 -0.142157 -1.862162 2.770750
38.401 1.516708 -0.153754 -1.881361 2.782908
38.503 1.511877 -0.167986 -1.909635 2.797937
38.602 1.506149 -0.183207 -1.942971 2.814200
38.701 1.502099 -0.193098 -1.970896 2.824888
38.801 1.497930 -0.202655 -1.984859 2.835315
38.901 1.532105 -0.275302 -2.061073 2.915600
39.001 1.527041 -0.284706 -2.068403 2.926280
39.101 1.521413 -0.294748 -2.089347 2.937792
39.201 1.510912 -0.312353 -2.125999 2.958291
39.301 1.504559 -0.322415 -2.140311 2.970191
39.401 1.497747 -0.332674 -2.168411 2.982505
39.501 1.488847 -0.345410 -2.189355 2.998043
39.601 1.482892 -0.353590 -2.208728 3.008161
39.701 1.475133 -0.363887 -2.224436 3.021054
39.806 1.464617 -0.377543 -2.230021 3.038289
39.906 1.457690 -0.386383 -2.237177 3.049521
40.001 1.448667 -0.397797 -2.242762 3.064070
40.101 1.439548 -0.409218 -2.246427 3.078685
40.201 1.426163 -0.425033 -2.290060 3.099403
40.302 1.418256 -0.433906 -2.299136 3.111289
40.401 1.410581 -0.442368 -2.311528 3.122713
40.502 1.398749 -0.455211 -2.318858 3.140175
40.601 1.391620 -0.462832 -2.327410 3.150611
40.701 1.380477 -0.474547 -2.332995 3.166779
40.801 1.370164 -0.485296 -2.336660 3.181675
40.901 1.361926 -0.493816 -2.340326 3.193526
41.001 1.351616 -0.504419 -2.343991 3.208316
41.101 1.339348 -0.516953 -2.347481 3.225855
41.201 1.331206 -0.525231 -2.349227 3.237466
41.304 1.323026 -0.533526 -2.349227 3.249116
41.401 1.308955 -0.547745 -2.350972 3.269120
41.502 1.301569 -0.555196 -2.350972 3.279611
41.606 1.294335 -0.562481 -2.352717 3.289878
41.701 1.280004 -0.576912 -2.352717 3.310216
41.801 1.271397 -0.585578 -2.352717 3.322429
41.902 1.277820 -0.604678 -2.408165 3.342581
42.002 1.283674 -0.618027 -2.471515 3.357157
42.101 1.274660 -0.625170 -2.471515 3.368657
42.201 1.265139 -0.632713 -2.471515 3.380804
42.301 1.248952 -0.645723 -2.462789 3.401572
42.401 1.239773 -0.653156 -2.459124 3.413383
42.502 1.231057 -0.660390 -2.439750 3.424710
42.602 1.215984 -0.673415 -2.415141 3.444631
42.701 1.208532 -0.680181 -2.395768 3.454696
42.804 1.200899 -0.687328 -2.385122 3.465153
42.902 1.186639 -0.701304 -2.353531 3.485120
43.004 1.178430 -0.709741 -2.337649 3.496891
43.101 1.170301 -0.718428 -2.311469 3.508788
43.201 1.157196 -0.733519 -2.266090 3.528775
43.301 1.150452 -0.741824 -2.244972 3.539474
43.408 1.141022 -0.754172 -2.204480 3.555011
43.501 1.133707 -0.764521 -2.173239 3.567684
43.602 1.127926 -0.773178 -2.148804 3.578093
43.702 1.119301 -0.787106 -2.106742 3.594476
43.804 1.113798 -0.796655 -2.090859 3.605497
43.902 1.106618 -0.809918 -2.054207 3.620578
44.001 1.100569 -0.821942 -2.025933 3.634038
44.101 1.095658 -0.832337 -2.003069 3.645535
44.201 1.088464 -0.848243 -1.992423 3.662993
44.303 1.082344 -0.861900 -1.990677 3.677959
44.401 1.077781 -0.872194 -1.980205 3.689218
44.501 1.072255 -0.885408 -1.960658 3.703541
44.601 1.065988 -0.901214 -1.939365 3.720544
44.701 1.062138 -0.911434 -1.923657 3.731466
44.801 1.057535 -0.924297 -1.907949 3.745127
44.901 1.052409 -0.939937 -1.871297 3.761586
45.001 1.049335 -0.950095 -1.860825 3.772198
45.102 1.108660 -1.082951 -1.740704 3.917698
45.201 1.105797 -1.100268 -1.744194 3.935250
45.301 1.103594 -1.112685 -1.747685 3.947861
45.401 1.101511 -1.123584 -1.768629 3.958958
45.501 1.097025 -1.143719 -1.805281 3.979586
45.601 1.094231 -1.154669 -1.824480 3.990887
45.701 1.091238 -1.165996 -1.831461 4.002603
45.801 1.085722 -1.186094 -1.840362 4.023445
45.901 1.082598 -1.197315 -1.842282 4.035092
46.001 1.079444 -1.208649 -1.842282 4.046857
46.102 1.073955 -1.228369 -1.842282 4.067326
46.201 1.070892 -1.239371 -1.842282 4.078747
46.301 1.067732 -1.250809 -1.840362 4.090613
46.401 1.062314 -1.270512 -1.838617 4.111048
46.501 1.059084 -1.282483 -1.833381 4.123447
46.605 1.055214 -1.296820 -1.838617 4.138297
46.706 1.050354 -1.313618 -1.861481 4.155784
46.801 1.047002 -1.324475 -1.871953 4.167147
46.901 1.042636 -1.338321 -1.879108 4.181664
47.001 1.037189 -1.355284 -1.882774 4.199481
47.101 1.033666 -1.366157 -1.884519 4.210910
47.201 1.029933 -1.377626 -1.886439 4.222971
47.301 1.023487 -1.397386 -1.886439 4.243756
47.402 1.019468 -1.409714 -1.884519 4.256723
47.501 1.016494 -1.418834 -1.886439 4.266315
47.602 1.010438 -1.437375 -1.888184 4.285820
47.701 1.006824 -1.448320 -1.890104 4.297346
47.803 1.002095 -1.462467 -1.895515 4.312263
47.901 0.997191 -1.476775 -1.906336 4.327388
48.001 0.993054 -1.488542 -1.910001 4.339861
48.110 0.988688 -1.501187 -1.899354 4.353238
48.201 1.037345 -1.569472 -1.898249 4.437085
48.301 1.033663 -1.580358 -1.896504 4.448577
48.404 1.029908 -1.591580 -1.892839 4.460411
48.502 1.025175 -1.605229 -1.910292 4.474858
48.601 1.019312 -1.621436 -1.922684 4.492093
48.701 1.015556 -1.631457 -1.933505 4.502794
48.801 1.009867 -1.645837 -1.958289 4.518258
48.902 1.003054 -1.662107 -1.977662 4.535897
49.001 0.999769 -1.669633 -1.984643 4.544109
49.103 0.991449 -1.687828 -2.009427 4.564116
49.202 0.986711 -1.697755 -2.021819 4.575116
49.301 0.982242 -1.706898 -2.027229 4.585292
49.401 0.974199 -1.722917 -2.045206 4.603217
49.501 0.970445 -1.729899 -2.074877 4.611145
49.601 0.966573 -1.736758 -2.092504 4.619021
49.702 0.963403 -1.742282 -2.090585 4.625390
49.801 0.963437 -1.742223 -2.088839 4.625457
49.901 0.963770 -1.741631 -2.029498 4.626136
50.001 0.963861 -1.741416 -1.930014 4.626370
50.102 0.963944 -1.741149 -1.867182 4.626649
50.201 0.963949 -1.741144 -1.786723 4.626657
50.301 0.963925 -1.741376 -1.668215 4.626890
50.401 0.963928 -1.741338 -1.605383 4.626929
50.505 0.963925 -1.741172 -1.547787 4.627095
50.603 0.963922 -1.741209 -1.455285 4.627132
50.707 0.963948 -1.741424 -1.429105 4.627349
50.803 0.976836 -1.692561 -1.372848 4.677883
50.901 0.980277 -1.686844 -1.340012 4.684555
51.002 0.981917 -1.693881 -1.343503 4.691781
51.101 0.983588 -1.701206 -1.348739 4.699294
51.201 0.985694 -1.711113 -1.367938 4.709423
51.301 0.987561 -1.720705 -1.388882 4.719194
51.403 0.989797 -1.734158 -1.420298 4.732832
51.502 0.991049 -1.742618 -1.415062 4.741384
51.601 0.993407 -1.755866 -1.385391 4.754840
51.701 0.997038 -1.772511 -1.331286 4.771876
51.801 0.999689 -1.782363 -1.292888 4.782079
51.901 1.005036 -1.799043 -1.238783 4.799595
52.001 1.010104 -1.812467 -1.191659 4.813944
52.101 1.014555 -1.823129 -1.163734 4.825498
52.201 1.019244 -1.833451 -1.132318 4.836835
52.302 1.042803 -1.881896 -1.134854 4.890705
52.402 1.050600 -1.897261 -1.077258 4.907934
52.509 1.054763 -1.904749 -1.056314 4.916502
52.602 1.065160 -1.921680 -0.993482 4.936371
52.701 1.071689 -1.931260 -0.962066 4.947964
52.801 1.078604 -1.940667 -0.921924 4.959639
52.901 1.089037 -1.953617 -0.872880 4.976269
53.001 1.100622 -1.966495 -0.815459 4.993591
53.101 1.106603 -1.972627 -0.791024 5.002156
53.202 1.121738 -1.986875 -0.729938 5.022943
53.301 1.129996 -1.993970 -0.702012 5.033830
53.401 1.138157 -2.000590 -0.670596 5.044339
53.506 1.147419 -2.007667 -0.640926 5.055995
53.602 1.215856 -2.008041 -0.599136 5.124433
53.701 1.223795 -2.013302 -0.578192 5.133958
53.801 1.234254 -2.019843 -0.534559 5.146293
53.901 1.242274 -2.024262 -0.478708 5.155450
54.001 1.246426 -2.026327 -0.454274 5.160087
54.102 1.261000 -2.033303 -0.438566 5.176244
54.201 1.273188 -2.038926 -0.428094 5.189667
54.301 1.288653 -2.045912 -0.421112 5.206636
54.401 1.299436 -2.050713 -0.417622 5.218440
54.502 1.309695 -2.055233 -0.414131 5.229651
54.601 1.326569 -2.062559 -0.405405 5.248047
54.701 1.334984 -2.066162 -0.403659 5.257200
54.801 1.343025 -2.069532 -0.393187 5.265919
54.902 1.351329 -2.072912 -0.382715 5.274885
55.001 1.361177 -2.076784 -0.368753 5.285466
55.103 1.368377 -2.079348 -0.326865 5.293109
55.204 1.377818 -2.082235 -0.279741 5.302982
55.302 1.391019 -2.085669 -0.235933 5.316622
55.406 1.400348 -2.087710 -0.204692 5.326172
55.501 1.411301 -2.089707 -0.134878 5.337306
55.601 1.411359 -2.089713 -0.072047 5.337364
55.701 1.411001 -2.089707 -0.014451 5.337723
55.801 1.411847 -2.068094 0.063120 5.359352
55.902 1.411932 -2.060726 0.097684 5.366721
56.002 1.412100 -2.060705 0.148298 5.366890
56.101 1.412029 -2.060719 0.191932 5.366963
56.201 1.411657 -2.060797 0.249527 5.367342
56.301 1.411655 -2.060800 0.296651 5.367345
56.404 1.411485 -2.060860 0.336794 5.367526
56.501 1.411521 -2.060845 0.366464 5.367566
56.601 1.411903 -2.060699 0.364719 5.367975
56.701 1.411941 -2.060684 0.364719 5.368015
56.801 1.396314 -2.073586 0.385318 5.388280
56.901 1.395580 -2.074162 0.386273 5.389213
57.003 1.395580 -2.074162 0.386273 5.389213
57.102 1.395580 -2.074162 0.386273 5.389213
57.201 1.395580 -2.074162 0.386273 5.389213
57.301 1.395580 -2.074162 0.386273 5.389213
57.402 1.395580 -2.074162 0.386273 5.389213
57.501 1.395580 -2.074162 0.386273 5.389213
57.601 1.395580 -2.074162 0.386273 5.389213
57.701 1.395580 -2.074162 0.386273 5.389213
57.801 1.395580 -2.074162 0.386273 5.389213
57.901 1.395656 -2.074131 0.386273 5.389295
58.009 1.399897 -2.072447 0.375801 5.393858
58.101 1.411052 -2.068082 0.370565 5.405837
58.201 1.418535 -2.065188 0.366900 5.413860
58.305 1.435771 -2.058616 0.361490 5.432307
58.402 1.445901 -2.054812 0.356254 5.443127
58.501 1.460177 -2.049540 0.351018 5.458346
58.602 1.470828 -2.045640 0.351018 5.469687
58.704 1.487553 -2.039598 0.344036 5.487471
58.801 1.498497 -2.035683 0.342291 5.499094
58.901 1.518405 -2.028628 0.338800 5.520215
59.001 1.529067 -2.024904 0.335135 5.531509
59.103 1.539978 -2.021122 0.333215 5.543056
59.201 1.552242 -2.016920 0.327805 5.556020
59.301 1.564878 -2.012662 0.324140 5.569354
59.401 1.573694 -2.009725 0.320649 5.578647
59.501 1.582791 -2.006717 0.318904 5.588228
59.601 1.591921 -2.003898 0.242109 5.597784
59.701 1.592829 -2.003710 0.174041 5.598711
59.801 1.592209 -2.003802 0.072357 5.599338
59.902 1.553104 -1.990331 -0.169333 5.640698
60.001 1.550847 -1.989813 -0.307215 5.643014
60.101 1.549710 -1.989375 -0.418916 5.644233
60.202 1.548130 -1.988534 -0.525381 5.646022
60.301 1.546772 -1.987648 -0.610902 5.647644
60.406 1.545505 -1.986620 -0.734820 5.649276
60.502 1.545144 -1.986254 -0.837620 5.649789
60.605 1.544833 -1.985882 -0.923316 5.650274
60.705 1.561572 -1.983027 -1.112713 5.667255
60.801 1.577687 -1.972122 -1.277591 5.686712
60.901 1.577348 -1.970688 -1.368348 5.688187
61.003 1.577253 -1.970247 -1.506229 5.688637
61.101 1.577280 -1.973212 -1.595240 5.691603
61.201 1.588489 -2.005512 -1.730320 5.725792
61.302 1.597871 -2.039886 -1.832278 5.761424
61.401 1.594992 -2.048661 -1.919545 5.770659
61.501 1.589010 -2.062237 -2.029500 5.785494
61.604 1.579968 -2.077511 -2.158655 5.803244
61.702 1.574637 -2.088357 -2.224155 5.815329
61.801 1.577851 -2.139429 -2.286838 5.866502
61.903 1.567190 -2.150609 -2.360142 5.881951
62.006 1.558223 -2.158928 -2.412502 5.894183
62.102 1.543945 -2.170500 -2.492787 5.912561
62.201 1.540534 -2.178509 -2.544283 5.921266
62.301 1.540264 -2.184072 -2.577820 5.926836
62.403 1.526423 -2.191991 -2.645888 5.942782
62.501 1.513992 -2.198237 -2.698248 5.956694
62.601 1.504287 -2.202529 -2.740136 5.967305
62.707 1.491891 -2.207411 -2.785514 5.980628
62.801 1.474642 -2.213256 -2.834384 5.998840
62.918 1.457395 -2.218177 -2.886744 6.016775
63.001 1.462083 -2.244654 -2.878402 6.043664
63.101 1.449984 -2.247744 -2.901092 6.056152
63.201 1.434750 -2.251182 -2.934253 6.071769
63.303 1.420277 -2.253951 -2.963923 6.086504
63.402 1.409487 -2.255720 -2.990103 6.097438
63.502 1.399094 -2.257225 -3.005811 6.107940
63.605 1.378938 -2.259624 -3.033737 6.128238
63.702 1.367323 -2.260753 -3.051190 6.139907
63.801 1.355446 -2.261725 -3.067072 6.151825
63.903 1.335151 -2.263133 -3.074054 6.172169
64.003 1.323113 -2.263888 -3.088016 6.184230
64.101 1.311880 -2.264453 -3.095347 6.195477
64.201 1.291357 -2.265273 -3.104422 6.216016
64.301 1.279355 -2.265693 -3.108088 6.228026
64.401 1.267497 -2.265991 -3.120654 6.239888
64.501 1.247006 -2.266263 -3.135140 6.260380
64.602 1.235454 -2.266332 -3.136886 6.271933
64.701 1.223864 -2.266387 -3.136886 6.283523
64.801 1.203122 -2.266434 -3.140551 6.304265
64.903 1.191754 -2.266446 -3.140551 6.315633
65.001 1.180226 -2.266448 3.140715 6.327161
65.101 1.160188 -2.266430 3.140715 6.347199
65.202 1.148752 -2.266405 3.138969 6.358635
65.314 1.136928 -2.266368 3.137050 6.370459
65.404 1.090366 -2.340511 3.109734 6.458010
65.501 1.079504 -2.340165 3.109734 6.468878
65.601 1.066867 -2.339695 3.100833 6.481524
65.701 1.050744 -2.338910 3.086521 6.497666
65.802 1.039302 -2.338135 3.070638 6.509134
65.901 1.027567 -2.337181 3.052661 6.520908
66.001 1.007431 -2.335088 3.028227 6.541153
66.101 0.996640 -2.333771 3.015660 6.552024
66.201 0.985106 -2.332305 3.013741 6.563650
66.301 0.964332 -2.329580 3.010075 6.584602
66.401 0.952434 -2.328006 3.010075 6.596604
66.501 0.940921 -2.326472 3.008330 6.608219
66.601 0.920422 -2.323750 3.010075 6.628897
66.702 0.908747 -2.322195 3.008330 6.640675
66.801 0.897867 -2.320641 2.994193 6.651666
66.901 0.878490 -2.317319 2.954050 6.671326
67.001 0.866951 -2.315128 2.952131 6.683071
67.101 0.855112 -2.312797 2.946720 6.695137
67.202 0.834365 -2.308595 2.939390 6.716306
67.301 0.822860 -2.306210 2.935724 6.728055
67.401 0.804545 -2.302678 2.960508 6.746707
67.502 0.793136 -2.300761 2.986688 6.758277
67.601 0.775591 -2.298338 3.016533 6.775988
67.702 0.761062 -2.296888 3.054930 6.790589
67.801 0.749321 -2.296016 3.077794 6.802362
67.902 0.731299 -2.295264 3.114795 6.820400
68.001 0.716862 -2.295012 3.132248 6.834839
68.101 0.705153 -2.295053 -3.131564 6.846549
68.201 0.688540 -2.295454 -3.107129 6.863166
68.301 0.674233 -2.296156 -3.082345 6.877490
68.402 0.620398 -2.338264 -3.070605 6.945837
68.501 0.608345 -2.339413 -3.030463 6.957945
68.601 0.597269 -2.340743 -3.016326 6.969101
68.702 0.576934 -2.343628 -2.990146 6.989639
68.802 0.565283 -2.345581 -2.965711 7.001452
68.904 0.554115 -2.347736 -2.943022 7.012827
69.002 0.534316 -2.352072 -2.916842 7.033095
69.101 0.523269 -2.354761 -2.897643 7.044465
69.203 0.512450 -2.357546 -2.883681 7.055636
69.301 0.493526 -2.362809 -2.857501 7.075278
69.401 0.482217 -2.366116 -2.855755 7.087061
69.501 0.471146 -2.369370 -2.855755 7.098601
69.601 0.454089 -2.374410 -2.854010 7.116386
69.701 0.437119 -2.379430 -2.854010 7.134083
69.805 0.423432 -2.383467 -2.855755 7.148353
69.902 0.412346 -2.386725 -2.855755 7.159908
70.002 0.395508 -2.391932 -2.833066 7.177533
70.101 0.387025 -2.394712 -2.819103 7.186459
70.201 0.367538 -2.401149 -2.824339 7.206982
70.303 0.356543 -2.404759 -2.824339 7.218555
70.402 0.344491 -2.408717 -2.824339 7.231240
70.501 0.327850 -2.414181 -2.824339 7.248756
70.602 0.311205 -2.419629 -2.826085 7.266269
70.701 0.297158 -2.424214 -2.826085 7.281046
70.801 0.285742 -2.427941 -2.826085 7.293055
70.901 0.272033 -2.432410 -2.827830 7.307473
71.001 0.255793 -2.437680 -2.827830 7.324547
71.104 0.245035 -2.441150 -2.829575 7.335851
71.207 0.231160 -2.445610 -2.831321 7.350425
71.317 0.214564 -2.450910 -2.833066 7.367847
71.401 0.203248 -2.454484 -2.836557 7.379714
71.508 0.196000 -2.544110 -2.795546 7.469633
71.601 0.184945 -2.548058 -2.800782 7.481371
71.701 0.175069 -2.551441 -2.819980 7.491810
71.802 0.165679 -2.554496 -2.837434 7.501685
71.901 0.147542 -2.559847 -2.865359 7.520595
72.001 0.139886 -2.561978 -2.875831 7.528542
72.101 0.122484 -2.566487 -2.896775 7.546518
72.201 0.112174 -2.568975 -2.908992 7.557125
72.301 0.101776 -2.571323 -2.924700 7.567784
72.401 0.083191 -2.575147 -2.943899 7.586758
72.501 0.071880 -2.577285 -2.958210 7.598270
72.601 0.062178 -2.578994 -2.970428 7.608121
72.701 0.045634 -2.581613 -2.995211 7.624872
72.802 0.034044 -2.583305 -2.998877 7.636584
72.902 0.022321 -2.584979 -3.000796 7.648426
73.001 0.004780 -2.587154 -3.033958 7.666102
73.107 -0.013006 -2.588569 -3.082827 7.683944
73.205 -0.021494 -2.588922 -3.109007 7.692439
73.301 -0.038929 -2.589023 3.132116 7.709874
73.401 -0.053453 -2.588770 3.135607 7.724401
73.501 -0.070441 -2.588781 -3.131696 7.741388
73.601 -0.082220 -2.588978 -3.122620 7.753170
73.701 -0.093832 -2.589386 -3.101676 7.764789
73.809 -0.113236 -2.590490 -3.068166 7.784223
73.901 -0.123562 -2.591415 -3.045302 7.794591
74.002 -0.135279 -2.592687 -3.025929 7.806377
74.103 -0.155627 -2.595398 -2.994513 7.826905
74.201 -0.167447 -2.597286 -2.978805 7.838874
74.301 -0.182203 -2.599901 -2.955941 7.853860
74.401 -0.193667 -2.602215 -2.933252 7.865556
74.501 -0.210370 -2.606113 -2.900091 7.882708
74.602 -0.224369 -2.609792 -2.873911 7.897182
74.701 -0.263755 -2.646561 -2.906039 7.951063
74.801 -0.273503 -2.648923 -2.900803 7.961094
74.901 -0.283664 -2.651460 -2.895567 7.971566
75.001 -0.301975 -2.656491 -2.860660 7.990556
75.102 -0.312634 -2.659762 -2.834480 8.001706
75.201 -0.323285 -2.663290 -2.818772 8.012926
75.301 -0.341937 -2.670078 -2.773394 8.032774
75.406 -0.352982 -2.674339 -2.773394 8.044613
75.505 -0.364062 -2.678614 -2.773394 8.056489
75.602 -0.383296 -2.686034 -2.773394 8.077104
75.701 -0.394490 -2.690336 -2.775139 8.089097
75.801 -0.408259 -2.695620 -2.775139 8.103845
75.901 -0.424957 -2.702012 -2.776884 8.121725
76.001 -0.435881 -2.706183 -2.776884 8.133418
76.101 -0.449498 -2.711355 -2.778630 8.147984
76.204 -0.460333 -2.715448 -2.780375 8.159566
76.310 -0.476372 -2.721481 -2.782120 8.176703
76.401 -0.492370 -2.727420 -2.790847 8.193767
76.502 -0.499781 -2.730111 -2.796083 8.201651
76.601 -0.515948 -2.735888 -2.799574 8.218820
76.701 -0.529882 -2.740827 -2.801319 8.233603
76.802 -0.540573 -2.744566 -2.808300 8.244930
76.901 -0.555615 -2.749755 -2.810046 8.260841
77.001 -0.571198 -2.754936 -2.825754 8.277263
77.101 -0.578465 -2.757283 -2.829244 8.284900
77.202 -0.594948 -2.762400 -2.851934 8.302158
77.304 -0.612222 -2.767383 -2.865896 8.320137
77.403 -0.620515 -2.769641 -2.878113 8.328731
77.501 -0.635656 -2.773608 -2.892600 8.344384
77.601 -0.648404 -2.776705 -2.908482 8.357503
77.701 -0.658403 -2.779026 -2.917558 8.367767
77.801 -0.669188 -2.833153 -2.971382 8.422958
77.903 -0.679672 -2.834854 -2.989184 8.433579
78.001 -0.697807 -2.837571 -2.996340 8.451916
78.102 -0.708158 -2.839019 -3.007161 8.462368
78.202 -0.718049 -2.840339 -3.012572 8.472347
78.301 -0.730833 -2.841944 -3.019902 8.485231
78.401 -0.747401 -2.844000 -3.018157 8.501926
78.501 -0.758422 -2.845392 -3.014491 8.513035
78.601 -0.778756 -2.848006 -3.012746 8.533536
78.703 -0.790431 -2.849542 -3.010826 8.545311
78.801 -0.802281 -2.851170 -3.001925 8.557273
78.902 -0.822517 -2.854097 -2.996515 8.577719
79.001 -0.834354 -2.855810 -2.998260 8.589680
79.101 -0.846272 -2.857524 -3.000180 8.601720
79.201 -0.866178 -2.860290 -3.005590 8.621818
79.301 -0.877707 -2.861857 -3.007510 8.633453
79.401 -0.889853 -2.863551 -2.998434 8.645716
79.502 -0.907468 -2.866153 -2.989708 8.663523
79.601 -0.922349 -2.868635 -2.965448 8.678609
79.702 -0.929661 -2.869998 -2.953056 8.686046
79.802 -0.942606 -2.872643 -2.930541 8.699259
79.901 -0.954767 -2.875364 -2.916229 8.711721
80.002 -0.958192 -2.876143 -2.917975 8.715233
80.101 -0.959065 -2.876342 -2.917975 8.716129
80.201 -0.958675 -2.876253 -2.917975 8.716529
80.302 -0.958655 -2.876249 -2.917975 8.716550
80.401 -0.958655 -2.876249 -2.917975 8.716550
80.502 -0.958655 -2.876249 -2.917975 8.716550
80.601 -0.958655 -2.876249 -2.917975 8.716550
80.701 -0.958655 -2.876249 -2.919895 8.716550
80.802 -0.958655 -2.876249 -2.921640 8.716550
80.901 -0.998290 -2.945351 -3.048112 8.796213
81.001 -0.998429 -2.945364 -3.049857 8.796352
81.101 -0.998589 -2.945379 -3.051777 8.796512
81.201 -0.998729 -2.945391 -3.053522 8.796653
81.301 -0.998768 -2.945394 -3.055442 8.796693
81.402 -0.998870 -2.945403 -3.057188 8.796794
81.501 -0.998850 -2.945401 -3.057188 8.796815
81.606 -0.998999 -2.945414 -3.057188 8.796965
81.701 -1.001206 -2.945601 -3.057188 8.799179
81.802 -1.009016 -2.946275 -3.055442 8.807019
81.902 -1.020595 -2.947262 -3.055442 8.818640
82.001 -1.030583 -2.948117 -3.057188 8.828664
82.101 -1.038504 -2.948795 -3.055442 8.836614
82.204 -1.046268 -2.949458 -3.057188 8.844407
82.301 -1.060087 -2.950645 -3.055442 8.858276
82.407 -1.067896 -2.951324 -3.055442 8.866115
82.504 -1.079287 -2.952308 -3.055442 8.877548
82.601 -1.089523 -2.953204 -3.055442 8.887823
82.701 -1.097103 -2.953863 -3.053522 8.895432
82.801 -1.104901 -2.954540 -3.053522 8.903259
82.901 -1.118817 -2.955765 -3.053522 8.917230
83.001 -1.126540 -2.956447 -3.053522 8.924982
83.102 -1.139068 -2.957541 -3.053522 8.937558
83.201 -1.146808 -2.958225 -3.053522 8.945328
83.301 -1.154412 -2.958896 -3.053522 8.952961
83.401 -1.168317 -2.960124 -3.053522 8.966921
83.501 -1.176257 -2.960825 -3.053522 8.974891
83.602 -1.183830 -2.961494 -3.053522 8.982494
83.703 -1.197866 -2.962733 -3.053522 8.996584
83.801 -1.206008 -2.963452 -3.053522 9.004759
83.901 -1.213690 -2.964134 -3.051777 9.012471
84.002 -1.227167 -2.965327 -3.053522 9.026001
84.101 -1.234918 -2.966011 -3.053522 9.033782
84.201 -1.247235 -2.967099 -3.053522 9.046146
84.301 -1.279717 -2.989982 -3.083949 9.085880
84.402 -1.289510 -2.990564 -3.082204 9.095690
84.501 -1.301222 -2.991254 -3.082204 9.107422
84.601 -1.308945 -2.991707 -3.083949 9.115159
84.710 -1.319573 -2.992339 -3.082204 9.125805
84.801 -1.321916 -2.992478 -3.082204 9.128152
84.901 -1.325920 -2.992723 -3.080284 9.132164
85.001 -1.336799 -2.993391 -3.080284 9.143063
85.101 -1.349137 -2.994148 -3.080284 9.155424
85.202 -1.356950 -2.994628 -3.080284 9.163252
85.301 -1.365313 -2.995141 -3.080284 9.171631
85.401 -1.378380 -2.995943 -3.080284 9.184722
85.501 -1.386197 -2.996423 -3.080284 9.192554
85.601 -1.394270 -2.996919 -3.080284 9.200642
85.702 -1.408274 -2.997782 -3.078539 9.214673
85.802 -1.414460 -2.998162 -3.080284 9.220871
85.904 -1.415501 -2.998226 -3.080284 9.221913
86.008 -1.415262 -2.998211 -3.080284 9.222152
86.124 -1.415262 -2.998211 -3.080284 9.222152
86.201 -1.415262 -2.998211 -3.080284 9.222152
86.301 -1.415262 -2.998211 -3.080284 9.222152
86.401 -1.415262 -2.998211 -3.080284 9.222152
86.501 -1.415262 -2.998211 -3.080284 9.222152
86.602 -1.415076 -2.998200 -3.080284 9.222338
86.701 -1.415216 -2.998208 -3.080284 9.222478
86.801 -1.415056 -2.998198 -3.080284 9.222639
86.901 -1.415035 -2.998197 -3.080284 9.222659
87.001 -1.415035 -2.998197 -3.080284 9.222659
87.102 -1.415035 -2.998197 -3.080284 9.222659
87.202 -1.413828 -3.004367 -3.081357 9.228946
87.301 -1.407967 -3.034118 -3.086540 9.259269
87.401 -1.407967 -3.034118 -3.086540 9.259269
87.501 -1.407967 -3.034118 -3.086540 9.259269
87.602 -1.407967 -3.034118 -3.086540 9.259269
87.702 -1.407967 -3.034118 -3.086540 9.259269
87.801 -1.407967 -3.034118 -3.086540 9.259269
87.901 -1.407967 -3.034118 -3.086540 9.259269
88.001 -1.407967 -3.034118 -3.086540 9.259269
88.102 -1.407967 -3.034118 -3.086540 9.259269
88.201 -1.407967 -3.034118 -3.086540 9.259269
88.303 -1.407967 -3.034118 -3.086540 9.259269
88.401 -1.407967 -3.034118 -3.086540 9.259269
88.501 -1.407967 -3.034118 -3.086540 9.259269
88.601 -1.407967 -3.034118 -3.086540 9.259269
88.701 -1.407967 -3.034118 -3.086540 9.259269
88.801 -1.407967 -3.034118 -3.086540 9.259269
88.902 -1.407967 -3.034118 -3.086540 9.259269
89.001 -1.407967 -3.034118 -3.086540 9.259269
89.103 -1.407967 -3.034118 -3.086540 9.259269
89.202 -1.407967 -3.034118 -3.086540 9.259269
89.301 -1.407967 -3.034118 -3.086540 9.259269
89.401 -1.407967 -3.034118 -3.086540 9.259269
89.501 -1.407967 -3.034118 -3.086540 9.259269
89.601 -1.407967 -3.034118 -3.086540 9.259269
89.701 -1.407967 -3.034118 -3.086540 9.259269
89.804 -1.407967 -3.034118 -3.086540 9.259269
89.902 -1.407967 -3.034118 -3.086540 9.259269
90.002 -1.407967 -3.034118 -3.086540 9.259269
90.101 -1.407967 -3.034118 -3.086540 9.259269
90.202 -1.407970 -3.034116 -3.086515 9.259272
90.301 -1.407970 -3.034116 -3.086515 9.259272
90.401 -1.407970 -3.034116 -3.086515 9.259272
90.501 -1.407970 -3.034116 -3.086515 9.259272
90.601 -1.407970 -3.034116 -3.086515 9.259272
90.701 -1.407970 -3.034116 -3.086515 9.259272
90.801 -1.407970 -3.034116 -3.086515 9.259272
90.902 -1.407970 -3.034116 -3.086515 9.259272
91.002 -1.407970 -3.034116 -3.086515 9.259272
91.101 -1.407970 -3.034116 -3.086515 9.259272
91.201 -1.407970 -3.034116 -3.086515 9.259272
91.301 -1.407970 -3.034116 -3.086515 9.259272
91.401 -1.407970 -3.034116 -3.086515 9.259272
91.501 -1.407970 -3.034116 -3.086515 9.259272
91.601 -1.407970 -3.034116 -3.086515 9.259272
91.701 -1.407970 -3.034116 -3.086515 9.259272
91.801 -1.407970 -3.034116 -3.086515 9.259272
91.901 -1.407970 -3.034116 -3.086515 9.259272
92.001 -1.407970 -3.034116 -3.086515 9.259272
92.101 -1.407970 -3.034116 -3.086515 9.259272
92.201 -1.407970 -3.034116 -3.086515 9.259272
92.301 -1.407970 -3.034116 -3.086515 9.259272
92.401 -1.407970 -3.034116 -3.086515 9.259272
92.502 -1.407970 -3.034116 -3.086515 9.259272
92.601 -1.407970 -3.034116 -3.086515 9.259272
92.702 -1.407970 -3.034116 -3.086515 9.259272
92.801 -1.407970 -3.034116 -3.086515 9.259272
92.901 -1.407970 -3.034116 -3.086515 9.259272
93.001 -1.407970 -3.034116 -3.086515 9.259272
93.105 -1.407970 -3.034116 -3.086515 9.259272
93.201 -1.407970 -3.034116 -3.086515 9.259272
93.301 -1.407970 -3.034116 -3.086515 9.259272
93.402 -1.407979 -3.030827 -3.084953 9.262561
93.502 -1.407979 -3.030827 -3.084953 9.262561
93.601 -1.407979 -3.030827 -3.084953 9.262561
93.703 -1.407979 -3.030827 -3.084953 9.262561
93.801 -1.407979 -3.030827 -3.084953 9.262561
93.901 -1.407979 -3.030827 -3.084953 9.262561
94.001 -1.407979 -3.030827 -3.084953 9.262561
94.101 -1.407979 -3.030827 -3.084953 9.262561
94.201 -1.407979 -3.030827 -3.084953 9.262561
94.301 -1.407979 -3.030827 -3.084953 9.262561
94.401 -1.407979 -3.030827 -3.084953 9.262561
94.501 -1.407979 -3.030827 -3.084953 9.262561
94.601 -1.407979 -3.030827 -3.084953 9.262561
94.701 -1.407979 -3.030827 -3.084953 9.262561
94.801 -1.407979 -3.030827 -3.084953 9.262561
94.901 -1.407979 -3.030827 -3.084953 9.262561
95.001 -1.407979 -3.030827 -3.084953 9.262561
95.101 -1.407979 -3.030827 -3.084953 9.262561
95.201 -1.407979 -3.030827 -3.084953 9.262561
95.301 -1.407979 -3.030827 -3.084953 9.262561
95.401 -1.407979 -3.030827 -3.084953 9.262561
95.501 -1.407979 -3.030827 -3.084953 9.262561
95.601 -1.407979 -3.030827 -3.084953 9.262561
95.701 -1.407979 -3.030827 -3.084953 9.262561
95.801 -1.407979 -3.030827 -3.084953 9.262561
95.902 -1.407979 -3.030827 -3.084953 9.262561
96.001 -1.407979 -3.030827 -3.084953 9.262561
96.101 -1.407979 -3.030827 -3.084953 9.262561
96.202 -1.407979 -3.030827 -3.084953 9.262561
96.301 -1.407979 -3.030827 -3.084953 9.262561
96.401 -1.407979 -3.030827 -3.084953 9.262561
96.501 -1.407979 -3.030827 -3.084953 9.262561
96.601 -1.407979 -3.030827 -3.084953 9.262561
96.701 -1.407979 -3.030827 -3.084953 9.262561
96.801 -1.407979 -3.030827 -3.084953 9.262561
96.901 -1.407979 -3.030827 -3.084953 9.262561
97.001 -1.407939 -3.030825 -3.084953 9.262602
97.102 -1.407919 -3.030824 -3.084953 9.262622
97.201 -1.407919 -3.030824 -3.084953 9.262622
97.301 -1.407919 -3.030824 -3.084953 9.262622
97.401 -1.407919 -3.030824 -3.084953 9.262622
97.501 -1.407919 -3.030824 -3.084953 9.262622
97.601 -1.407919 -3.030824 -3.084953 9.262622
97.701 -1.407919 -3.030824 -3.084953 9.262622
97.801 -1.407919 -3.030824 -3.084953 9.262622
97.901 -1.407919 -3.030824 -3.084953 9.262622
98.001 -1.407919 -3.030824 -3.084953 9.262622
98.102 -1.407919 -3.030824 -3.084953 9.262622
98.201 -1.407919 -3.030824 -3.084953 9.262622
98.301 -1.407919 -3.030824 -3.084953 9.262622
98.401 -1.407919 -3.030824 -3.084953 9.262622
98.501 -1.407919 -3.030824 -3.084953 9.262622
98.601 -1.407919 -3.030824 -3.084953 9.262622
98.702 -1.407919 -3.030824 -3.084953 9.262622
98.802 -1.407919 -3.030824 -3.084953 9.262622
98.901 -1.407919 -3.030824 -3.084953 9.262622
