# t_sec x y yaw_rad cum_dist_m
0.111 0.000000 0.003125 -0.000000 0.000000
0.203 0.000000 0.003125 -0.000000 0.000000
0.303 0.000000 0.003125 -0.000000 0.000000
0.403 0.000000 0.003125 -0.000000 0.000000
0.503 -0.000020 0.003125 0.001745 0.000020
0.603 -0.000281 0.003123 0.015708 0.000281
0.704 -0.000029 0.003134 0.061087 0.000534
0.805 -0.000378 0.003107 0.097738 0.000885
0.904 -0.000499 0.003094 0.108210 0.001006
1.003 -0.000397 0.003104 0.151844 0.001108
1.103 -0.000515 0.003084 0.185005 0.001228
1.203 -0.000279 0.003132 0.205949 0.001469
1.304 -0.000864 0.002993 0.244346 0.002069
1.403 -0.000826 0.003005 0.275762 0.002109
1.503 -0.004157 0.007475 0.343586 0.007684
1.603 -0.007651 0.011720 0.388174 0.013181
1.704 -0.007303 0.011870 0.414354 0.013559
1.803 -0.007395 0.011826 0.449261 0.013661
1.905 -0.007377 0.011835 0.487658 0.013681
2.004 -0.007671 0.011669 0.515583 0.014020
2.104 -0.007725 0.011642 0.550490 0.014079
2.203 -0.007521 0.011773 0.594123 0.014321
2.304 -0.007867 0.011533 0.615067 0.014741
2.403 -0.007909 0.011517 0.663936 0.014787
2.503 -0.007908 0.011517 0.690116 0.014788
2.603 -0.008107 0.011346 0.714551 0.015051
2.704 -0.008213 0.011254 0.761500 0.015191
2.803 -0.008039 0.011424 0.786109 0.015435
2.904 -0.008289 0.011165 0.812289 0.015795
3.004 -0.008250 0.011211 0.856097 0.015855
3.104 -0.008320 0.011125 0.884022 0.015965
3.204 -0.008523 0.010870 0.913693 0.016291
3.304 -0.024372 0.005703 0.952800 0.032961
3.404 -0.024705 0.005206 0.987706 0.033559
3.504 -0.024739 0.005155 1.013886 0.033620
3.604 -0.024426 0.005677 1.048793 0.034229
3.704 -0.024745 0.005095 1.085619 0.034892
3.804 -0.024728 0.005130 1.115115 0.034931
3.904 -0.024552 0.005499 1.146880 0.035340
4.004 -0.024679 0.005203 1.190514 0.035661
4.104 -0.024622 0.005351 1.213203 0.035820
4.204 -0.024677 0.005202 1.256836 0.035980
4.304 -0.024615 0.005394 1.286507 0.036181
4.406 -0.024678 0.005162 1.316177 0.036422
4.504 -0.024748 0.004886 1.352829 0.036706
4.604 -0.024764 0.004807 1.392972 0.036787
4.709 -0.024777 0.004728 1.417406 0.036867
4.804 -0.024774 0.004749 1.450568 0.036888
4.904 -0.007189 0.012335 1.488215 0.056040
5.003 -0.007173 0.012556 1.514395 0.056260
5.107 -0.007180 0.012313 1.542320 0.056503
5.204 -0.007189 0.011977 1.585953 0.056839
5.306 -0.007207 0.012480 1.633077 0.057342
5.404 -0.007184 0.012137 1.636742 0.057686
5.504 -0.007204 0.012203 1.685611 0.057754
5.603 -0.007177 0.012005 1.715282 0.057953
5.704 -0.007107 0.011566 1.743207 0.058398
5.804 -0.007149 0.011806 1.792076 0.058642
5.904 -0.007041 0.011357 1.820002 0.059104
6.004 -0.007100 0.011567 1.846182 0.059322
6.107 -0.007101 0.011594 1.895051 0.059349
6.203 -0.006994 0.011292 1.921231 0.059669
6.304 -0.007064 0.011476 1.950901 0.059865
6.404 -0.006168 -0.002349 2.013044 0.073719
6.504 -0.006167 -0.002348 2.035733 0.073720
6.603 -0.006101 -0.002479 2.070640 0.073867
6.704 -0.006162 -0.002376 2.112528 0.073986
6.803 -0.006129 -0.002423 2.142198 0.074044
6.906 -0.005962 -0.002673 2.177105 0.074345
7.004 -0.005857 -0.002811 2.220738 0.074518
7.104 -0.005783 -0.002907 2.245173 0.074639
7.204 -0.005950 -0.002707 2.281825 0.074899
7.304 -0.005949 -0.002704 2.321967 0.074902
7.406 -0.005712 -0.002950 2.349892 0.075244
7.503 -0.006030 -0.002640 2.377818 0.075688
7.604 -0.005582 -0.003044 2.430178 0.076291
7.704 -0.005415 -0.003186 2.456357 0.076510
7.804 -0.004090 -0.010311 2.479221 0.083757
7.903 -0.002570 -0.017062 2.519814 0.090678
8.003 -0.002475 -0.017128 2.551230 0.090794
8.103 -0.002594 -0.017052 2.573919 0.090935
8.204 -0.002345 -0.017191 2.622788 0.091220
8.304 -0.002189 -0.017279 2.648968 0.091399
8.403 -0.002582 -0.017076 2.676894 0.091841
8.504 -0.001962 -0.017364 2.725588 0.092525
8.608 -0.002200 -0.017267 2.755433 0.092781
8.705 -0.002014 -0.017332 2.793656 0.092978
8.803 -0.001560 -0.017487 2.826992 0.093458
8.903 -0.002002 -0.017354 2.856663 0.093919
9.004 -0.001903 -0.017379 2.884588 0.094021
9.110 -0.002017 -0.017360 2.945674 0.094137
9.203 -0.001565 -0.017444 2.966444 0.094597
9.303 -0.013704 -0.025086 2.981188 0.108941
9.403 -0.013468 -0.025119 3.011034 0.109179
9.503 -0.013071 -0.025164 3.045940 0.109579
9.604 -0.013210 -0.025158 3.087828 0.109718
9.704 -0.013231 -0.025156 3.115753 0.109739
9.804 -0.013428 -0.025157 -3.136016 0.109936
9.903 -0.013110 -0.025145 -3.104600 0.110255
10.003 -0.013188 -0.025158 -3.062538 0.110334
10.103 -0.012951 -0.025130 -3.024140 0.110573
10.204 -0.012633 -0.025088 -2.992725 0.110893
10.303 -0.012913 -0.025135 -2.968290 0.111177
10.403 -0.013090 -0.025167 -2.938619 0.111357
10.503 -0.012732 -0.025090 -2.896731 0.111722
10.603 -0.012711 -0.025081 -2.868806 0.111745
10.703 -0.012238 -0.024940 -2.840881 0.112239
10.804 -0.003959 -0.028912 -2.783255 0.121421
10.903 0.020727 -0.038884 -2.739784 0.148046
11.003 0.021134 -0.038705 -2.715350 0.148490
11.104 0.020792 -0.038871 -2.668226 0.148871
11.204 0.020970 -0.038774 -2.629829 0.149073
11.303 0.020885 -0.038824 -2.598413 0.149172
11.403 0.021002 -0.038751 -2.575723 0.149310
11.504 0.021137 -0.038665 -2.575723 0.149471
11.604 0.021390 -0.038501 -2.558270 0.149773
11.705 0.021405 -0.038491 -2.542562 0.149791
11.809 0.021650 -0.038315 -2.498929 0.150092
11.903 0.021656 -0.038309 -2.474494 0.150100
12.004 0.021665 -0.038302 -2.437842 0.150112
12.103 0.021802 -0.038181 -2.395780 0.150294
12.204 0.021859 -0.038125 -2.373091 0.150374
12.307 0.021973 -0.038011 -2.344991 0.150535
12.406 0.021920 -0.038077 -2.294376 0.150620
12.504 0.021895 -0.038107 -2.262786 0.150659
12.603 0.030608 -0.001872 -2.216985 0.187926
12.703 0.038211 0.029746 -2.139460 0.220446
12.804 0.038272 0.029847 -2.116596 0.220563
12.904 0.038323 0.029934 -2.092161 0.220665
13.004 0.038263 0.029809 -2.043467 0.220804
13.104 0.038173 0.029625 -2.015367 0.221009
13.204 0.038463 0.030255 -1.992329 0.221702
13.304 0.038333 0.029917 -1.941714 0.222064
13.404 0.038354 0.029982 -1.917279 0.222133
13.507 0.038433 0.030198 -1.868236 0.222363
13.603 0.038391 0.030060 -1.843801 0.222507
13.704 0.038544 0.030643 -1.812560 0.223109
13.804 0.038468 0.030305 -1.784634 0.223455
13.904 0.038475 0.030393 -1.732275 0.223543
14.016 0.038508 0.030611 -1.713076 0.223764
14.104 0.038480 0.030372 -1.676424 0.224005
14.203 0.038499 0.030643 -1.634536 0.224277
14.303 0.038509 0.030796 -1.604866 0.224430
14.406 0.048596 0.055391 -1.522033 0.251012
14.503 0.048589 0.055490 -1.492362 0.251112
14.604 0.048598 0.055412 -1.464437 0.251191
14.704 0.048580 0.055550 -1.427785 0.251331
14.804 0.048577 0.055571 -1.385897 0.251352
14.903 0.048511 0.055898 -1.356227 0.251686
15.004 0.048539 0.055781 -1.331792 0.251806
15.104 0.048472 0.056030 -1.282923 0.252064
15.216 0.048477 0.056010 -1.237544 0.252084
15.304 0.048484 0.055991 -1.237544 0.252104
15.404 0.048348 0.056368 -1.213110 0.252504
15.504 0.048408 0.056217 -1.186930 0.252667
15.604 0.048526 0.055941 -1.164241 0.252967
15.704 0.037545 0.055850 -1.117768 0.263948
15.804 0.020447 0.055297 -1.091608 0.281054
15.904 0.020332 0.055503 -1.047975 0.281290
16.003 0.020343 0.055487 -1.027031 0.281310
16.103 0.020611 0.055062 -0.997361 0.281812
16.204 0.020473 0.055260 -0.946571 0.282053
16.303 0.020461 0.055276 -0.920566 0.282073
16.404 0.020685 0.054992 -0.895957 0.282434
16.503 0.020534 0.055172 -0.865937 0.282670
16.603 0.020624 0.055070 -0.824224 0.282807
16.704 0.020902 0.054780 -0.798044 0.283208
16.804 0.020902 0.054779 -0.761392 0.283209
16.903 0.020792 0.054884 -0.724740 0.283361
17.005 0.020768 0.054908 -0.675696 0.283396
17.104 0.021087 0.054658 -0.653182 0.283801
17.204 0.021024 0.054705 -0.625256 0.283880
17.304 0.017668 0.050489 -0.551739 0.289269
17.403 0.013147 0.044406 -0.494929 0.296847
17.504 0.013180 0.044387 -0.465259 0.296886
17.603 0.013018 0.044464 -0.432097 0.297066
17.704 0.013056 0.044451 -0.386719 0.297106
17.803 0.013383 0.044323 -0.362284 0.297457
17.903 0.013025 0.044446 -0.316906 0.297836
18.003 0.013159 0.044409 -0.283744 0.297975
18.104 0.013509 0.044310 -0.261055 0.298339
18.203 0.013470 0.044308 -0.208695 0.298378
18.303 0.013428 0.044318 -0.179025 0.298421
18.403 0.013835 0.044252 -0.154590 0.298834
18.503 0.013933 0.044238 -0.116193 0.298934
18.603 0.013814 0.044248 -0.076050 0.299053
18.707 0.013874 0.044245 -0.044634 0.299114
18.804 0.013977 0.044242 -0.020200 0.299217
18.903 -0.002292 -0.004217 0.032157 0.350334
19.003 -0.002353 -0.004219 0.032157 0.350394
19.104 -0.002472 -0.004222 0.032157 0.350514
19.204 -0.002472 -0.004222 0.032157 0.350514
19.303 -0.002472 -0.004222 0.032157 0.350514
19.404 -0.002472 -0.004222 0.032157 0.350514
19.504 -0.002472 -0.004222 0.032157 0.350514
19.604 -0.002472 -0.004222 0.032157 0.350514
19.707 -0.002472 -0.004222 0.032157 0.350514
19.804 -0.002472 -0.004222 0.032157 0.350514
19.907 -0.002472 -0.004222 0.032157 0.350514
20.003 -0.002472 -0.004222 0.032157 0.350514
20.103 -0.002472 -0.004222 0.032157 0.350514
20.203 -0.002472 -0.004222 0.032157 0.350514
20.304 -0.002472 -0.004222 0.032157 0.350514
20.403 -0.002472 -0.004222 0.032157 0.350514
20.503 -0.002118 -0.004212 0.028666 0.350869
20.603 0.003458 -0.004184 -0.004495 0.356445
20.703 0.015065 -0.004585 -0.058426 0.368058
20.803 0.029525 -0.005922 -0.116196 0.382581
20.903 0.037622 -0.007021 -0.144121 0.390752
21.004 0.049266 -0.009046 -0.186009 0.402571
21.103 0.069390 -0.013786 -0.264549 0.423245
21.203 0.080424 -0.017089 -0.304692 0.434762
21.304 0.091075 -0.020691 -0.337853 0.446007
21.404 0.110224 -0.028153 -0.395449 0.466558
21.503 0.121205 -0.033059 -0.432101 0.478585
21.604 0.131302 -0.037903 -0.456535 0.489784
21.704 0.158211 -0.044214 -0.514372 0.517423
21.805 0.244436 -0.022995 -0.626902 0.606221
21.903 0.257991 -0.033223 -0.661808 0.623202
22.003 0.271052 -0.043934 -0.703696 0.640093
22.104 0.277291 -0.049335 -0.719404 0.648345
22.205 0.289162 -0.060234 -0.759547 0.664460
22.303 0.300625 -0.071615 -0.794454 0.680614
22.406 0.306869 -0.078063 -0.805100 0.689589
22.503 0.318850 -0.090881 -0.824648 0.707135
22.603 0.327499 -0.100327 -0.835294 0.719943
22.703 0.334507 -0.108224 -0.849431 0.730501
22.804 0.345760 -0.121240 -0.865139 0.747707
22.904 0.354526 -0.131806 -0.884512 0.761435
23.006 0.361950 -0.141047 -0.901791 0.773290
23.104 0.372758 -0.155102 -0.924830 0.791019
23.203 0.381392 -0.166782 -0.940538 0.805544
23.304 0.388285 -0.176484 -0.959736 0.817446
23.403 0.398467 -0.191492 -0.984171 0.835582
23.511 0.408633 -0.207432 -1.017332 0.854488
23.604 0.411507 -0.212157 -1.026059 0.860018
23.706 0.418991 -0.225054 -1.057475 0.874929
23.803 0.467126 -0.218013 -1.084612 0.923576
23.904 0.472285 -0.228027 -1.100320 0.934842
24.004 0.477494 -0.238494 -1.114282 0.946532
24.104 0.486267 -0.256839 -1.135226 0.966868
24.203 0.491145 -0.267528 -1.145698 0.978617
24.303 0.495889 -0.278304 -1.159661 0.990391
24.403 0.503713 -0.296701 -1.173624 1.010383
24.505 0.507857 -0.306801 -1.187586 1.021300
24.604 0.511935 -0.317083 -1.194568 1.032361
24.708 0.519181 -0.335947 -1.208530 1.052568
24.804 0.523444 -0.347269 -1.212021 1.064666
24.904 0.529554 -0.363709 -1.217257 1.082205
25.004 0.534631 -0.377659 -1.224238 1.097050
25.104 0.538414 -0.388192 -1.225984 1.108242
25.203 0.543812 -0.403331 -1.229474 1.124315
25.303 0.548473 -0.416541 -1.232965 1.138323
25.404 0.552411 -0.427767 -1.234710 1.150219
25.503 0.558387 -0.444970 -1.238201 1.168431
25.603 0.563145 -0.458791 -1.239946 1.183048
25.704 0.567015 -0.470105 -1.243437 1.195006
25.804 0.572506 -0.486306 -1.245182 1.212111
25.904 0.577226 -0.500335 -1.246927 1.226914
26.003 0.580910 -0.511371 -1.250418 1.238548
26.104 0.586459 -0.528145 -1.253909 1.256216
26.203 0.590884 -0.541703 -1.255654 1.270478
26.304 0.594541 -0.553002 -1.259145 1.282354
26.407 0.599550 -0.569173 -1.274853 1.299283
26.508 0.605103 -0.587990 -1.295797 1.318902
26.603 0.607365 -0.596208 -1.304523 1.327426
26.704 0.610957 -0.609756 -1.318486 1.341442
26.803 0.614090 -0.623153 -1.355138 1.355201
26.904 0.666437 -0.655650 -1.479999 1.416814
27.004 0.677649 -0.676188 -1.539567 1.440214
27.108 0.677860 -0.686307 -1.557020 1.450334
27.204 0.677982 -0.698737 -1.565747 1.462765
27.304 0.677976 -0.708643 -1.579709 1.472671
27.404 0.677823 -0.717943 -1.593672 1.481972
27.504 0.677410 -0.729674 -1.614616 1.493711
27.607 0.676557 -0.745296 -1.633815 1.509356
27.703 0.676320 -0.748806 -1.639051 1.512874
27.804 0.675730 -0.757106 -1.644287 1.521195
27.907 0.674540 -0.771431 -1.663485 1.535569
28.004 0.673758 -0.779635 -1.668721 1.543811
28.104 0.673081 -0.786056 -1.673957 1.550267
28.204 0.672929 -0.787944 -1.623343 1.552161
28.303 0.672945 -0.786768 -1.572728 1.553337
28.404 0.672870 -0.785287 -1.497679 1.554820
28.504 0.672294 -0.781388 -1.370270 1.558761
28.604 0.671869 -0.779733 -1.283003 1.560469
28.704 0.671811 -0.779558 -1.192246 1.560654
28.804 0.673584 -0.782749 -1.035167 1.564305
28.904 0.675681 -0.785864 -0.947900 1.568060
29.012 0.669377 -0.736545 -0.824714 1.617780
29.105 0.675781 -0.742272 -0.670951 1.626372
29.203 0.680122 -0.745337 -0.580368 1.631685
29.303 0.689035 -0.750520 -0.500083 1.641996
29.403 0.707725 -0.758946 -0.370929 1.662497
29.504 0.707367 -0.776796 -0.307266 1.680351
29.603 0.718753 -0.782348 -0.232352 1.693018
29.704 0.737285 -0.785894 -0.160794 1.711886
29.807 0.756587 -0.788182 -0.080508 1.731324
29.903 0.769695 -0.791416 -0.052402 1.744824
30.004 0.800081 -0.801140 -0.018046 1.776728
30.103 0.813374 -0.800907 0.041295 1.790023
30.204 0.824449 -0.800101 0.090165 1.801128
30.303 0.835607 -0.798745 0.139034 1.812368
30.406 0.854559 -0.795173 0.219319 1.831653
30.503 0.865751 -0.792383 0.256145 1.843188
30.604 0.877022 -0.789091 0.297859 1.854930
30.704 0.896098 -0.782543 0.346728 1.875099
30.806 0.892618 -0.788167 0.347016 1.881713
30.903 0.904123 -0.784271 0.368041 1.893861
31.003 0.919724 -0.777864 0.397712 1.910725
31.104 0.930062 -0.773366 0.420401 1.922000
31.203 0.945839 -0.766099 0.439600 1.939370
31.304 0.953560 -0.762351 0.457053 1.947953
31.404 0.971672 -0.753104 0.483233 1.968288
31.504 0.981936 -0.747683 0.486724 1.979896
31.604 0.991656 -0.742426 0.502432 1.990947
31.704 1.008888 -0.732618 0.530357 2.010775
31.803 1.018876 -0.726737 0.535593 2.022365
31.904 1.028937 -0.720737 0.539083 2.034080
32.003 1.047154 -0.709550 0.553221 2.055457
32.104 1.056837 -0.703515 0.558631 2.066867
32.204 1.065764 -0.697882 0.565612 2.077423
32.303 1.080241 -0.688535 0.590047 2.094655
32.403 1.089203 -0.682214 0.624779 2.105622
32.504 1.098812 -0.674997 0.652879 2.117639
32.604 1.113459 -0.663508 0.666842 2.136255
32.704 1.122303 -0.656535 0.668587 2.147517
32.803 1.130631 -0.649956 0.668587 2.158130
32.904 1.141140 -0.641655 0.668587 2.171522
33.003 1.146390 -0.629126 0.726782 2.185107
33.104 1.154853 -0.621452 0.745980 2.196531
33.204 1.168858 -0.607906 0.788043 2.216015
33.304 1.176779 -0.599737 0.810907 2.227394
33.405 1.184795 -0.591026 0.835341 2.239232
33.504 1.198103 -0.575497 0.880720 2.259683
33.604 1.204828 -0.567050 0.910390 2.270480
33.703 1.211418 -0.558339 0.929589 2.281403
33.804 1.221614 -0.544083 0.962750 2.298930
33.904 1.231521 -0.529310 0.988930 2.316717
34.003 1.236305 -0.522039 0.990675 2.325421
34.105 1.247679 -0.504523 0.997657 2.346306
34.204 1.254029 -0.494596 1.003067 2.358090
34.303 1.260163 -0.484898 1.010398 2.369565
34.404 1.269504 -0.469936 1.015808 2.387203
34.505 1.280448 -0.452110 1.021219 2.408121
34.604 1.283496 -0.447115 1.022964 2.413972
34.704 1.292793 -0.431846 1.024709 2.431849
34.804 1.301690 -0.417020 1.035356 2.449140
34.903 1.309106 -0.404478 1.039021 2.463711
35.004 1.316779 -0.391340 1.046177 2.478925
35.103 1.323031 -0.380517 1.042512 2.491424
35.204 1.329302 -0.370128 1.021568 2.503559
35.303 1.337964 -0.356531 0.993293 2.519681
35.404 1.347542 -0.341794 0.993293 2.537256
35.506 1.355823 -0.329204 0.979331 2.552326
35.604 1.362541 -0.319521 0.956641 2.564111
35.703 1.369384 -0.310104 0.932207 2.575752
35.803 1.381063 -0.294235 0.944424 2.595455
35.903 1.387846 -0.284695 0.954896 2.607160
36.003 1.393356 -0.276721 0.972349 2.616853
36.105 1.345274 -0.165795 0.985372 2.737751
36.204 1.353685 -0.153397 0.962857 2.752733
36.305 1.359551 -0.145205 0.938423 2.762808
36.404 1.369925 -0.131791 0.889554 2.779766
36.503 1.376040 -0.124542 0.861628 2.789250
36.604 1.382756 -0.116780 0.854647 2.799514
36.704 1.396464 -0.101414 0.837194 2.820106
36.804 1.404371 -0.092696 0.831958 2.831875
36.904 1.412321 -0.083993 0.830212 2.843663
37.004 1.422512 -0.072892 0.826722 2.858733
37.106 1.434267 -0.060123 0.826722 2.876088
37.204 1.442300 -0.051381 0.826722 2.887960
37.303 1.456253 -0.036110 0.831958 2.908646
37.407 1.463836 -0.027800 0.830212 2.919896
37.504 1.469913 -0.021141 0.830212 2.928911
37.603 1.477138 -0.013263 0.826722 2.939601
37.705 1.484898 -0.004852 0.824976 2.951044
37.803 1.485854 -0.003818 0.824976 2.952452
37.903 1.484781 -0.004979 0.824976 2.954033
38.004 1.484686 -0.005082 0.824976 2.954173
38.104 1.484686 -0.005082 0.824976 2.954173
38.204 1.484686 -0.005082 0.824976 2.954173
38.303 1.484686 -0.005082 0.824976 2.954173
38.406 1.484686 -0.005082 0.824976 2.954173
38.504 1.484686 -0.005082 0.824976 2.954173
38.604 1.484686 -0.005082 0.824976 2.954173
38.704 1.484686 -0.005082 0.824976 2.954173
38.806 1.484686 -0.005082 0.824976 2.954173
38.904 1.484686 -0.005082 0.824976 2.954173
39.009 1.484686 -0.005082 0.824976 2.954173
39.104 1.484686 -0.005082 0.824976 2.954173
39.205 1.484686 -0.005082 0.824976 2.954173
39.304 1.454212 0.016194 0.846411 2.991340
39.407 1.435155 0.026763 0.806249 3.013131
39.503 1.433523 0.025166 0.757205 3.015414
39.604 1.432515 0.024262 0.684076 3.016769
39.704 1.430592 0.022962 0.533977 3.019090
39.804 1.429239 0.022270 0.448456 3.020609
39.903 1.426864 0.021315 0.336755 3.023169
40.004 1.425415 0.020893 0.244253 3.024678
40.105 1.425146 0.020840 0.108117 3.024952
40.204 1.424487 0.020813 0.013869 3.025611
40.304 1.421133 0.021054 -0.124012 3.028974
40.403 1.420538 0.021128 -0.235538 3.029573
40.503 1.422959 0.020373 -0.326470 3.032109
40.629 1.522720 0.039852 -0.611529 3.133754
40.707 1.526004 0.037309 -0.676106 3.137907
40.803 1.530925 0.032830 -0.761627 3.144562
40.904 1.544006 0.017603 -0.930924 3.164635
41.003 1.507237 -0.040417 -0.986626 3.233324
41.103 1.516073 -0.055689 -1.089601 3.250969
41.204 1.520082 -0.064067 -1.141961 3.260256
41.304 1.524856 -0.075489 -1.192575 3.272636
41.405 1.532157 -0.097365 -1.290314 3.295698
41.503 1.503826 -0.092710 -1.316423 3.324408
41.604 1.494181 -0.103060 -1.387017 3.338556
41.707 1.496736 -0.121061 -1.465557 3.356737
41.804 1.497205 -0.126350 -1.486501 3.362047
41.904 1.497922 -0.138299 -1.528389 3.374018
42.015 1.497706 -0.164920 -1.615655 3.400639
42.104 1.497365 -0.170530 -1.636599 3.406259
42.204 1.496003 -0.185002 -1.681978 3.420796
42.303 1.493639 -0.202860 -1.720375 3.438809
42.404 1.491721 -0.214262 -1.748300 3.450371
42.504 1.489424 -0.226109 -1.772735 3.462439
42.604 1.589600 -0.222891 -1.826957 3.562666
42.704 1.586361 -0.234376 -1.858548 3.574600
42.803 1.583060 -0.244607 -1.896770 3.585350
42.903 1.576394 -0.262438 -1.952796 3.604387
43.004 1.572111 -0.272473 -1.985957 3.615297
43.104 1.567574 -0.282635 -1.998000 3.626426
43.204 1.558777 -0.301000 -2.027845 3.646790
43.311 1.550919 -0.316302 -2.061181 3.663991
43.403 1.548337 -0.321037 -2.073398 3.669385
43.503 1.538519 -0.338047 -2.110224 3.689024
43.603 1.532637 -0.347515 -2.134484 3.700171
43.704 1.541025 -0.333080 -2.131491 3.716865
43.806 1.534322 -0.343588 -2.145803 3.729329
43.903 1.525761 -0.356660 -2.154704 3.744955
44.004 1.517603 -0.368710 -2.174077 3.759507
44.111 1.506385 -0.384729 -2.188214 3.779063
44.204 1.501179 -0.391974 -2.198686 3.787985
44.304 1.492662 -0.403590 -2.209507 3.802389
44.405 1.485976 -0.412434 -2.219979 3.813475
44.504 1.475436 -0.426030 -2.234116 3.830678
44.604 1.466249 -0.437624 -2.246508 3.845471
44.704 1.459508 -0.445891 -2.258900 3.856138
44.803 1.452696 -0.454053 -2.272863 3.866769
44.904 1.439291 -0.469224 -2.309689 3.887014
45.003 1.431392 -0.477702 -2.328888 3.898602
45.103 1.422994 -0.486405 -2.346341 3.910695
45.203 1.408486 -0.500781 -2.369030 3.931120
45.304 1.401215 -0.507809 -2.374266 3.941232
45.404 1.391092 -0.517430 -2.386484 3.955198
45.507 1.378323 -0.529221 -2.402192 3.972578
45.603 1.369912 -0.536879 -2.403937 3.983953
45.704 1.361270 -0.544705 -2.405682 3.995612
45.804 1.346388 -0.558487 -2.382993 4.015895
45.904 1.337884 -0.566744 -2.367285 4.027749
46.006 1.321862 -0.582981 -2.339360 4.050559
46.104 1.316229 -0.588862 -2.334124 4.058704
46.205 1.308622 -0.596951 -2.318416 4.069808
46.305 1.301182 -0.605234 -2.290490 4.080941
46.404 1.288737 -0.620257 -2.241621 4.100449
46.504 1.281575 -0.629556 -2.215267 4.112186
46.603 1.273260 -0.641134 -2.178440 4.126441
46.704 1.262940 -0.656087 -2.169365 4.144609
46.805 1.263216 -0.734640 -2.217289 4.223163
46.903 1.255893 -0.761597 -2.196965 4.251097
47.004 1.246211 -0.775625 -2.155077 4.268141
47.103 1.239908 -0.785634 -2.118425 4.279970
47.203 1.233740 -0.796205 -2.087009 4.292209
47.304 1.224737 -0.813338 -2.029239 4.311563
47.404 1.220209 -0.823003 -1.999743 4.322236
47.503 1.217530 -0.828837 -2.003408 4.328656
47.604 1.217074 -0.829824 -2.003408 4.329744
47.704 1.211830 -0.841288 -1.994681 4.342349
47.803 1.205931 -0.854477 -1.991016 4.356798
47.903 1.202159 -0.862909 -1.992936 4.366035
48.004 1.196474 -0.875588 -1.985955 4.379930
48.103 1.193098 -0.883591 -1.966756 4.388617
48.204 1.186837 -0.899179 -1.943543 4.405414
48.304 1.180748 -0.915088 -1.929406 4.422449
48.404 1.175793 -0.928599 -1.916840 4.436840
48.503 1.171897 -0.939660 -1.906193 4.448567
48.603 1.166290 -0.956326 -1.888565 4.466151
48.704 1.162258 -0.968947 -1.874603 4.479400
48.804 1.159138 -0.979046 -1.865876 4.489970
48.903 1.154386 -0.995452 -1.841267 4.507051
49.004 1.150813 -1.009050 -1.821719 4.521111
49.103 1.148071 -1.020490 -1.797285 4.532874
49.203 1.144999 -1.034895 -1.769359 4.547603
49.304 1.141929 -1.051365 -1.743180 4.564357
49.405 1.181624 -1.103540 -1.655348 4.629915
49.503 1.184344 -1.117958 -1.638055 4.644589
49.604 1.183193 -1.139023 -1.610130 4.665684
49.704 1.182930 -1.150545 -1.583950 4.677210
49.803 1.182997 -1.162540 -1.554279 4.689205
49.903 1.183769 -1.183671 -1.517627 4.710350
50.003 1.184516 -1.195086 -1.498429 4.721790
50.104 1.185404 -1.205759 -1.479230 4.732499
50.203 1.187292 -1.223757 -1.454796 4.750596
50.304 1.188647 -1.235032 -1.447814 4.761952
50.403 1.190958 -1.252805 -1.439088 4.779875
50.503 1.192510 -1.264366 -1.435597 4.791539
50.604 1.194941 -1.282005 -1.432106 4.809345
50.704 1.197027 -1.296681 -1.428616 4.824169
50.804 1.198736 -1.308398 -1.425125 4.836010
50.903 1.201117 -1.324435 -1.421634 4.852223
51.006 1.202698 -1.334926 -1.421634 4.862832
51.103 1.204581 -1.349257 -1.447814 4.877286
51.205 1.205947 -1.361133 -1.465268 4.889240
51.304 1.206787 -1.370141 -1.484466 4.898287
51.404 1.207640 -1.381800 -1.508901 4.909977
51.504 1.207941 -1.386460 -1.505410 4.914647
51.603 1.208006 -1.387442 -1.503665 4.915631
51.704 1.208693 -1.396890 -1.493193 4.925104
51.803 1.209861 -1.409278 -1.468758 4.937547
51.903 1.211889 -1.425773 -1.433852 4.954166
52.003 1.213897 -1.439384 -1.418144 4.967924
52.103 1.215507 -1.449055 -1.395454 4.977729
52.205 1.217819 -1.461419 -1.378001 4.990307
52.304 1.219181 -1.468442 -1.379746 4.997461
52.403 1.219124 -1.468146 -1.379746 4.997762
52.507 1.246766 -1.440819 -1.301038 5.036632
52.604 1.271155 -1.422316 -1.201700 5.067245
52.703 1.274770 -1.431435 -1.191228 5.077054
52.804 1.278529 -1.440716 -1.180756 5.087068
52.904 1.286856 -1.460238 -1.147595 5.108292
53.004 1.291888 -1.471205 -1.137123 5.120359
53.106 1.298665 -1.485387 -1.114434 5.136076
53.203 1.304282 -1.496488 -1.096981 5.148517
53.304 1.308586 -1.504578 -1.069055 5.157681
53.403 1.313898 -1.514143 -1.062074 5.168622
53.510 1.320562 -1.526092 -1.062074 5.182304
53.604 1.321101 -1.527059 -1.062074 5.183411
53.704 1.321245 -1.527318 -1.062074 5.183707
53.804 1.328863 -1.540642 -1.041130 5.199055
53.905 1.334678 -1.550325 -1.021931 5.210350
54.004 1.341224 -1.560801 -1.000987 5.222703
54.103 1.350126 -1.574247 -0.976553 5.238828
54.222 1.360885 -1.589340 -0.939901 5.257364
54.305 1.367288 -1.597935 -0.922273 5.268082
54.404 1.375242 -1.608266 -0.906565 5.281120
54.504 1.381825 -1.616569 -0.894173 5.291716
54.603 1.389229 -1.625667 -0.883352 5.303446
54.707 1.399596 -1.638108 -0.872357 5.319640
54.803 1.410203 -1.650664 -0.868691 5.336076
54.903 1.415393 -1.656764 -0.865026 5.344086
55.008 1.425922 -1.669001 -0.852634 5.360229
55.104 1.437887 -1.682314 -0.826105 5.378129
55.204 1.443444 -1.688286 -0.817204 5.386286
55.304 1.456598 -1.701946 -0.801322 5.405250
55.404 1.464439 -1.710041 -0.801322 5.416521
55.511 1.475879 -1.722036 -0.815284 5.433095
55.605 1.487539 -1.734546 -0.822615 5.450197
55.712 1.545633 -1.706570 -0.684998 5.514677
55.804 1.555332 -1.713567 -0.685152 5.526637
55.904 1.568446 -1.724720 -0.728785 5.543852
56.004 1.574522 -1.730321 -0.755314 5.552116
56.108 1.580608 -1.736286 -0.786730 5.560637
56.203 1.587155 -1.743115 -0.823208 5.570098
56.303 1.594791 -1.751732 -0.867015 5.581611
56.404 1.599422 -1.757425 -0.900177 5.588950
56.504 1.607105 -1.767806 -0.957772 5.601865
56.604 1.611187 -1.773893 -0.992679 5.609194
56.704 1.615271 -1.780407 -1.020604 5.616882
56.811 1.620828 -1.790050 -1.060747 5.628012
56.905 1.622804 -1.793572 -1.059002 5.632050
57.004 1.622697 -1.793381 -1.059002 5.632269
57.103 1.622489 -1.793011 -1.036312 5.632693
57.203 1.622393 -1.792861 -1.001406 5.632871
57.304 1.622677 -1.793260 -0.950791 5.633362
57.404 1.622424 -1.792924 -0.912394 5.633783
57.503 1.622240 -1.792688 -0.908903 5.634081
57.605 1.622066 -1.792465 -0.908903 5.634364
57.706 1.622332 -1.791732 -0.908474 5.635144
57.811 1.631169 -1.768319 -0.894579 5.660170
57.904 1.631169 -1.768319 -0.894579 5.660170
58.012 1.631169 -1.768319 -0.894579 5.660170
58.104 1.634125 -1.772217 -0.934722 5.665062
58.204 1.639740 -1.780419 -0.995808 5.675001
58.303 1.643168 -1.786028 -1.035951 5.681575
58.404 1.646233 -1.791512 -1.074348 5.687857
58.504 1.649982 -1.798889 -1.107509 5.696132
58.605 1.650194 -1.799313 -1.107509 5.696606
58.704 1.650324 -1.799587 -1.126708 5.696910
58.804 1.651752 -1.802886 -1.180813 5.700505
58.904 1.653377 -1.807491 -1.261098 5.705388
59.003 1.654852 -1.812889 -1.322185 5.710984
59.103 1.657438 -1.827346 -1.444358 5.725670
59.203 1.658342 -1.843321 -1.559550 5.741671
59.303 1.658090 -1.852104 -1.618891 5.750457
59.403 1.656041 -1.869834 -1.734083 5.768305
59.505 1.652885 -1.884436 -1.823094 5.783245
59.604 1.650767 -1.891712 -1.868473 5.790823
59.704 1.647501 -1.901078 -1.927814 5.800742
59.803 1.689657 -2.021766 -2.183242 5.928581
59.905 1.679624 -2.034577 -2.270509 5.944853
60.004 1.676106 -2.038596 -2.296689 5.950194
60.104 1.661908 -2.053233 -2.373658 5.970586
60.203 1.653478 -2.060920 -2.420782 5.981994
60.303 1.657169 -2.065153 -2.412742 5.987610
60.404 1.644900 -2.075594 -2.451140 6.003720
60.504 1.636282 -2.082499 -2.477320 6.014763
60.605 1.627000 -2.089452 -2.508735 6.026361
60.704 1.610343 -2.100888 -2.559350 6.046566
60.804 1.600296 -2.107261 -2.589021 6.058464
60.903 1.582606 -2.117459 -2.639635 6.078883
61.004 1.573354 -2.122394 -2.653598 6.089369
61.103 1.569468 -2.124457 -2.653598 6.093768
61.204 1.561037 -2.128871 -2.660579 6.103285
61.303 1.542776 -2.138158 -2.672796 6.123772
61.403 1.533605 -2.142777 -2.678032 6.134040
61.503 1.531835 -2.163358 -2.683218 6.154697
61.604 1.530418 -2.208992 -2.686595 6.200353
61.703 1.515311 -2.216302 -2.693576 6.217135
61.803 1.510551 -2.218585 -2.695321 6.222414
61.903 1.492321 -2.227110 -2.714520 6.242539
62.004 1.481705 -2.231883 -2.723247 6.254179
62.104 1.467571 -2.237952 -2.744191 6.269561
62.204 1.453657 -2.243571 -2.766880 6.284567
62.304 1.445746 -2.246633 -2.775607 6.293049
62.404 1.429927 -2.252470 -2.794805 6.309911
62.503 1.414831 -2.257816 -2.808768 6.325926
62.603 1.410069 -2.259411 -2.820985 6.330948
62.704 1.391039 -2.265674 -2.826570 6.350982
62.804 1.379691 -2.269305 -2.833726 6.362896
62.903 1.363374 -2.274460 -2.837391 6.380008
63.003 1.349205 -2.278850 -2.844722 6.394842
63.104 1.338296 -2.282172 -2.846467 6.406246
63.203 1.321283 -2.287270 -2.853797 6.424006
63.303 1.307631 -2.291279 -2.857463 6.438235
63.403 1.296168 -2.294616 -2.859208 6.450173
63.504 1.284729 -2.297935 -2.859208 6.462084
63.603 1.264295 -2.303784 -2.866189 6.483339
63.704 1.253010 -2.306944 -2.869854 6.495058
63.804 1.241749 -2.310053 -2.873520 6.506740
63.904 1.221408 -2.315576 -2.879105 6.527817
64.003 1.210437 -2.318503 -2.880850 6.539172
64.103 1.200041 -2.321267 -2.880850 6.549929
64.206 1.175264 -2.327816 -2.884515 6.575557
64.307 1.169380 -2.329369 -2.882770 6.581643
64.404 1.157767 -2.332427 -2.884515 6.593652
64.504 1.135820 -2.348800 -2.911085 6.621033
64.603 1.099666 -2.382269 -3.081180 6.670300
64.703 1.081744 -2.383315 -3.084845 6.688252
64.806 1.066995 -2.384216 -3.074024 6.703029
64.904 1.055326 -2.385041 -3.066869 6.714728
65.003 1.044031 -2.385954 -3.057793 6.726059
65.104 1.023904 -2.387927 -3.036500 6.746283
65.204 1.012688 -2.389188 -3.024108 6.757569
65.303 1.002860 -2.390393 -3.017127 6.767471
65.403 0.986225 -2.392697 -2.997579 6.784265
65.504 0.976363 -2.394205 -2.986932 6.794241
65.605 0.966830 -2.395810 -2.971050 6.803908
65.704 0.948716 -2.399121 -2.948361 6.822323
65.803 0.938907 -2.401076 -2.944870 6.832324
65.903 0.928394 -2.403172 -2.944870 6.843045
66.003 0.910256 -2.406820 -2.941379 6.861546
66.105 0.894631 -2.410093 -2.930907 6.877510
66.203 0.889508 -2.411198 -2.927417 6.882751
66.303 0.869335 -2.415586 -2.927417 6.903396
66.404 0.858053 -2.418040 -2.927417 6.914941
66.504 0.846996 -2.420445 -2.927417 6.926257
66.603 0.827083 -2.424776 -2.927417 6.946635
66.703 0.815551 -2.427264 -2.929162 6.958432
66.803 0.801198 -2.430359 -2.929162 6.973115
66.905 0.783998 -2.434075 -2.927417 6.990713
67.004 0.772160 -2.436644 -2.927417 7.002826
67.103 0.754847 -2.440416 -2.925671 7.020545
67.204 0.739969 -2.443575 -2.941379 7.035754
67.304 0.728277 -2.445874 -2.950106 7.047670
67.404 0.710965 -2.449083 -2.962323 7.065277
67.509 0.696588 -2.451452 -2.983267 7.079848
67.604 0.681955 -2.453523 -3.011193 7.094627
67.704 0.670218 -2.455146 -3.002466 7.106476
67.804 0.657429 -2.537430 -2.891779 7.189748
67.904 0.647869 -2.539846 -2.895445 7.199608
68.003 0.633350 -2.543430 -2.902775 7.214563
68.104 0.620702 -2.546375 -2.921974 7.227550
68.204 0.609938 -2.548679 -2.937682 7.238558
68.303 0.599090 -2.550716 -2.967352 7.249595
68.404 0.578418 -2.553921 -3.000688 7.270514
68.504 0.567130 -2.555421 -3.016570 7.281901
68.603 0.550384 -2.557343 -3.034373 7.298757
68.703 0.538985 -2.558462 -3.051826 7.310210
68.809 0.519337 -2.560046 -3.062473 7.329922
68.903 0.507576 -2.560955 -3.064392 7.341719
69.003 0.493002 -2.562072 -3.064392 7.356335
69.103 0.482426 -2.562872 -3.066138 7.366942
69.204 0.471125 -2.563726 -3.066138 7.378275
69.303 0.450346 -2.565297 -3.066138 7.399113
69.404 0.438327 -2.566206 -3.066138 7.411166
69.503 0.426191 -2.567123 -3.066138 7.423337
69.603 0.405828 -2.568725 -3.048684 7.443763
69.703 0.394526 -2.569963 -3.024250 7.455132
69.804 0.383202 -2.571435 -3.006797 7.466552
69.904 0.362983 -2.574221 -3.001211 7.486962
70.004 0.351534 -2.575883 -2.995976 7.498531
70.104 0.340840 -2.577585 -2.974857 7.509359
70.204 0.322297 -2.581016 -2.953564 7.528217
70.308 0.310727 -2.583292 -2.946408 7.540009
70.404 0.298903 -2.585656 -2.942743 7.552067
70.504 0.278785 -2.589754 -2.939078 7.572598
70.603 0.267378 -2.592144 -2.931922 7.584253
70.704 0.256131 -2.594644 -2.917959 7.595774
70.804 0.199325 -2.659110 -2.960564 7.681698
70.903 0.187441 -2.661241 -2.969640 7.693771
71.004 0.176227 -2.663103 -2.981857 7.705139
71.103 0.157058 -2.665706 -3.028981 7.724484
71.204 0.146344 -2.666720 -3.055161 7.735246
71.303 0.135390 -2.667808 -3.037708 7.746253
71.404 0.118785 -2.669637 -3.021825 7.762959
71.506 0.097880 -2.672576 -2.986744 7.784070
71.604 0.086164 -2.674544 -2.969116 7.795950
71.703 0.074547 -2.676670 -2.951488 7.807759
71.805 0.057489 -2.680119 -2.932290 7.825163
71.904 0.043842 -2.683326 -2.899129 7.839182
72.004 0.032683 -2.686305 -2.874694 7.850732
72.104 0.018435 -2.690212 -2.872949 7.865505
72.203 0.001675 -2.694868 -2.869458 7.882900
72.304 -0.009707 -2.698044 -2.869458 7.894717
72.403 -0.023910 -2.702039 -2.865967 7.909471
72.504 -0.040736 -2.706606 -2.888657 7.926906
72.604 -0.052375 -2.709500 -2.907855 7.938899
72.703 -0.067591 -2.712923 -2.928799 7.954495
72.803 -0.084872 -2.716673 -2.927054 7.972179
72.904 -0.096746 -2.719265 -2.925308 7.984332
73.007 -0.114047 -2.723072 -2.923563 8.002047
73.103 -0.122728 -2.724995 -2.923563 8.010939
73.203 -0.139764 -2.728800 -2.916582 8.028395
73.303 -0.155938 -2.732884 -2.881675 8.045076
73.404 -0.164469 -2.735227 -2.871203 8.053923
73.503 -0.181597 -2.739836 -2.883421 8.071660
73.603 -0.198139 -2.744117 -2.888657 8.088747
73.703 -0.211705 -2.747894 -2.864222 8.102829
73.803 -0.222709 -2.751148 -2.852005 8.114304
73.904 -0.240067 -2.756396 -2.845023 8.132438
74.003 -0.222495 -2.850678 -2.687583 8.228343
74.103 -0.235206 -2.857034 -2.673620 8.242554
74.203 -0.245024 -2.862137 -2.657912 8.253620
74.303 -0.256284 -2.867926 -2.671875 8.266281
74.403 -0.271796 -2.875697 -2.678856 8.283631
74.504 -0.281606 -2.880527 -2.685838 8.294565
74.603 -0.294302 -2.886674 -2.692819 8.308671
74.703 -0.309782 -2.894032 -2.703291 8.325811
74.804 -0.320267 -2.898918 -2.706781 8.337378
74.904 -0.338807 -2.907480 -2.713763 8.357800
75.006 -0.347986 -2.911642 -2.717253 8.367879
75.104 -0.359635 -2.916796 -2.727725 8.380617
75.204 -0.375237 -2.923481 -2.745179 8.397590
75.304 -0.385109 -2.927589 -2.750415 8.408283
75.404 -0.397147 -2.932491 -2.759141 8.421281
75.505 -0.413447 -2.938973 -2.766472 8.438822
75.604 -0.424453 -2.943270 -2.770137 8.450637
75.703 -0.435391 -2.947458 -2.779213 8.462350
75.804 -0.449015 -2.952570 -2.786543 8.476901
75.904 -0.465361 -2.958542 -2.795619 8.494304
76.004 -0.472619 -2.961171 -2.791954 8.502024
76.104 -0.476787 -2.962680 -2.795619 8.506456
76.204 -0.490381 -2.967518 -2.802949 8.520886
76.304 -0.499408 -2.970669 -2.810105 8.530447
76.403 -0.511246 -2.974536 -2.831223 8.542900
76.504 -0.526344 -2.979106 -2.859498 8.558675
76.604 -0.536707 -2.982047 -2.871890 8.569447
76.705 -0.550727 -2.985759 -2.887772 8.583950
76.805 -0.568512 -2.990216 -2.905749 8.602285
76.903 -0.579491 -2.992797 -2.914825 8.613563
77.003 -0.609258 -3.017786 -2.977574 8.652429
77.104 -0.630079 -3.031184 -3.061867 8.677188
77.203 -0.641441 -3.032128 -3.058201 8.688590
77.303 -0.660509 -3.033862 -3.047555 8.707736
77.407 -0.676873 -3.035505 -3.038479 8.724182
77.504 -0.683012 -3.036152 -3.036559 8.730355
77.604 -0.697875 -3.037774 -3.031149 8.745306
77.704 -0.714740 -3.039770 -3.020328 8.762289
77.804 -0.725449 -3.041106 -3.016662 8.773081
77.904 -0.741391 -3.043231 -2.998860 8.789164
78.004 -0.748757 -3.044315 -2.993275 8.796609
78.105 -0.757027 -3.045626 -2.980709 8.804983
78.204 -0.770280 -3.047881 -2.966397 8.818427
78.307 -0.778016 -3.049269 -2.962732 8.826286
78.404 -0.783089 -3.050186 -2.962732 8.831441
78.504 -0.784529 -3.050446 -2.962732 8.832905
78.604 -0.784510 -3.050443 -2.962732 8.832925
78.703 -0.784510 -3.050443 -2.962732 8.832925
78.804 -0.784510 -3.050443 -2.962732 8.832925
78.904 -0.784510 -3.050443 -2.962732 8.832925
79.004 -0.784510 -3.050443 -2.962732 8.832925
79.104 -0.784510 -3.050443 -2.962732 8.832925
79.204 -0.784529 -3.050446 -2.964652 8.832945
79.303 -0.784667 -3.050471 -2.964652 8.833085
79.403 -0.785002 -3.050530 -2.966397 8.833424
79.505 -0.785259 -3.050575 -2.970062 8.833685
79.603 -0.785377 -3.050595 -2.971982 8.833805
79.704 -0.785436 -3.050606 -2.973727 8.833865
79.803 -0.785358 -3.050592 -2.975647 8.833944
79.907 -0.785299 -3.050583 -2.977393 8.834004
80.012 -0.785022 -3.050537 -2.979312 8.834285
80.105 -0.798287 -3.085767 -3.011553 8.871930
80.204 -0.804102 -3.101614 -3.028697 8.888810
80.303 -0.804221 -3.101627 -3.032362 8.888930
80.403 -0.804281 -3.101633 -3.034282 8.888990
80.504 -0.804300 -3.101635 -3.036027 8.889010
80.604 -0.804320 -3.101638 -3.039692 8.889030
80.704 -0.804320 -3.101638 -3.039692 8.889030
80.804 -0.804360 -3.101641 -3.043357 8.889070
80.903 -0.804398 -3.101645 -3.047023 8.889107
81.004 -0.804477 -3.101653 -3.047023 8.889187
81.103 -0.804756 -3.101678 -3.050688 8.889468
81.204 -0.804916 -3.101693 -3.052608 8.889628
81.304 -0.805043 -3.101704 -3.056273 8.889755
81.403 -0.805473 -3.101740 -3.059938 8.890186
81.511 -0.805532 -3.101745 -3.061683 8.890246
81.603 -0.805795 -3.101766 -3.063603 8.890510
81.704 -0.805796 -3.101766 -3.067268 8.890511
81.804 -0.805796 -3.101766 -3.067268 8.890511
81.904 -0.805796 -3.101766 -3.069014 8.890511
82.028 -0.805796 -3.101766 -3.072679 8.890511
82.135 -0.805796 -3.101766 -3.072679 8.890511
82.206 -0.805876 -3.101771 -3.076344 8.890591
82.304 -0.805856 -3.101770 -3.078264 8.890611
82.404 -0.805776 -3.101765 -3.080009 8.890692
82.503 -0.805715 -3.101761 -3.083674 8.890752
82.622 -0.805736 -3.101762 -3.087340 8.890773
82.703 -0.805895 -3.101771 -3.087340 8.890932
82.804 -0.806075 -3.101780 -3.091005 8.891112
82.903 -0.806237 -3.101788 -3.092925 8.891274
83.004 -0.806393 -3.101796 -3.092925 8.891431
83.106 -0.806473 -3.101800 -3.092925 8.891511
83.204 -0.808415 -3.101893 -3.092925 8.893455
83.314 -0.822319 -3.100638 3.090352 8.907416
83.405 -0.834295 -3.100024 3.090352 8.919407
83.504 -0.841973 -3.099634 3.092272 8.927095
83.604 -0.850005 -3.099227 3.090352 8.935137
83.704 -0.864305 -3.098501 3.090352 8.949456
83.803 -0.871548 -3.098129 3.090352 8.956709
83.904 -0.881818 -3.097611 3.090352 8.966991
84.003 -0.893313 -3.097040 3.092272 8.978501
84.104 -0.900409 -3.096676 3.090352 8.985606
84.204 -0.912253 -3.096091 3.092272 8.997464
84.305 -0.922382 -3.095591 3.092272 9.007605
84.405 -0.931572 -3.095138 3.092272 9.016806
84.504 -0.939502 -3.094746 3.092272 9.024746
84.604 -0.951824 -3.094138 3.092272 9.037084
84.704 -0.959185 -3.093775 3.092272 9.044453
84.803 -0.971103 -3.093186 3.092272 9.056386
84.904 -0.980899 -3.092703 3.092272 9.066194
85.004 -0.988597 -3.092323 3.092272 9.073901
85.103 -0.998316 -3.091857 3.094017 9.083631
85.203 -1.010233 -3.091289 3.094017 9.095562
85.304 -1.017835 -3.090931 3.094017 9.103173
85.404 -1.027324 -3.090480 3.094017 9.112672
85.503 -1.039344 -3.089907 3.094017 9.124705
85.603 -1.046825 -3.089551 3.094017 9.132195
85.703 -1.055035 -3.089168 3.095937 9.140414
85.804 -1.068579 -3.088538 3.095937 9.153973
85.904 -1.076150 -3.088193 3.095937 9.161552
86.004 -1.088014 -3.087651 3.095937 9.173428
86.103 -1.096289 -3.087272 3.095937 9.181712
86.203 -1.105911 -3.086833 3.095937 9.191344
86.308 -1.121585 -3.086117 3.095937 9.207034
86.403 -1.125566 -3.085935 3.095937 9.211020
86.504 -1.157460 -3.138457 3.075227 9.272467
86.604 -1.169304 -3.137669 3.075227 9.284336
86.704 -1.175725 -3.137251 3.076972 9.290771
86.803 -1.177833 -3.137114 3.076972 9.292883
86.904 -1.177546 -3.137133 3.076972 9.293170
87.009 -1.177546 -3.137133 3.076972 9.293170
87.118 -1.177546 -3.137133 3.076972 9.293170
87.204 -1.177546 -3.137133 3.076972 9.293170
87.312 -1.177546 -3.137133 3.076972 9.293170
87.447 -1.177546 -3.137133 3.076972 9.293170
87.510 -1.177546 -3.137133 3.076972 9.293170
87.604 -1.177546 -3.137133 3.076972 9.293170
87.704 -1.177546 -3.137133 3.076972 9.293170
87.803 -1.177546 -3.137133 3.076972 9.293170
87.903 -1.177390 -3.137143 3.076972 9.293326
88.003 -1.177410 -3.137142 3.076972 9.293346
88.104 -1.177491 -3.137136 3.076972 9.293427
88.205 -1.177331 -3.137147 3.076972 9.293587
88.303 -1.177350 -3.137145 3.076972 9.293607
88.404 -1.177351 -3.137145 3.076972 9.293608
88.506 -1.177331 -3.137147 3.076972 9.293628
88.603 -1.177331 -3.137147 3.076972 9.293628
88.703 -1.177311 -3.137148 3.076972 9.293649
88.804 -1.177311 -3.137148 3.076972 9.293649
88.904 -1.177334 -3.137147 3.076972 9.293672
89.004 -1.177334 -3.137147 3.076972 9.293672
89.103 -1.177334 -3.137147 3.076972 9.293672
89.204 -1.177334 -3.137147 3.076972 9.293672
89.304 -1.177334 -3.137147 3.076972 9.293672
89.403 -1.176640 -3.140545 3.079163 9.297140
89.504 -1.174656 -3.149954 3.085268 9.306757
89.603 -1.174656 -3.149954 3.085268 9.306757
89.706 -1.174656 -3.149954 3.085268 9.306757
89.803 -1.174656 -3.149954 3.085268 9.306757
89.904 -1.174656 -3.149954 3.085268 9.306757
90.003 -1.174656 -3.149954 3.085268 9.306757
90.104 -1.174656 -3.149954 3.085268 9.306757
90.204 -1.174656 -3.149954 3.085268 9.306757
90.305 -1.174656 -3.149954 3.085268 9.306757
90.404 -1.174656 -3.149954 3.085268 9.306757
90.503 -1.174656 -3.149954 3.085268 9.306757
90.604 -1.174656 -3.149954 3.085268 9.306757
90.703 -1.174656 -3.149954 3.085268 9.306757
90.803 -1.174656 -3.149954 3.085268 9.306757
90.904 -1.174636 -3.149956 3.085268 9.306776
91.004 -1.174636 -3.149956 3.085268 9.306776
91.104 -1.174636 -3.149956 3.085268 9.306776
91.204 -1.174636 -3.149956 3.085268 9.306776
91.303 -1.174616 -3.149957 3.085268 9.306796
91.403 -1.174616 -3.149957 3.085268 9.306796
91.503 -1.174616 -3.149957 3.085268 9.306796
91.604 -1.174616 -3.149957 3.085268 9.306796
91.704 -1.174616 -3.149957 3.085268 9.306796
91.803 -1.174616 -3.149957 3.085268 9.306796
91.903 -1.174616 -3.149957 3.085268 9.306796
92.004 -1.174616 -3.149957 3.085268 9.306796
92.104 -1.174616 -3.149957 3.085268 9.306796
92.204 -1.174616 -3.149957 3.085268 9.306796
92.304 -1.174616 -3.149957 3.085268 9.306796
92.404 -1.174616 -3.149957 3.085268 9.306796
92.503 -1.174616 -3.149957 3.085268 9.306796
92.603 -1.173037 -3.151190 3.088401 9.308801
92.703 -1.173037 -3.151190 3.088401 9.308801
92.803 -1.173037 -3.151190 3.088401 9.308801
92.903 -1.173037 -3.151190 3.088401 9.308801
93.004 -1.173037 -3.151190 3.088401 9.308801
93.103 -1.173037 -3.151190 3.088401 9.308801
93.204 -1.173037 -3.151190 3.088401 9.308801
93.303 -1.173037 -3.151190 3.088401 9.308801
93.404 -1.173037 -3.151190 3.088401 9.308801
93.503 -1.173037 -3.151190 3.088401 9.308801
93.604 -1.173037 -3.151190 3.088401 9.308801
93.703 -1.173037 -3.151190 3.088401 9.308801
93.804 -1.173037 -3.151190 3.088401 9.308801
93.903 -1.173037 -3.151190 3.088401 9.308801
94.005 -1.173037 -3.151190 3.088401 9.308801
94.104 -1.173037 -3.151190 3.088401 9.308801
94.204 -1.173037 -3.151190 3.088401 9.308801
94.303 -1.173037 -3.151190 3.088401 9.308801
94.403 -1.173037 -3.151190 3.088401 9.308801
94.503 -1.173037 -3.151190 3.088401 9.308801
94.604 -1.173037 -3.151190 3.088401 9.308801
94.704 -1.173037 -3.151190 3.088401 9.308801
94.805 -1.173037 -3.151190 3.088401 9.308801
94.903 -1.173037 -3.151190 3.088401 9.308801
95.004 -1.173037 -3.151190 3.088401 9.308801
95.104 -1.173037 -3.151190 3.088401 9.308801
95.203 -1.173037 -3.151190 3.088401 9.308801
95.304 -1.173037 -3.151190 3.088401 9.308801
95.403 -1.173037 -3.151190 3.088401 9.308801
95.503 -1.173037 -3.151190 3.088401 9.308801
95.604 -1.173037 -3.149648 3.088401 9.310343
95.703 -1.173037 -3.149628 3.088401 9.310363
95.803 -1.173037 -3.149628 3.088401 9.310363
95.903 -1.173037 -3.149628 3.088401 9.310363
96.004 -1.173037 -3.149628 3.088401 9.310363
96.103 -1.173037 -3.149628 3.088401 9.310363
96.203 -1.173037 -3.149628 3.088401 9.310363
96.303 -1.173037 -3.149628 3.088401 9.310363
96.403 -1.173037 -3.149628 3.088401 9.310363
96.503 -1.173037 -3.149628 3.088401 9.310363
96.604 -1.173037 -3.149628 3.088401 9.310363
96.703 -1.173037 -3.149628 3.088401 9.310363
96.803 -1.173037 -3.149628 3.088401 9.310363
96.903 -1.173037 -3.149628 3.088401 9.310363
97.003 -1.173037 -3.149628 3.088401 9.310363
97.103 -1.173037 -3.149628 3.088401 9.310363
97.203 -1.173037 -3.149628 3.088401 9.310363
97.304 -1.173037 -3.149628 3.088401 9.310363
97.403 -1.173037 -3.149628 3.088401 9.310363
97.503 -1.173037 -3.149628 3.088401 9.310363
97.604 -1.173037 -3.149628 3.088401 9.310363
97.703 -1.173037 -3.149628 3.088401 9.310363
97.803 -1.173037 -3.149628 3.088401 9.310363
97.906 -1.173037 -3.149628 3.088401 9.310363
98.003 -1.173037 -3.149628 3.088401 9.310363
98.103 -1.173037 -3.149628 3.088401 9.310363
98.203 -1.173037 -3.149628 3.088401 9.310363
98.303 -1.173037 -3.149628 3.088401 9.310363
98.403 -1.173037 -3.149628 3.088401 9.310363
98.503 -1.173057 -3.149627 3.088401 9.310383
98.604 -1.173057 -3.149627 3.088401 9.310383
98.703 -1.173113 -3.149552 3.088401 9.310477
98.803 -1.174599 -3.148065 3.088401 9.312579
98.903 -1.174599 -3.148065 3.088401 9.312579
99.004 -1.174599 -3.148065 3.088401 9.312579
99.103 -1.174599 -3.148065 3.088401 9.312579
99.204 -1.174599 -3.148065 3.088401 9.312579
99.304 -1.174599 -3.148065 3.088401 9.312579
99.403 -1.174599 -3.148065 3.088401 9.312579
99.503 -1.174599 -3.148065 3.088401 9.312579
99.604 -1.174599 -3.148065 3.088401 9.312579
99.703 -1.174599 -3.148065 3.088401 9.312579
99.804 -1.174599 -3.148065 3.088401 9.312579
99.903 -1.174599 -3.148065 3.088401 9.312579
100.004 -1.174599 -3.148065 3.088401 9.312579
100.103 -1.174599 -3.148065 3.088401 9.312579
100.206 -1.174599 -3.148065 3.088401 9.312579
