# t_sec x y yaw_rad cum_dist_m
0.107 0.001565 -0.002219 0.006250 0.000000
0.207 0.001565 -0.002219 0.011486 0.000000
0.308 0.001345 -0.002224 0.030685 0.000221
0.407 0.001839 -0.002199 0.056865 0.000715
0.508 0.001517 -0.002241 0.116380 0.001040
0.607 0.001674 -0.002220 0.130168 0.001199
0.707 0.002348 -0.002123 0.158094 0.001880
0.807 0.001994 -0.002188 0.191255 0.002239
0.907 0.002232 -0.002130 0.231397 0.002485
1.007 0.002192 -0.002143 0.261068 0.002527
1.107 0.002265 -0.002116 0.309937 0.002605
1.207 0.002401 -0.002071 0.330881 0.002748
1.307 0.002307 -0.002105 0.357061 0.002848
1.409 0.002699 -0.001940 0.407850 0.003274
1.507 0.002589 -0.001991 0.432285 0.003396
1.607 0.002411 -0.002075 0.454974 0.003593
1.707 0.002961 -0.001790 0.493371 0.004212
1.807 0.002873 -0.001842 0.535259 0.004314
1.907 0.002998 -0.001764 0.556203 0.004461
2.007 0.003142 -0.001676 0.591110 0.004630
2.107 0.003126 -0.001678 0.634743 0.004646
2.228 0.003448 -0.001437 0.652196 0.005048
2.307 0.001375 -0.001321 0.693519 0.007124
2.407 -0.010333 0.000517 0.736476 0.018976
2.507 -0.010204 0.000638 0.762656 0.019152
2.607 -0.010152 0.000691 0.804718 0.019226
2.711 -0.010179 0.000661 0.839799 0.019266
2.807 -0.010208 0.000627 0.855507 0.019311
2.907 -0.009811 0.001110 0.902631 0.019936
3.008 -0.009968 0.000903 0.928811 0.020196
3.109 -0.010040 0.000804 0.951500 0.020318
3.207 -0.009716 0.001297 1.000369 0.020908
3.309 -0.009781 0.001194 1.028120 0.021031
3.414 -0.009808 0.001150 1.064947 0.021082
3.507 -0.009859 0.001052 1.092872 0.021193
3.610 -0.009653 0.001485 1.145232 0.021672
3.707 -0.009522 0.001781 1.171412 0.021996
3.809 -0.009720 0.001294 1.199337 0.022522
3.907 -0.009638 0.001520 1.225517 0.022762
4.010 -0.009558 0.001745 1.263914 0.023001
4.108 -0.009649 0.001440 1.304057 0.023320
4.207 -0.009570 0.001752 1.331982 0.023642
4.308 -0.001982 -0.014746 1.398374 0.041801
4.420 0.003532 -0.026816 1.443360 0.055071
4.508 0.003569 -0.026516 1.471285 0.055373
4.607 0.003525 -0.027073 1.518409 0.055931
4.713 0.003557 -0.026072 1.549825 0.056932
4.807 0.003557 -0.026321 1.574259 0.057181
4.907 0.003560 -0.026580 1.624874 0.057440
5.007 0.003511 -0.025899 1.654545 0.058124
5.123 0.003533 -0.026076 1.684215 0.058303
5.207 0.003471 -0.025680 1.725929 0.058704
5.307 0.003482 -0.025739 1.752458 0.058765
5.407 0.003454 -0.025615 1.785793 0.058892
5.507 0.013149 -0.039447 1.809508 0.075784
5.609 0.013330 -0.040142 1.847905 0.076502
5.707 0.013218 -0.039763 1.860122 0.076897
5.807 0.013136 -0.039470 1.907246 0.077201
5.907 0.013232 -0.039736 1.933426 0.077483
6.007 0.013173 -0.039587 1.968332 0.077643
6.107 0.013156 -0.039551 2.010220 0.077684
6.207 0.013051 -0.039334 2.038146 0.077924
6.307 0.013141 -0.039488 2.080034 0.078102
6.408 0.012965 -0.039192 2.106213 0.078447
6.507 0.012840 -0.038986 2.135884 0.078688
6.610 0.012981 -0.039199 2.162064 0.078943
6.707 0.012854 -0.039023 2.193480 0.079160
6.815 0.012817 -0.038975 2.223151 0.079221
6.907 0.012498 -0.038589 2.277256 0.079721
7.009 0.019772 -0.031303 2.315532 0.090018
7.107 0.020336 -0.031889 2.346948 0.090831
7.207 0.020081 -0.031636 2.367892 0.091190
7.307 0.020233 -0.031769 2.408034 0.091392
7.407 0.019992 -0.031564 2.449922 0.091708
7.507 0.019794 -0.031407 2.474357 0.091960
7.608 0.020153 -0.031672 2.514500 0.092406
7.707 0.019543 -0.031249 2.547661 0.093148
7.807 0.019594 -0.031282 2.577331 0.093209
7.907 0.019622 -0.031304 2.619219 0.093245
8.007 0.019488 -0.031228 2.654126 0.093399
8.107 0.019507 -0.031235 2.682051 0.093419
8.207 0.019360 -0.031172 2.723939 0.093579
8.307 0.019065 -0.031050 2.758846 0.093898
8.407 0.019758 -0.031316 2.786771 0.094640
8.507 0.019398 -0.031192 2.828659 0.095020
8.610 0.019528 -0.031229 2.865311 0.095155
8.707 -0.002758 -0.041138 2.880271 0.119544
8.807 -0.005829 -0.042626 2.925330 0.122957
8.907 -0.005652 -0.042664 2.955175 0.123138
9.007 -0.005716 -0.042653 2.990082 0.123202
9.107 -0.005587 -0.042668 3.018007 0.123331
9.207 -0.006035 -0.042630 3.059895 0.123782
9.307 -0.006196 -0.042620 3.089565 0.123942
9.407 -0.006054 -0.042625 3.131453 0.124084
9.507 -0.006920 -0.042636 -3.116825 0.124950
9.607 -0.006231 -0.042603 -3.081919 0.125639
9.707 -0.006064 -0.042592 -3.054168 0.125806
9.809 -0.006778 -0.042666 -3.013677 0.126524
9.907 -0.006344 -0.042601 -2.984006 0.126963
10.007 -0.006490 -0.042632 -2.952590 0.127112
10.109 -0.003658 -0.037854 -2.913064 0.132666
10.207 0.003485 -0.026452 -2.887256 0.146122
10.307 0.003348 -0.026489 -2.857586 0.146264
10.408 0.003826 -0.026338 -2.815698 0.146765
10.510 0.003318 -0.026518 -2.782537 0.147304
10.607 0.003408 -0.026482 -2.765083 0.147401
10.710 0.003110 -0.026629 -2.710978 0.147733
10.807 0.002963 -0.026699 -2.695270 0.147896
10.908 0.003300 -0.026528 -2.656873 0.148274
11.007 0.002950 -0.026721 -2.627202 0.148675
11.107 0.003314 -0.026506 -2.602768 0.149098
11.211 0.003128 -0.026622 -2.573097 0.149317
11.308 0.002710 -0.026896 -2.545172 0.149816
11.408 0.002944 -0.026736 -2.531209 0.150099
11.507 0.002973 -0.026715 -2.498048 0.150135
11.607 0.002684 -0.026939 -2.449179 0.150500
11.707 0.002874 -0.026777 -2.428060 0.150750
11.807 0.002796 -0.026848 -2.410432 0.150855
11.907 0.019766 -0.011992 -2.332885 0.173409
12.037 0.055693 0.019578 -2.251955 0.221235
12.112 0.055531 0.019371 -2.229266 0.221498
12.208 0.055616 0.019490 -2.187378 0.221644
12.314 0.055549 0.019387 -2.135018 0.221766
12.407 0.055528 0.019353 -2.124546 0.221807
12.507 0.055579 0.019438 -2.096446 0.221907
12.607 0.055524 0.019338 -2.052813 0.222021
12.732 0.055468 0.019231 -2.015812 0.222142
12.807 0.055409 0.019104 -2.008830 0.222281
12.910 0.055503 0.019319 -1.958216 0.222516
13.010 0.055343 0.018899 -1.917899 0.222966
13.107 0.055447 0.019201 -1.897129 0.223285
13.210 0.055496 0.019350 -1.858383 0.223442
13.307 0.055341 0.018785 -1.827142 0.224027
13.407 0.057320 0.029409 -1.768347 0.234834
13.507 0.060928 0.048801 -1.702393 0.254559
13.607 0.060895 0.048523 -1.676213 0.254839
13.707 0.060902 0.048591 -1.637816 0.254907
13.807 0.060873 0.047880 -1.595928 0.255618
13.907 0.060880 0.048417 -1.574984 0.256155
14.007 0.060883 0.048335 -1.543568 0.256238
14.107 0.060881 0.048145 -1.496444 0.256428
14.207 0.060845 0.048562 -1.473755 0.256846
14.307 0.060934 0.047826 -1.445830 0.257588
14.407 0.060960 0.047598 -1.396961 0.257817
14.510 0.060939 0.047726 -1.367290 0.257947
14.607 0.061038 0.047265 -1.346346 0.258418
14.710 0.060904 0.047770 -1.299222 0.258940
14.807 0.061115 0.047076 -1.269552 0.259665
14.910 0.061140 0.046990 -1.238136 0.259754
15.007 0.061121 0.047064 -1.194503 0.259830
15.109 0.061261 0.046576 -1.164718 0.260338
15.210 0.035670 0.053979 -1.091686 0.286979
15.307 0.035936 0.053491 -1.056779 0.287535
15.430 0.035704 0.053873 -1.016637 0.287981
15.507 0.035789 0.053740 -0.995693 0.288139
15.607 0.036004 0.053426 -0.955550 0.288520
15.707 0.035685 0.053859 -0.924134 0.289057
15.807 0.035761 0.053764 -0.897954 0.289178
15.907 0.035887 0.053611 -0.856066 0.289376
16.007 0.036091 0.053386 -0.828141 0.289680
16.108 0.035915 0.053562 -0.780843 0.289929
16.211 0.035843 0.053635 -0.756408 0.290031
16.307 0.036042 0.053451 -0.733893 0.290302
16.407 0.036419 0.053125 -0.700732 0.290800
16.507 0.036401 0.053135 -0.648372 0.290820
16.607 0.036430 0.053112 -0.620447 0.290857
16.716 0.036371 0.053155 -0.592522 0.290930
16.807 0.017323 0.011786 -0.519666 0.336473
16.907 0.017164 0.011873 -0.489996 0.336654
17.010 0.017238 0.011838 -0.446363 0.336736
17.107 0.017758 0.011591 -0.411456 0.337312
17.207 0.017130 0.011854 -0.392257 0.337993
17.307 0.017677 0.011658 -0.346879 0.338573
17.408 0.017639 0.011669 -0.315463 0.338612
17.507 0.017257 0.011787 -0.289283 0.339012
17.607 0.017430 0.011743 -0.242159 0.339191
17.707 0.017605 0.011702 -0.214234 0.339371
17.812 0.017663 0.011692 -0.177407 0.339429
17.907 0.017167 0.011766 -0.140755 0.339931
18.007 0.017491 0.011728 -0.114575 0.340258
18.109 0.018067 0.011670 -0.086650 0.340836
18.207 -0.013937 0.005542 -0.037332 0.373421
18.307 -0.013617 0.005536 -0.014643 0.373742
18.415 -0.012775 0.005540 0.016773 0.374584
18.507 -0.012976 0.005537 0.015028 0.374784
18.607 -0.012976 0.005537 0.015028 0.374784
18.707 -0.012976 0.005537 0.015028 0.374784
18.807 -0.012976 0.005537 0.015028 0.374784
18.907 -0.012976 0.005537 0.015028 0.374784
19.007 -0.012976 0.005537 0.015028 0.374784
19.107 -0.012976 0.005537 0.015028 0.374784
19.207 -0.012976 0.005537 0.015028 0.374784
19.307 -0.012976 0.005537 0.015028 0.374784
19.408 -0.012976 0.005537 0.015028 0.374784
19.540 -0.012976 0.005537 0.015028 0.374784
19.607 -0.012976 0.005537 0.015028 0.374784
19.707 -0.012976 0.005537 0.015028 0.374784
19.807 -0.012976 0.005537 0.015028 0.374784
19.912 -0.012976 0.005537 0.015028 0.374784
20.018 -0.012976 0.005537 0.015028 0.374784
20.107 -0.012976 0.005537 0.015028 0.374784
20.207 -0.012976 0.005537 0.015028 0.374784
20.307 -0.012976 0.005537 0.015028 0.374784
20.407 -0.012976 0.005537 0.015028 0.374784
20.508 -0.012857 0.005539 0.015028 0.374903
20.618 -0.009146 0.005522 -0.007661 0.378614
20.707 -0.001797 0.005247 -0.054785 0.385968
20.807 0.014900 0.003414 -0.147288 0.402766
20.907 0.026353 0.001328 -0.197728 0.414406
21.009 0.038528 -0.001486 -0.243281 0.426903
21.107 0.057797 -0.007142 -0.316585 0.446985
21.207 0.068800 -0.011036 -0.354982 0.458657
21.307 0.079649 -0.015386 -0.398615 0.470345
21.407 0.175918 -0.012392 -0.599989 0.566661
21.507 0.184421 -0.018537 -0.640131 0.577152
21.607 0.192608 -0.024915 -0.673292 0.587531
21.707 0.206751 -0.036845 -0.723907 0.606032
21.809 0.217795 -0.047166 -0.769286 0.621149
21.907 0.221084 -0.050418 -0.783074 0.625774
22.010 0.232395 -0.062240 -0.823216 0.642136
22.107 0.237230 -0.067597 -0.842764 0.649352
22.207 0.242889 -0.074177 -0.868944 0.658031
22.307 0.254742 -0.088814 -0.905770 0.676865
22.407 0.264890 -0.102284 -0.940851 0.693730
22.507 0.281209 -0.083211 -0.935926 0.718832
22.614 0.286890 -0.090993 -0.943256 0.728468
22.707 0.292991 -0.099586 -0.957568 0.739006
22.807 0.304016 -0.115612 -0.982351 0.758458
22.909 0.310018 -0.124865 -0.999805 0.769487
23.007 0.316172 -0.134704 -1.020749 0.781092
23.108 0.326256 -0.151968 -1.062637 0.801086
23.218 0.331737 -0.162005 -1.074854 0.812522
23.307 0.336842 -0.171602 -1.087071 0.823392
23.407 0.345650 -0.189051 -1.120232 0.842938
23.507 0.350697 -0.199856 -1.139431 0.854864
23.608 0.355564 -0.211011 -1.170847 0.867034
23.707 0.362426 -0.227473 -1.177828 0.884869
23.807 0.369343 -0.244554 -1.198772 0.903297
23.907 0.372306 -0.252282 -1.205754 0.911574
24.007 0.378357 -0.268966 -1.230188 0.929322
24.110 0.385290 -0.288730 -1.235424 0.950266
24.207 0.388886 -0.299563 -1.259859 0.961680
24.307 0.392442 -0.310798 -1.266840 0.973465
24.407 0.395933 -0.322358 -1.286039 0.985540
24.507 0.401518 -0.341964 -1.296511 1.005927
24.607 0.404736 -0.353458 -1.300001 1.017862
24.707 0.407861 -0.364774 -1.303492 1.029602
24.807 0.413000 -0.384314 -1.319200 1.049807
24.907 0.425527 -0.397890 -1.346556 1.068279
25.007 0.469077 -0.418412 -1.418201 1.116422
25.107 0.471897 -0.438438 -1.437400 1.136645
25.225 0.474177 -0.456133 -1.451362 1.154487
25.308 0.474746 -0.461018 -1.454853 1.159405
25.407 0.476164 -0.473876 -1.465325 1.172340
25.507 0.477953 -0.490820 -1.467070 1.189379
25.607 0.479138 -0.502204 -1.467070 1.200824
25.716 0.480676 -0.516908 -1.467070 1.215608
25.807 0.482356 -0.533670 -1.475797 1.232454
25.908 0.483454 -0.545354 -1.477542 1.244190
26.007 0.485142 -0.563855 -1.481033 1.262768
26.112 0.486086 -0.574552 -1.482778 1.273506
26.207 0.487084 -0.586194 -1.486269 1.285191
26.307 0.488743 -0.606184 -1.489759 1.305250
26.407 0.489628 -0.617384 -1.493250 1.316485
26.520 0.490502 -0.628824 -1.494995 1.327958
26.607 0.491716 -0.645461 -1.500231 1.344639
26.707 0.492652 -0.659301 -1.507213 1.358511
26.807 0.493515 -0.675577 -1.522921 1.374810
26.909 0.493935 -0.686793 -1.545610 1.386034
27.007 0.493887 -0.697834 -1.589243 1.397075
27.107 0.492804 -0.716516 -1.648584 1.415788
27.207 0.491985 -0.726228 -1.659056 1.425534
27.312 0.491131 -0.735379 -1.666038 1.434726
27.407 0.490113 -0.745620 -1.671274 1.445017
27.508 0.488863 -0.757781 -1.674764 1.457242
27.615 0.487450 -0.769784 -1.706006 1.469327
27.707 0.486483 -0.776385 -1.720317 1.476000
27.807 0.484119 -0.790242 -1.760635 1.490057
27.910 0.482514 -0.797826 -1.788560 1.497809
28.007 0.479452 -0.812009 -1.783149 1.512318
28.107 0.477120 -0.822825 -1.783149 1.523383
28.210 0.507078 -0.856654 -1.856669 1.568570
28.307 0.508540 -0.872774 -1.867563 1.584755
28.409 0.503792 -0.888474 -1.862153 1.601157
28.507 0.500648 -0.899014 -1.858488 1.612157
28.607 0.496808 -0.912080 -1.854822 1.625776
28.707 0.492618 -0.927179 -1.821487 1.641446
28.807 0.490675 -0.935319 -1.793561 1.649814
28.907 0.489021 -0.943357 -1.762145 1.658020
29.007 0.486025 -0.959221 -1.762145 1.674165
29.107 0.484311 -0.967963 -1.765636 1.683073
29.210 0.481930 -0.979694 -1.776108 1.695043
29.307 0.479119 -0.991750 -1.821487 1.707423
29.407 0.477400 -0.998025 -1.847667 1.713929
29.507 0.473180 -1.011392 -1.893045 1.727946
29.607 0.470380 -1.020093 -1.880653 1.737086
29.707 0.468200 -1.027007 -1.871752 1.744336
29.807 0.466703 -1.032796 -1.775759 1.750315
29.907 0.466184 -1.035825 -1.718163 1.753388
30.007 0.466020 -1.036905 -1.716418 1.754481
30.107 0.466040 -1.036768 -1.712927 1.754620
30.207 0.466015 -1.036949 -1.709436 1.754803
30.307 0.465971 -1.037268 -1.709436 1.755124
30.407 0.465968 -1.037287 -1.709436 1.755144
30.507 0.465968 -1.037287 -1.709436 1.755144
30.607 0.497410 -1.040143 -1.630447 1.786715
30.707 0.500674 -1.040046 -1.622021 1.789981
30.811 0.500674 -1.040046 -1.622021 1.789981
30.907 0.500674 -1.040046 -1.622021 1.789981
31.007 0.500674 -1.040046 -1.622021 1.789981
31.107 0.500674 -1.040046 -1.622021 1.789981
31.207 0.500674 -1.040046 -1.622021 1.789981
31.307 0.500674 -1.040046 -1.622021 1.789981
31.411 0.500674 -1.040046 -1.622021 1.789981
31.507 0.500674 -1.040046 -1.622021 1.789981
31.607 0.500674 -1.040046 -1.622021 1.789981
31.707 0.500674 -1.040046 -1.622021 1.789981
31.814 0.500674 -1.040046 -1.622021 1.789981
31.907 0.500674 -1.040046 -1.622021 1.789981
32.007 0.500674 -1.040046 -1.622021 1.789981
32.107 0.500674 -1.040046 -1.622021 1.789981
32.210 0.500674 -1.040046 -1.622021 1.789981
32.307 0.500674 -1.040046 -1.622021 1.789981
32.407 0.500674 -1.040046 -1.622021 1.789981
32.507 0.500674 -1.040046 -1.622021 1.789981
32.607 0.500674 -1.040046 -1.622021 1.789981
32.707 0.500674 -1.040046 -1.622021 1.789981
32.807 0.500674 -1.040046 -1.622021 1.789981
32.907 0.500674 -1.040046 -1.622021 1.789981
33.007 0.500708 -1.038629 -1.576642 1.791399
33.107 0.500688 -1.037862 -1.527773 1.792166
33.207 0.500640 -1.036485 -1.396873 1.793544
33.307 0.501198 -1.038917 -1.313097 1.796040
33.407 0.501963 -1.041291 -1.225831 1.798533
33.508 0.506080 -1.049992 -1.075732 1.808159
33.607 0.509723 -1.055924 -0.991957 1.815121
33.707 0.512512 -1.032983 -0.881641 1.838231
33.808 0.522947 -1.021469 -0.727256 1.853769
33.907 0.533156 -1.029892 -0.667915 1.867004
34.007 0.544667 -1.038302 -0.610319 1.881259
34.110 0.562080 -1.069814 -0.510839 1.917263
34.207 0.570751 -1.105580 -0.449758 1.954065
34.307 0.582204 -1.110600 -0.392162 1.966570
34.410 0.600748 -1.117057 -0.296169 1.986206
34.507 0.611907 -1.120079 -0.247299 1.997766
34.608 0.628615 -1.123493 -0.168760 2.014821
34.707 0.639632 -1.125016 -0.116400 2.025942
34.807 0.650810 -1.126012 -0.076257 2.037165
34.907 0.665795 -1.126723 -0.034195 2.052166
35.039 0.682940 -1.126402 0.031953 2.069314
35.107 0.728019 -1.128511 0.062756 2.114442
35.209 0.737493 -1.127699 0.099408 2.123951
35.307 0.751642 -1.125815 0.153513 2.138225
35.407 0.763980 -1.123548 0.202383 2.150769
35.512 0.773057 -1.121462 0.240954 2.160083
35.607 0.785720 -1.118106 0.273941 2.173183
35.707 0.801299 -1.113372 0.308848 2.189466
35.808 0.811320 -1.110041 0.333282 2.200026
35.914 0.831018 -1.131665 0.346348 2.229277
36.008 0.845902 -1.125925 0.376019 2.245229
36.107 0.856696 -1.121504 0.396963 2.256893
36.207 0.873107 -1.114423 0.414416 2.274767
36.307 0.886031 -1.108470 0.440596 2.288996
36.407 0.895916 -1.103673 0.458049 2.299984
36.507 0.907849 -1.097601 0.473757 2.313373
36.608 0.923016 -1.089758 0.478993 2.330447
36.707 0.933226 -1.084438 0.482484 2.341961
36.807 0.946177 -1.077620 0.485975 2.356596
36.909 0.961253 -1.069600 0.489465 2.373673
37.007 0.971402 -1.064182 0.491211 2.385177
37.107 0.981312 -1.058875 0.492956 2.396419
37.216 0.999285 -1.049173 0.499937 2.416844
37.307 1.009479 -1.043562 0.503603 2.428479
37.407 1.015844 -1.040068 0.499937 2.435741
37.507 1.025422 -1.034929 0.491211 2.446610
37.607 1.035187 -1.029711 0.489465 2.457682
37.707 1.048444 -1.022679 0.487720 2.472688
37.807 1.063841 -1.014540 0.485975 2.490104
37.907 1.073781 -1.009300 0.484229 2.501341
38.013 1.094010 -0.998751 0.477248 2.524155
38.107 1.101797 -0.994742 0.475503 2.532914
38.208 1.116996 -0.986948 0.472012 2.549994
38.307 1.121810 -0.984496 0.470267 2.555397
38.407 1.138112 -0.976296 0.463285 2.573645
38.509 1.148429 -0.971167 0.459620 2.585167
38.608 1.159113 -0.965935 0.454384 2.597063
38.707 1.177047 -0.957248 0.449148 2.616990
38.807 1.187445 -0.952252 0.445658 2.628527
38.907 1.197811 -0.947322 0.443912 2.640005
39.007 1.216291 -0.938612 0.436931 2.660435
39.107 1.214161 -0.872588 0.387682 2.726493
39.207 1.222997 -0.869003 0.384017 2.736028
39.310 1.238182 -0.862889 0.380352 2.752398
39.407 1.253550 -0.856771 0.376861 2.768938
39.519 1.267332 -0.851338 0.373370 2.783753
39.607 1.278055 -0.847143 0.371625 2.795267
39.709 1.296630 -0.839975 0.364644 2.815177
39.807 1.305953 -0.836421 0.362898 2.825155
39.907 1.316115 -0.832382 0.390824 2.836090
40.007 1.329904 -0.826463 0.422240 2.851096
40.107 1.345560 -0.818973 0.464128 2.868450
40.207 1.358929 -0.811913 0.500779 2.883570
40.310 1.374361 -0.803693 0.485072 2.901054
40.407 1.379258 -0.801128 0.481581 2.906582
40.507 1.397849 -0.791612 0.462382 2.927468
40.607 1.407848 -0.786834 0.436028 2.938550
40.709 1.417034 -0.782636 0.425381 2.948649
40.807 1.428835 -0.777465 0.406008 2.961533
40.907 1.439184 -0.773128 0.388555 2.972755
41.010 1.454874 -0.767104 0.351903 2.989561
41.107 1.464979 -0.763528 0.336195 3.000280
41.213 1.474650 -0.760256 0.320487 3.010490
41.307 1.492469 -0.754426 0.329214 3.029238
41.407 1.503646 -0.750464 0.350158 3.041097
41.507 1.514832 -0.746176 0.378083 3.053076
41.607 1.533596 -0.738110 0.426952 3.073500
41.710 1.543664 -0.733267 0.461859 3.084673
41.812 1.551866 -0.728941 0.496765 3.093946
41.909 1.570907 -0.717584 0.570069 3.116117
42.007 1.574985 -0.714899 0.587522 3.120999
42.107 1.582066 -0.709989 0.615448 3.129616
42.207 1.592806 -0.701988 0.662571 3.143009
42.307 1.596334 -0.688383 0.693499 3.157063
42.407 1.585274 -0.629871 0.716159 3.216612
42.515 1.595386 -0.620758 0.747575 3.230224
42.607 1.601238 -0.615147 0.772010 3.238331
42.707 1.606798 -0.609613 0.787892 3.246176
42.807 1.608609 -0.607837 0.744259 3.248713
42.907 1.608547 -0.607896 0.718079 3.248798
43.007 1.608683 -0.607780 0.665719 3.248977
43.119 1.609599 -0.607076 0.658738 3.250132
43.207 1.613429 -0.604093 0.664148 3.254987
43.307 1.618399 -0.600102 0.688932 3.261360
43.407 1.629831 -0.589964 0.748273 3.276640
43.507 1.637057 -0.582814 0.797142 3.286806
43.607 1.645993 -0.573034 0.851073 3.300053
43.707 1.656566 -0.559972 0.915825 3.316859
43.808 1.663357 -0.550658 0.959458 3.328386
43.907 1.669795 -0.540925 1.001346 3.340054
44.009 1.662842 -0.513664 1.100444 3.368188
44.108 1.667813 -0.503293 1.138841 3.379690
44.210 1.672194 -0.493269 1.168512 3.390629
44.314 1.679465 -0.474890 1.215461 3.410394
44.407 1.681884 -0.468115 1.234835 3.417588
44.507 1.684893 -0.459097 1.255778 3.427095
44.607 1.689058 -0.445586 1.281958 3.441233
44.707 1.693723 -0.428928 1.308138 3.458532
44.807 1.696332 -0.418700 1.325592 3.469087
44.907 1.699327 -0.405955 1.348281 3.482180
45.007 1.707855 -0.388564 1.377033 3.501549
45.110 1.732788 -0.368327 1.373418 3.533661
45.207 1.734427 -0.359924 1.380400 3.542222
45.317 1.738251 -0.338301 1.411816 3.564181
45.407 1.739055 -0.333233 1.415306 3.569312
45.507 1.741553 -0.314551 1.457194 3.588160
45.607 1.742794 -0.302655 1.472902 3.600120
45.707 1.743759 -0.290782 1.495591 3.612033
45.807 1.744850 -0.271660 1.527007 3.631187
45.908 1.745175 -0.260403 1.556678 3.642448
46.007 1.745087 -0.248955 1.593155 3.653896
46.107 1.743880 -0.228754 1.654242 3.674133
46.207 1.742647 -0.216864 1.687578 3.686087
46.307 1.741048 -0.205495 1.722484 3.697568
46.410 1.737705 -0.186708 1.762627 3.716651
46.508 1.735404 -0.176037 1.794217 3.727566
46.608 1.732475 -0.164388 1.829124 3.739578
46.710 1.727090 -0.146219 1.879738 3.758528
46.811 1.723458 -0.135284 1.900682 3.770051
46.907 1.719649 -0.124817 1.932098 3.781189
47.007 1.713148 -0.108698 1.970495 3.798570
47.107 1.668719 -0.098699 2.049907 3.844110
47.207 1.664637 -0.091041 2.067361 3.852788
47.309 1.655880 -0.074856 2.067361 3.871190
47.407 1.648892 -0.061994 2.067361 3.885828
47.507 1.642873 -0.050822 2.063870 3.898517
47.611 1.635324 -0.036635 2.056889 3.914588
47.707 1.631349 -0.029026 2.049907 3.923173
47.809 1.623673 -0.014008 2.037690 3.940039
47.910 1.617296 -0.001056 2.020237 3.954476
48.009 1.609847 0.014737 2.008019 3.971937
48.112 1.605110 0.025019 1.997547 3.983258
48.212 1.598954 0.038828 1.983585 3.998377
48.307 1.596225 0.045171 1.974858 4.005282
48.407 1.589178 0.061827 1.964037 4.023368
48.508 1.583490 0.075640 1.958452 4.038306
48.607 1.579164 0.086162 1.965433 4.049683
48.707 1.572155 0.102960 1.967353 4.067885
48.807 1.567491 0.114030 1.971018 4.079897
48.908 1.560403 0.130560 1.981839 4.097882
49.010 1.553559 0.146222 1.985330 4.114974
49.107 1.551013 0.152010 1.985330 4.121298
49.207 1.543021 0.170172 1.985330 4.141140
49.307 1.538683 0.180029 1.985330 4.151909
49.408 1.531831 0.195427 1.994057 4.168764
49.507 1.529933 0.199641 1.994057 4.173385
49.607 1.527941 0.204217 1.936286 4.178375
49.707 1.528000 0.204031 1.866473 4.178570
49.811 1.527889 0.204467 1.787933 4.179020
49.907 1.527927 0.204168 1.651972 4.179321
50.007 1.527932 0.204247 1.517582 4.179400
50.107 1.527909 0.204101 1.453005 4.179549
50.208 1.527891 0.203913 1.355266 4.179738
50.307 1.480751 0.249376 1.116517 4.245228
50.407 1.480694 0.249280 1.055256 4.245339
50.507 1.480653 0.249210 1.022269 4.245421
50.607 1.480732 0.249326 0.954201 4.245561
50.707 1.480560 0.249098 0.926276 4.245847
50.807 1.480164 0.248571 0.929767 4.246506
50.907 1.480093 0.248474 0.929767 4.246627
51.007 1.480093 0.248474 0.929767 4.246627
51.110 1.491639 0.283344 0.925224 4.283358
51.207 1.492196 0.284080 0.923479 4.284281
51.307 1.495613 0.288495 0.907771 4.289864
51.408 1.505015 0.299897 0.864138 4.304643
51.507 1.515065 0.311016 0.820504 4.319630
51.609 1.523183 0.319354 0.785598 4.331268
51.710 1.530820 0.326714 0.754182 4.341874
51.807 1.545982 0.340060 0.698331 4.362073
51.907 1.555033 0.347332 0.663425 4.373683
52.007 1.568220 0.357252 0.626773 4.390185
52.107 1.579460 0.365083 0.593611 4.403884
52.217 1.593476 0.374235 0.569177 4.420624
52.307 1.602748 0.380053 0.553294 4.431570
52.409 1.574075 0.405731 0.595794 4.470060
52.507 1.581289 0.410497 0.576595 4.478707
52.607 1.591904 0.417084 0.543434 4.491199
52.707 1.600743 0.422229 0.517254 4.501427
52.807 1.612416 0.428689 0.494565 4.514768
52.927 1.626770 0.436233 0.471876 4.530984
53.007 1.635974 0.440766 0.452677 4.541244
53.107 1.650202 0.447434 0.431559 4.556957
53.207 1.663175 0.453331 0.424577 4.571207
53.311 1.680939 0.460957 0.394907 4.590538
53.407 1.686013 0.463036 0.387925 4.596021
53.507 1.700488 0.468657 0.361571 4.611549
53.607 1.713912 0.473633 0.350924 4.625866
53.707 1.724634 0.477543 0.349179 4.637279
53.807 1.740872 0.483347 0.342198 4.654523
53.907 1.754651 0.488229 0.340452 4.669142
54.007 1.765831 0.492173 0.338707 4.680997
54.107 1.782586 0.498054 0.336962 4.698754
54.207 1.793314 0.501812 0.336962 4.710122
54.307 1.809905 0.507545 0.322999 4.727675
54.407 1.823394 0.511965 0.309036 4.741869
54.507 1.836540 0.515942 0.289838 4.755603
54.607 1.848270 0.519413 0.284427 4.767836
54.712 1.865829 0.524505 0.279017 4.786119
54.807 1.876883 0.527666 0.277097 4.797617
54.908 1.893782 0.532409 0.271686 4.815168
55.007 1.907931 0.536314 0.268196 4.829846
55.107 1.919232 0.539385 0.262785 4.841557
55.212 1.917836 0.577233 0.174303 4.879430
55.307 1.934975 0.580878 0.167288 4.896952
55.407 1.945919 0.582692 0.163797 4.908046
55.507 1.962273 0.585303 0.158561 4.924606
55.610 1.971389 0.586733 0.155071 4.933834
55.713 1.991895 0.589868 0.137617 4.954578
55.808 2.009829 0.592074 0.107947 4.972647
55.907 2.015355 0.592624 0.097475 4.978200
56.007 2.035680 0.594617 0.095729 4.998623
56.107 2.047841 0.595780 0.095729 5.010839
56.207 2.058985 0.596860 0.095729 5.022036
56.307 2.078111 0.598769 0.102711 5.041257
56.407 2.089641 0.600013 0.109692 5.052854
56.507 2.101175 0.601329 0.118419 5.064462
56.610 2.121341 0.603794 0.127145 5.084779
56.707 2.130372 0.604944 0.128891 5.093883
56.807 2.150951 0.607662 0.134127 5.114640
56.909 2.162897 0.609300 0.137617 5.126699
57.007 2.174766 0.610981 0.141108 5.138686
57.110 2.200235 0.614710 0.148089 5.164426
57.207 2.205841 0.615546 0.148089 5.170094
57.308 2.216307 0.617142 0.151754 5.180682
57.407 2.235798 0.620128 0.151754 5.200400
57.510 2.247378 0.621910 0.151754 5.212116
57.607 2.263999 0.624374 0.144599 5.228918
57.707 2.274748 0.625925 0.142853 5.239778
57.807 2.285905 0.627535 0.144599 5.251052
57.907 2.306578 0.630561 0.144599 5.271944
58.007 2.317730 0.632175 0.144599 5.283213
58.113 2.335122 0.634702 0.142853 5.300787
58.207 2.349243 0.636713 0.141108 5.315051
58.307 2.360225 0.638254 0.139363 5.326141
58.407 2.418280 0.705277 0.102726 5.414811
58.507 2.458439 0.740490 0.081207 5.468222
58.607 2.474005 0.741545 0.055027 5.483824
58.707 2.484942 0.742002 0.023612 5.494770
58.808 2.498223 0.741875 -0.033984 5.508052
58.908 2.503960 0.741566 -0.061910 5.513797
59.007 2.512918 0.740861 -0.088090 5.522783
59.107 2.518923 0.740296 -0.093326 5.528814
59.207 2.520336 0.740164 -0.091580 5.530233
59.307 2.520677 0.740155 -0.027003 5.530575
59.407 2.520763 0.740161 0.027102 5.530661
59.507 2.520827 0.740164 0.128331 5.530725
59.607 2.520675 0.740142 0.180691 5.530880
59.715 2.521220 0.740292 0.315082 5.531446
59.807 2.520974 0.740206 0.356969 5.531707
59.907 2.521176 0.740285 0.400603 5.531923
60.007 2.521293 0.740357 0.484378 5.532060
60.113 2.521467 0.740493 0.576881 5.532282
60.207 2.521098 0.740246 0.590844 5.532726
60.307 2.519522 0.744344 0.626460 5.537117
60.407 2.514362 0.790451 0.703893 5.583512
60.507 2.512479 0.788714 0.784178 5.586073
60.607 2.510924 0.787052 0.834793 5.588350
60.707 2.509586 0.785468 0.895879 5.590423
60.807 2.507550 0.782600 1.012816 5.593941
60.907 2.506515 0.780771 1.096592 5.596042
61.007 2.505648 0.778808 1.185604 5.598188
61.108 2.504735 0.775801 1.335702 5.601330
61.208 2.504388 0.773910 1.422969 5.603253
61.309 2.504271 0.772747 1.515471 5.604422
61.411 2.504335 0.770623 1.674296 5.606547
61.507 2.501941 0.759184 1.762777 5.618234
61.607 2.481328 0.679117 1.895691 5.700911
61.715 2.482427 0.676540 2.026765 5.703713
61.807 2.482779 0.675911 2.117522 5.704433
61.907 2.483401 0.674991 2.208279 5.705544
62.007 2.509461 0.606947 2.407270 5.778408
62.118 2.512198 0.604930 2.587039 5.781808
62.207 2.512705 0.604640 2.628927 5.782392
62.309 2.509345 0.605946 2.777280 5.785997
62.427 2.510937 0.608451 2.863650 5.788965
62.507 2.550300 0.613773 2.956145 5.828686
62.607 2.533985 0.615379 3.097517 5.845080
62.707 2.523416 0.615317 -3.105558 5.855649
62.808 2.512804 0.614424 -3.028589 5.866299
62.907 2.493769 0.610999 -2.916888 5.885639
63.008 2.454160 0.699888 -2.807778 5.982954
63.107 2.444201 0.696011 -2.750183 5.993641
63.207 2.426746 0.687547 -2.643718 6.013040
63.308 2.419654 0.683415 -2.598339 6.021248
63.407 2.391775 0.675208 -2.550364 6.050310
63.507 2.382682 0.668729 -2.506731 6.061476
63.607 2.373520 0.661581 -2.466588 6.073096
63.707 2.360491 0.650442 -2.407247 6.090237
63.807 2.349277 0.639249 -2.390867 6.106081
63.907 2.317122 0.607818 -2.406932 6.151046
64.007 2.307273 0.598649 -2.380753 6.164503
64.107 2.295779 0.587107 -2.333629 6.180791
64.208 2.288427 0.579149 -2.307449 6.191626
64.307 2.280798 0.570349 -2.270797 6.203272
64.407 2.268177 0.554380 -2.216517 6.223627
64.507 2.261348 0.544987 -2.187021 6.235240
64.607 2.251499 0.530496 -2.153860 6.252761
64.707 2.242664 0.516382 -2.120349 6.269412
64.807 2.238109 0.508811 -2.106387 6.278248
64.909 2.226521 0.487984 -2.057518 6.302082
65.009 2.222441 0.480161 -2.046871 6.310905
65.107 2.238836 0.480775 -2.070363 6.327312
65.210 2.246548 0.481981 -2.087898 6.335117
65.310 2.240789 0.471517 -2.065034 6.347062
65.407 2.231447 0.453350 -2.026462 6.367490
65.507 2.226799 0.443616 -2.012499 6.378276
65.607 2.222314 0.433739 -1.982829 6.389125
65.707 2.215258 0.415553 -1.909525 6.408631
65.807 2.211701 0.404643 -1.876364 6.420106
65.907 2.208409 0.393799 -1.853675 6.431439
66.007 2.203151 0.374437 -1.823480 6.451502
66.109 2.200539 0.364006 -1.809518 6.462255
66.207 2.196999 0.347744 -1.764139 6.478898
66.307 2.194904 0.335711 -1.727487 6.491112
66.407 2.193307 0.323812 -1.690835 6.503118
66.507 2.191031 0.303450 -1.675127 6.523606
66.607 2.189893 0.291597 -1.655929 6.535514
66.707 2.189170 0.281709 -1.634985 6.545428
66.807 2.188216 0.262161 -1.614041 6.564999
66.909 2.187459 0.244330 -1.610550 6.582847
67.008 2.198877 0.222008 -1.583682 6.607919
67.107 2.205418 0.207220 -1.550146 6.624089
67.216 2.205895 0.193409 -1.523966 6.637908
67.308 2.207306 0.173767 -1.485568 6.657601
67.407 2.208540 0.161684 -1.461134 6.669747
67.507 2.209929 0.149967 -1.445426 6.681546
67.607 2.212366 0.133367 -1.407029 6.698324
67.708 2.214953 0.119302 -1.372122 6.712625
67.807 2.217464 0.107920 -1.347687 6.724280
67.907 2.221773 0.090678 -1.305799 6.742053
68.007 2.224905 0.079463 -1.295327 6.753697
68.107 2.230187 0.061958 -1.262166 6.771982
68.207 2.233393 0.052199 -1.251694 6.782253
68.307 2.238087 0.038124 -1.246458 6.797091
68.407 2.241743 0.027407 -1.237732 6.808414
68.511 2.249385 0.006295 -1.213297 6.830866
68.607 2.251404 0.000890 -1.213297 6.836636
68.708 2.258704 -0.018359 -1.204570 6.857224
68.811 2.265008 -0.034652 -1.199334 6.874693
68.907 2.266969 -0.039661 -1.197589 6.880072
69.007 2.272273 -0.053068 -1.192353 6.894491
69.107 2.278771 -0.069271 -1.187117 6.911948
69.207 2.283118 -0.079960 -1.183626 6.923486
69.307 2.287574 -0.090847 -1.180136 6.935251
69.407 2.295637 -0.110331 -1.176645 6.956337
69.507 2.300057 -0.120918 -1.174900 6.967809
69.607 2.307088 -0.137658 -1.173154 6.985966
69.707 2.314043 -0.154149 -1.171409 7.003864
69.812 2.317680 -0.162741 -1.169664 7.013194
69.907 2.322305 -0.173658 -1.169664 7.025050
70.007 2.330336 -0.192476 -1.164428 7.045510
70.107 2.335066 -0.203426 -1.160937 7.057438
70.207 2.384193 -0.215643 -1.124029 7.108062
70.307 2.482265 -0.215323 -1.037438 7.206134
70.416 2.491112 -0.230699 -1.054891 7.223874
70.510 2.496829 -0.240885 -1.065363 7.235554
70.609 2.502569 -0.251342 -1.072344 7.247483
70.707 2.511728 -0.268628 -1.091543 7.267045
70.807 2.516901 -0.278862 -1.110742 7.278513
70.908 2.521938 -0.289208 -1.121214 7.290019
71.007 2.529120 -0.304451 -1.136922 7.306870
71.107 2.533727 -0.314603 -1.149139 7.318018
71.210 2.538207 -0.324744 -1.161356 7.329105
71.316 2.548316 -0.348493 -1.173574 7.354916
71.407 2.550546 -0.353835 -1.175319 7.360705
71.507 2.556071 -0.367200 -1.180555 7.375167
71.607 2.562480 -0.382904 -1.189282 7.392128
71.719 2.568464 -0.397965 -1.198008 7.408335
71.808 2.570487 -0.403165 -1.199754 7.413914
71.907 2.577099 -0.420427 -1.208480 7.432398
72.007 2.580781 -0.430293 -1.217207 7.442930
72.107 2.585817 -0.444011 -1.220697 7.457543
72.207 2.591776 -0.460507 -1.225933 7.475082
72.314 2.598291 -0.479222 -1.239896 7.494899
72.407 2.601083 -0.487412 -1.243387 7.503552
72.507 2.605844 -0.501563 -1.246877 7.518481
72.607 2.610207 -0.514786 -1.252113 7.532406
72.707 2.613606 -0.525197 -1.255604 7.543358
72.807 2.618952 -0.541707 -1.259095 7.560712
72.907 2.623579 -0.556117 -1.260840 7.575846
73.007 2.627233 -0.567597 -1.264331 7.587894
73.112 2.632465 -0.584281 -1.269567 7.605379
73.207 2.636397 -0.597068 -1.276548 7.618757
73.321 2.639569 -0.607583 -1.280039 7.629739
73.407 2.642888 -0.618748 -1.283529 7.641388
73.512 2.678834 -0.673963 -1.443803 7.707273
73.607 2.680249 -0.685205 -1.447293 7.718604
73.709 2.681673 -0.696762 -1.449039 7.730248
73.807 2.684109 -0.716953 -1.452529 7.750586
73.907 2.685066 -0.725787 -1.466492 7.759471
74.007 2.685984 -0.735114 -1.475219 7.768843
74.107 2.687328 -0.750226 -1.490927 7.784015
74.207 2.687761 -0.755744 -1.490927 7.789550
74.307 2.687878 -0.757203 -1.490927 7.791013
74.407 2.687873 -0.757142 -1.490927 7.791074
74.507 2.687873 -0.757142 -1.490927 7.791074
74.609 2.687873 -0.757142 -1.490927 7.791074
74.707 2.687873 -0.757142 -1.490927 7.791074
74.807 2.687873 -0.757142 -1.490927 7.791074
74.907 2.688119 -0.759226 -1.438567 7.793172
75.007 2.689288 -0.765359 -1.347810 7.799415
75.111 2.692808 -0.777352 -1.239599 7.811914
75.207 2.694329 -0.781385 -1.199457 7.816225
75.315 2.704659 -0.801538 -1.028414 7.838871
75.412 2.711497 -0.811684 -0.949875 7.851106
75.507 2.715182 -0.816546 -0.913223 7.857207
75.607 2.728530 -0.831696 -0.792795 7.877398
75.711 2.736967 -0.839796 -0.743926 7.889094
75.807 2.745812 -0.847308 -0.682839 7.900698
75.909 2.761758 -0.858821 -0.578119 7.920366
76.008 2.775404 -0.850627 -0.484690 7.936283
76.107 2.788067 -0.856706 -0.428839 7.950330
76.213 2.802872 -0.862805 -0.366007 7.966342
76.307 2.813580 -0.866572 -0.324119 7.977693
76.407 2.826811 -0.870586 -0.275250 7.991520
76.507 2.843090 -0.874635 -0.221145 8.008294
76.607 2.854294 -0.876951 -0.193220 8.019735
76.707 2.865861 -0.878978 -0.163549 8.031478
76.808 2.894995 -0.817807 -0.139459 8.099233
76.907 2.905598 -0.819083 -0.104552 8.109912
77.007 2.916946 -0.819976 -0.062490 8.121295
77.107 2.936307 -0.820431 0.003658 8.140662
77.210 2.953011 -0.819701 0.071726 8.157381
77.307 2.961590 -0.818881 0.106633 8.166000
77.407 2.977600 -0.816556 0.169465 8.182177
77.507 2.987119 -0.814672 0.211352 8.191882
77.607 3.002997 -0.810596 0.277675 8.208274
77.707 3.015914 -0.798876 0.336080 8.225715
77.807 3.026005 -0.785345 0.377715 8.242595
77.907 3.042202 -0.778318 0.426585 8.260251
78.007 3.053983 -0.772655 0.461491 8.273322
78.107 3.062956 -0.768048 0.482610 8.283408
78.207 3.075193 -0.761468 0.491336 8.297303
78.307 3.085165 -0.756123 0.489591 8.308617
78.407 3.103352 -0.746535 0.479119 8.329176
78.507 3.113655 -0.741189 0.477199 8.340783
78.609 3.124180 -0.735770 0.475454 8.352622
78.708 3.142512 -0.726351 0.475454 8.373232
78.807 3.153001 -0.720958 0.475454 8.385026
78.907 3.163585 -0.715527 0.475454 8.396922
79.009 3.181617 -0.706310 0.471789 8.417173
79.111 3.191950 -0.701077 0.468298 8.428756
79.207 3.202214 -0.695919 0.464807 8.440243
79.316 3.219567 -0.687259 0.461317 8.459637
79.408 3.229516 -0.682346 0.456081 8.470732
79.507 3.242589 -0.676008 0.449099 8.485261
79.607 3.251064 -0.671936 0.445434 8.494664
79.707 3.254021 -0.670525 0.445434 8.497940
79.807 3.254400 -0.670339 0.499539 8.498362
79.910 3.254802 -0.670096 0.550154 8.498832
80.008 3.254666 -0.670199 0.602514 8.499002
80.108 3.254484 -0.670359 0.707234 8.499244
80.211 3.254786 -0.670085 0.768320 8.499652
80.307 3.254750 -0.670117 0.832897 8.499699
80.443 3.249074 -0.673939 0.877772 8.506543
80.510 3.248805 -0.674290 0.923150 8.506984
80.607 3.249148 -0.673798 0.977255 8.507583
80.709 3.248931 -0.674152 1.031361 8.507998
80.807 3.248969 -0.674082 1.066267 8.508077
80.907 3.248504 -0.675012 1.132590 8.509116
81.023 3.247468 -0.677889 1.289669 8.512174
81.107 3.246987 -0.679985 1.380426 8.514325
81.216 3.249658 -0.679324 1.502357 8.517076
81.307 3.251681 -0.677379 1.577919 8.519882
81.407 3.251818 -0.679519 1.668676 8.522026
81.508 3.252410 -0.682661 1.827501 8.525223
81.647 3.253417 -0.685531 1.967127 8.528265
81.707 3.253745 -0.686248 2.010760 8.529054
81.819 3.297400 -0.709602 2.228987 8.578563
81.909 3.328629 -0.725539 2.375432 8.613623
82.016 3.331321 -0.727691 2.534257 8.617070
82.107 3.332492 -0.728436 2.623268 8.618458
82.207 3.329838 -0.727158 2.717516 8.621405
82.307 3.324703 -0.725160 2.808273 8.626914
82.407 3.315950 -0.722987 2.967098 8.635934
82.512 3.316818 -0.740174 3.073810 8.653143
82.610 3.307427 -0.740040 -3.130836 8.662535
82.708 3.289687 -0.741604 -2.998191 8.680343
82.821 3.256141 -0.758395 -2.928224 8.717857
82.907 3.250495 -0.759746 -2.898553 8.723663
83.007 3.231063 -0.765813 -2.800815 8.744020
83.107 3.220891 -0.769819 -2.746709 8.754952
83.207 3.210663 -0.774406 -2.704822 8.766161
83.310 3.195947 -0.781914 -2.647226 8.782683
83.411 3.177104 -0.793197 -2.570431 8.804644
83.508 3.174672 -0.794772 -2.566940 8.807542
83.607 3.171630 -0.791677 -2.521553 8.811882
83.707 3.219023 -0.732694 -2.500859 8.887546
83.807 3.209662 -0.739977 -2.469443 8.899406
83.908 3.196172 -0.751144 -2.439772 8.916919
84.013 3.180391 -0.765129 -2.403121 8.938005
84.107 3.175851 -0.769347 -2.389158 8.944202
84.208 3.163228 -0.781530 -2.355997 8.961745
84.307 3.153232 -0.792047 -2.314109 8.976254
84.407 3.145458 -0.800864 -2.282693 8.988009
84.508 3.090118 -0.856442 -2.381232 9.066441
84.607 3.078392 -0.867655 -2.375822 9.082665
84.708 3.072224 -0.873586 -2.375822 9.091222
84.807 3.060200 -0.885519 -2.351213 9.108162
84.910 3.050264 -0.895849 -2.326604 9.122495
85.008 3.038170 -0.908952 -2.307056 9.140326
85.107 3.031136 -0.916842 -2.294664 9.150897
85.208 3.021685 -0.927856 -2.273720 9.165410
85.308 3.016897 -0.933570 -2.266564 9.172865
85.408 3.007928 -0.944758 -2.233403 9.187204
85.508 3.000423 -0.954572 -2.219091 9.199559
85.607 2.995464 -0.961178 -2.215775 9.207818
85.723 2.994391 -0.962604 -2.215775 9.209603
85.807 2.986122 -0.973875 -2.199893 9.223582
85.907 2.980712 -0.981337 -2.196228 9.232799
86.007 2.973957 -0.990847 -2.185407 9.244464
86.107 2.962438 -1.007403 -2.171269 9.264632
86.216 2.951146 -1.024744 -2.134268 9.285327
86.307 2.946411 -1.032411 -2.118386 9.294338
86.407 2.940794 -1.041959 -2.097616 9.305416
86.507 2.934622 -1.052762 -2.083305 9.317857
86.607 2.927380 -1.066113 -2.057125 9.333045
86.707 2.921950 -1.076641 -2.039497 9.344891
86.807 2.913243 -1.094840 -1.990453 9.365066
86.907 2.908904 -1.104983 -1.962528 9.376098
87.007 2.904816 -1.115449 -1.931112 9.387334
87.107 2.931830 -1.161905 -1.808258 9.441074
87.207 2.944781 -1.184962 -1.739068 9.467519
87.307 2.942712 -1.197331 -1.746049 9.480060
87.407 2.940277 -1.210752 -1.753031 9.493701
87.507 2.936934 -1.227428 -1.789508 9.510708
87.607 2.932568 -1.244557 -1.843788 9.528385
87.707 2.930231 -1.252569 -1.859496 9.536731
87.812 2.925362 -1.268180 -1.887595 9.553084
87.907 2.922009 -1.277993 -1.908365 9.563454
88.011 2.917295 -1.290790 -1.936465 9.577091
88.107 2.911090 -1.306087 -1.969626 9.593598
88.207 2.906542 -1.316604 -1.985683 9.605057
88.307 2.901835 -1.326834 -2.011863 9.616318
88.407 2.893334 -1.344672 -2.019193 9.636079
88.507 2.887950 -1.355763 -2.026175 9.648406
88.612 2.883016 -1.365754 -2.031760 9.659550
88.707 2.873976 -1.383515 -2.056369 9.679479
88.810 2.868306 -1.393877 -2.079058 9.691290
88.910 2.862878 -1.403235 -2.106983 9.702109
89.007 2.872896 -1.447658 -2.180732 9.747648
89.107 2.865949 -1.457327 -2.205167 9.759554
89.208 2.853265 -1.473382 -2.269918 9.780015
89.309 2.845506 -1.482184 -2.308315 9.791749
89.415 2.837644 -1.490430 -2.346713 9.803142
89.513 2.826309 -1.501182 -2.407799 9.818765
89.608 2.815937 -1.509967 -2.458414 9.832357
89.707 2.808897 -1.515519 -2.482848 9.841323
89.807 2.792385 -1.527485 -2.535208 9.861715
89.907 2.782529 -1.533996 -2.570115 9.873528
90.010 2.763306 -1.545617 -2.618984 9.895991
90.107 2.756074 -1.549635 -2.639928 9.904263
90.208 2.746128 -1.554876 -2.664363 9.915506
90.307 2.727649 -1.564015 -2.695779 9.936121
90.407 2.717133 -1.568816 -2.720213 9.947682
90.507 2.706403 -1.573503 -2.734176 9.959390
90.607 2.697962 -1.577349 -2.796375 9.968667
90.707 2.687283 -1.581194 -2.796375 9.980016
90.807 2.676302 -1.585138 -2.798120 9.991684
90.907 2.662501 -1.590074 -2.798120 10.006342
91.016 2.647414 -1.595455 -2.799865 10.022359
91.107 2.638112 -1.598764 -2.799865 10.032232
91.207 2.628097 -1.602326 -2.799865 10.042862
91.323 2.612047 -1.608021 -2.801611 10.059893
91.407 2.602398 -1.611434 -2.801611 10.070128
91.507 2.587765 -1.616586 -2.803356 10.085640
91.607 2.574125 -1.621314 -2.812083 10.100076
91.707 2.563117 -1.625009 -2.820809 10.111689
91.807 2.546383 -1.630483 -2.827790 10.129295
91.907 2.532814 -1.634822 -2.836517 10.143541
92.010 2.521844 -1.638255 -2.841753 10.155036
92.107 2.506369 -1.642971 -2.846989 10.171214
92.207 2.494571 -1.646616 -2.836517 10.183562
92.307 2.483692 -1.650126 -2.824300 10.194993
92.407 2.466696 -1.655740 -2.819064 10.212892
92.507 2.455623 -1.659469 -2.813828 10.224576
92.607 2.439669 -1.665029 -2.792884 10.241471
92.708 2.426565 -1.670028 -2.766704 10.255496
92.807 2.415613 -1.674557 -2.738779 10.267347
92.909 2.402811 -1.680122 -2.724816 10.281307
93.007 2.387324 -1.687170 -2.703872 10.298323
93.110 2.377120 -1.692042 -2.688164 10.309629
93.208 2.366776 -1.697200 -2.672456 10.321188
93.307 2.349498 -1.706526 -2.630568 10.340822
93.408 2.339622 -1.712254 -2.606134 10.352239
93.510 2.322903 -1.722737 -2.560755 10.371973
93.607 2.312556 -1.796168 -2.545424 10.446130
93.707 2.303473 -1.802562 -2.520989 10.457237
93.808 2.294275 -1.809352 -2.500045 10.468670
93.907 2.277661 -1.822208 -2.468629 10.489678
94.007 2.268552 -1.829540 -2.463393 10.501371
94.107 2.254677 -1.840773 -2.459903 10.519223
94.207 2.242631 -1.850561 -2.458157 10.534744
94.307 2.233640 -1.857877 -2.458157 10.546335
94.407 2.224122 -1.865634 -2.456412 10.558614
94.507 2.208269 -1.878616 -2.454667 10.579104
94.607 2.199005 -1.886229 -2.452921 10.591095
94.707 2.190135 -1.893555 -2.451176 10.602599
94.807 2.174145 -1.906791 -2.449431 10.623357
94.907 2.165220 -1.914189 -2.449431 10.634950
95.009 2.151737 -1.925413 -2.445940 10.652492
95.109 2.140190 -1.935075 -2.444020 10.667548
95.207 2.131043 -1.942798 -2.438610 10.679520
95.307 2.117974 -1.953943 -2.433025 10.696696
95.410 2.102138 -1.967615 -2.427614 10.717618
95.507 2.097816 -1.971367 -2.425694 10.723341
95.607 2.084675 -1.982859 -2.420284 10.740798
95.716 2.069440 -1.996328 -2.414699 10.761133
95.807 2.062922 -2.002138 -2.414699 10.769865
95.907 2.051995 -2.011876 -2.412953 10.784502
96.007 2.043102 -2.019813 -2.412953 10.796421
96.107 2.030117 -2.031432 -2.411034 10.813846
96.212 2.018959 -2.041472 -2.407368 10.828855
96.312 2.006227 -2.053012 -2.405623 10.846039
96.407 1.999587 -2.059034 -2.403703 10.855003
96.507 1.986696 -2.070741 -2.403703 10.872416
96.607 1.977971 -2.078658 -2.403703 10.884198
96.707 2.013806 -2.183345 -2.324864 10.994848
96.807 2.022577 -2.249412 -2.277224 11.061495
96.908 2.015081 -2.258004 -2.300088 11.072897
97.007 2.007540 -2.266311 -2.315796 11.084116
97.107 1.994358 -2.279927 -2.361174 11.103068
97.207 1.986410 -2.287633 -2.382118 11.114138
97.307 1.978265 -2.295101 -2.408298 11.125189
97.422 1.959991 -2.310543 -2.455422 11.149114
97.507 1.955958 -2.313805 -2.465894 11.154301
97.609 1.947830 -2.320062 -2.495565 11.164558
97.707 1.931435 -2.331989 -2.528726 11.184832
97.821 1.921728 -2.338665 -2.542689 11.196613
97.907 1.911674 -2.345294 -2.568869 11.208656
98.008 1.896550 -2.354850 -2.591558 11.226546
98.107 1.887721 -2.360153 -2.607266 11.236846
98.207 1.878372 -2.365510 -2.628210 11.247620
98.311 1.860204 -2.375200 -2.670098 11.268211
98.409 1.844213 -2.382951 -2.708495 11.285982
98.507 1.833831 -2.387575 -2.729439 11.297347
98.612 1.823315 -2.392016 -2.752128 11.308762
98.709 1.803907 -2.399405 -2.788780 11.329529
98.807 1.799025 -2.401155 -2.799252 11.334715
98.916 1.780468 -2.407731 -2.800997 11.354403
99.007 1.769391 -2.411647 -2.802743 11.366152
99.107 1.758146 -2.415611 -2.802743 11.378075
99.207 1.738300 -2.422611 -2.802743 11.399119
99.308 1.727305 -2.426508 -2.800997 11.410785
99.407 1.715963 -2.435578 -2.804431 11.425307
99.507 1.727368 -2.485268 -2.868024 11.476289
99.607 1.718776 -2.487679 -2.868024 11.485214
99.707 1.707609 -2.490813 -2.868024 11.496812
99.807 1.695852 -2.494034 -2.876750 11.509002
99.913 1.686511 -2.496587 -2.852316 11.518685
100.007 1.686404 -2.496617 -2.826136 11.518796
100.107 1.686763 -2.496492 -2.780757 11.519176
100.207 1.686597 -2.496559 -2.744105 11.519356
100.309 1.686585 -2.496566 -2.691745 11.519369
100.407 1.686628 -2.496533 -2.632404 11.519424
100.509 1.686727 -2.496474 -2.592262 11.519539
100.607 1.686532 -2.496609 -2.543392 11.519776
100.707 1.686567 -2.496576 -2.487542 11.519823
100.808 1.683852 -2.498677 -2.485797 11.523256
100.907 1.675246 -2.505253 -2.492778 11.534087
101.010 1.666227 -2.511907 -2.522448 11.545295
101.114 1.652920 -2.520696 -2.585280 11.561243
101.207 1.646214 -2.524674 -2.616696 11.569040
101.307 1.633586 -2.531361 -2.683019 11.583329
101.408 1.620232 -2.537455 -2.730143 11.598008
101.507 1.614624 -2.539826 -2.745851 11.604097
101.607 1.595821 -2.547020 -2.799956 11.624229
101.707 1.586003 -2.550340 -2.826136 11.634593
101.809 1.575579 -2.553538 -2.852316 11.645496
101.907 1.557918 -2.596635 -2.951481 11.692071
102.011 1.540959 -2.599527 -2.983071 11.709275
102.122 1.525028 -2.601755 -3.012917 11.725361
102.208 1.517990 -2.602580 -3.030719 11.732448
102.307 1.507967 -2.603621 -3.041365 11.742524
102.408 1.493419 -2.604901 -3.060913 11.757128
102.507 1.478679 -2.605974 -3.071560 11.771908
102.609 1.457808 -2.607369 -3.076970 11.792825
102.707 1.451802 -2.607747 -3.078715 11.798843
102.807 1.432213 -2.608939 -3.082381 11.818468
102.907 1.421491 -2.609575 -3.082381 11.829209
103.008 1.409962 -2.610221 -3.086046 11.840756
103.108 1.389807 -2.611283 -3.091631 11.860939
103.207 1.378360 -2.611830 -3.095296 11.872399
103.313 1.360910 -2.612544 -3.102452 11.889863
103.407 1.345967 -2.613080 -3.108037 11.904816
103.507 1.334038 -2.613448 -3.111702 11.916751
103.607 1.321717 -2.613788 -3.115367 11.929076
103.710 1.298779 -2.614251 -3.128108 11.952019
103.807 1.293658 -2.614311 -3.129854 11.957140
103.910 1.274945 -2.614403 -3.140500 11.975854
104.007 1.262893 -2.614339 3.131864 11.987906
104.118 1.250542 -2.614207 3.129944 12.000257
104.213 1.236098 -2.613976 3.124534 12.014704
104.307 1.218389 -2.613610 3.117203 12.032417
104.407 1.206292 -2.613298 3.113538 12.044518
104.509 1.185642 -2.612686 3.109873 12.065176
104.612 1.173494 -2.612261 3.106208 12.077332
104.707 1.161940 -2.611820 3.102543 12.088894
104.808 1.144805 -2.611073 3.093641 12.106045
104.908 1.128534 -2.610246 3.088056 12.122337
105.008 1.119777 -2.609767 3.086311 12.131108
105.110 1.051611 -2.675638 2.960986 12.225901
105.210 1.034995 -2.672542 2.953656 12.242802
105.307 1.026949 -2.670990 2.949991 12.250997
105.407 1.011470 -2.667856 2.937424 12.266790
105.507 0.998292 -2.665063 2.930094 12.280260
105.608 0.987174 -2.662644 2.926429 12.291639
105.707 0.970544 -2.658904 2.917527 12.308685
105.808 0.953306 -2.654847 2.906881 12.326394
105.913 0.938950 -2.651359 2.901296 12.341167
106.008 0.925075 -2.647901 2.893965 12.355467
106.107 0.913614 -2.644970 2.888555 12.367296
106.207 0.902614 -2.642074 2.881399 12.378671
106.308 0.883755 -2.636958 2.872323 12.398211
106.409 0.872471 -2.633793 2.865168 12.409931
106.507 0.860924 -2.630489 2.859932 12.421942
106.608 0.850685 -2.627444 2.851205 12.432624
106.707 0.832646 -2.621977 2.844224 12.451472
106.807 0.821403 -2.618515 2.840733 12.463236
106.907 0.802162 -2.612482 2.833752 12.483401
107.007 0.791193 -2.608999 2.833752 12.494910
107.107 0.779698 -2.605345 2.833752 12.506972
107.209 0.757538 -2.598262 2.832006 12.530236
107.307 0.751923 -2.596455 2.830261 12.536135
107.413 0.734840 -2.590957 2.830261 12.554081
107.507 0.725878 -2.588073 2.830261 12.563496
107.612 0.714134 -2.584323 2.833752 12.575823
107.707 0.706852 -2.582015 2.835497 12.583463
107.809 0.693498 -2.577824 2.837242 12.597459
107.909 0.686479 -2.575622 2.838988 12.604815
108.007 0.680182 -2.573673 2.849460 12.611407
108.110 0.678595 -2.573224 2.934981 12.613057
108.207 0.679232 -2.573339 2.978614 12.613704
108.307 0.642759 -2.582494 2.926091 12.651309
108.407 0.642485 -2.582449 3.017022 12.651587
108.507 0.642721 -2.582473 -3.109083 12.651825
108.607 0.642616 -2.582493 -3.020072 12.651932
108.707 0.642385 -2.582543 -2.932805 12.652168
108.809 0.642454 -2.582512 -2.798415 12.652244
108.908 0.642584 -2.582450 -2.716384 12.652388
109.007 0.642217 -2.582618 -2.707658 12.652792
109.107 0.641840 -2.582797 -2.669260 12.653209
109.209 0.684968 -2.599409 -2.487081 12.699426
109.310 0.685111 -2.599297 -2.473119 12.699607
109.420 0.685458 -2.599023 -2.473119 12.700049
109.509 0.685659 -2.598864 -2.473119 12.700306
109.607 0.685676 -2.598851 -2.473119 12.700327
109.707 0.685676 -2.598851 -2.473119 12.700327
109.807 0.685676 -2.598851 -2.473119 12.700327
109.907 0.685687 -2.598842 -2.473119 12.700341
110.007 0.672894 -2.565949 -2.556608 12.735635
110.107 0.672894 -2.565949 -2.556608 12.735635
110.207 0.672894 -2.565949 -2.556608 12.735635
110.308 0.672894 -2.565949 -2.556608 12.735635
110.407 0.672894 -2.565949 -2.556608 12.735635
110.507 0.672894 -2.565949 -2.556608 12.735635
110.607 0.672894 -2.565949 -2.556608 12.735635
110.716 0.672894 -2.565949 -2.556608 12.735635
110.807 0.672894 -2.565949 -2.556608 12.735635
110.916 0.672894 -2.565949 -2.556608 12.735635
111.007 0.672894 -2.565949 -2.556608 12.735635
111.107 0.672894 -2.565949 -2.556608 12.735635
111.207 0.672894 -2.565949 -2.556608 12.735635
111.307 0.672894 -2.565949 -2.556608 12.735635
111.419 0.672894 -2.565949 -2.556608 12.735635
111.516 0.672894 -2.565949 -2.556608 12.735635
111.610 0.672894 -2.565949 -2.556608 12.735635
111.707 0.672894 -2.565949 -2.556608 12.735635
111.808 0.672894 -2.565949 -2.556608 12.735635
111.907 0.672894 -2.565949 -2.556608 12.735635
112.007 0.672894 -2.565949 -2.556608 12.735635
112.114 0.672894 -2.565949 -2.556608 12.735635
112.207 0.672894 -2.565949 -2.556608 12.735635
112.309 0.672894 -2.565949 -2.556608 12.735635
112.408 0.672894 -2.565949 -2.556608 12.735635
112.507 0.672894 -2.565949 -2.556608 12.735635
112.615 0.669258 -2.568304 -2.574061 12.739967
112.707 0.663401 -2.571990 -2.582788 12.746887
112.807 0.654900 -2.577175 -2.603732 12.756845
112.907 0.648773 -2.580720 -2.624676 12.763923
113.007 0.638894 -2.586110 -2.654347 12.775177
113.107 0.632397 -2.589457 -2.668309 12.782486
113.207 0.622296 -2.594511 -2.689253 12.793780
113.307 0.614539 -2.600344 -2.698333 12.803486
113.407 0.612566 -2.605032 -2.705380 12.808572
113.507 0.600119 -2.610682 -2.722834 12.822242
113.607 0.590392 -2.614890 -2.742032 12.832840
113.707 0.580742 -2.618859 -2.757740 12.843274
113.808 0.561682 -2.625898 -2.806609 12.863592
113.907 0.550480 -2.629610 -2.832789 12.875393
114.007 0.539310 -2.632984 -2.853733 12.887063
114.107 0.520422 -2.638418 -2.869441 12.906716
114.210 0.510278 -2.641190 -2.876772 12.917232
114.308 0.493541 -2.645547 -2.892829 12.934527
114.407 0.479576 -2.648919 -2.912202 12.948894
114.507 0.468212 -2.651535 -2.917612 12.960555
114.607 0.451185 -2.655358 -2.921278 12.978005
114.707 0.442770 -2.657215 -2.924943 12.986623
114.807 0.422359 -2.661646 -2.928608 13.007510
114.908 0.410566 -2.664173 -2.932273 13.019570
115.008 0.398984 -2.666622 -2.934193 13.031408
115.107 0.378861 -2.670862 -2.934193 13.051973
115.208 0.367154 -2.673309 -2.935938 13.063934
115.315 0.347762 -2.677355 -2.935938 13.083742
115.408 0.337207 -2.679556 -2.935938 13.094525
115.508 0.325877 -2.681908 -2.937858 13.106096
115.607 0.314199 -2.684305 -2.939603 13.118018
115.707 0.293734 -2.688496 -2.939603 13.138908
115.812 0.282113 -2.690876 -2.939603 13.150770
115.907 0.270833 -2.693186 -2.939603 13.162284
116.007 0.250543 -2.697341 -2.939603 13.182995
116.113 0.238926 -2.699736 -2.937858 13.194856
116.207 0.205170 -2.723231 -3.007851 13.235984
116.315 0.174056 -2.731372 -3.052508 13.268145
116.407 0.162652 -2.732413 -3.048842 13.279597
116.507 0.150730 -2.733539 -3.046923 13.291572
116.607 0.130596 -2.735515 -3.043257 13.311802
116.708 0.118270 -2.736747 -3.041512 13.324190
116.812 0.097724 -2.738822 -3.039592 13.344840
116.907 0.085276 -2.740096 -3.039592 13.357353
117.007 0.073558 -2.741295 -3.039592 13.369132
117.107 0.061480 -2.742532 -3.039592 13.381274
117.207 0.040896 -2.744639 -3.039592 13.401965
117.307 0.029176 -2.745986 -3.023884 13.413763
117.407 0.018305 -2.747366 -3.011492 13.424721
117.509 -0.005841 -2.750732 -2.998751 13.449100
117.607 -0.011124 -2.751511 -2.993341 13.454440
117.707 -0.022266 -2.753290 -2.979378 13.465724
117.809 -0.042424 -2.756818 -2.960180 13.486187
117.907 -0.053600 -2.759039 -2.939236 13.497582
118.008 -0.073580 -2.763387 -2.921782 13.518030
118.107 -0.084487 -2.765884 -2.914801 13.529219
118.207 -0.095205 -2.768387 -2.911310 13.540225
118.308 -0.105293 -2.770771 -2.909565 13.550591
118.407 -0.110177 -2.771925 -2.909565 13.555610
118.507 -0.110149 -2.771918 -2.909565 13.555638
118.608 -0.110149 -2.771918 -2.909565 13.555638
118.707 -0.110149 -2.771918 -2.909565 13.555638
118.807 -0.110149 -2.771918 -2.909565 13.555638
118.908 -0.110149 -2.771918 -2.909565 13.555638
119.010 -0.110149 -2.771918 -2.909565 13.555638
119.107 -0.110149 -2.771918 -2.909565 13.555638
119.211 -0.110149 -2.771918 -2.909565 13.555638
119.307 -0.114237 -2.772864 -2.916546 13.559833
119.410 -0.121790 -2.774554 -2.921782 13.567574
119.507 -0.134612 -2.777296 -2.935745 13.580685
119.608 -0.145360 -2.790298 -2.937683 13.597554
119.709 -0.112272 -2.860427 -2.800034 13.675097
119.808 -0.125594 -2.865127 -2.805270 13.689223
119.907 -0.136810 -2.869002 -2.812252 13.701090
120.007 -0.146954 -2.872368 -2.824644 13.711777
120.109 -0.164657 -2.877838 -2.858154 13.730307
120.207 -0.175099 -2.880699 -2.884334 13.741133
120.307 -0.188778 -2.883982 -2.917495 13.755200
120.407 -0.206517 -2.887576 -2.957463 13.773301
120.507 -0.216945 -2.889345 -2.981898 13.783878
120.607 -0.230102 -2.891181 -3.016804 13.797162
120.707 -0.241347 -2.892354 -3.049966 13.808468
120.807 -0.257661 -2.893402 -3.095344 13.824816
120.907 -0.271439 -2.893883 -3.109656 13.838602
121.007 -0.288776 -2.894329 -3.120477 13.855945
121.112 -0.300468 -2.894538 -3.127458 13.867639
121.208 -0.315093 -2.894712 -3.131123 13.882265
121.308 -0.332410 -2.894845 -3.134789 13.899582
121.408 -0.344198 -2.894903 -3.138454 13.911370
121.508 -0.362282 -2.894925 3.141066 13.929454
121.612 -0.370676 -2.894904 3.137401 13.937848
121.707 -0.388384 -2.894830 3.137401 13.955556
121.807 -0.405968 -2.894717 3.133736 13.973141
121.907 -0.415188 -2.894645 3.133736 13.982361
122.007 -0.436571 -2.894453 3.131816 14.003745
122.109 -0.448354 -2.894327 3.131816 14.015528
122.211 -0.471394 -2.894113 3.133736 14.038569
122.307 -0.477287 -2.894067 3.133736 14.044463
122.407 -0.488866 -2.893986 3.135481 14.056042
122.508 -0.560351 -2.935164 3.035874 14.138538
122.608 -0.571886 -2.934037 3.046346 14.150128
122.707 -0.583228 -2.933046 3.063974 14.161513
122.807 -0.599953 -2.931958 3.088409 14.178274
122.907 -0.616014 -2.931414 3.120174 14.194343
123.007 -0.629492 -2.931354 -3.134912 14.207822
123.107 -0.640879 -2.931591 -3.112222 14.219212
123.210 -0.657832 -2.932429 -3.078887 14.236185
123.307 -0.671104 -2.933467 -3.052881 14.249498
123.407 -0.682087 -2.934582 -3.035253 14.260537
123.507 -0.692635 -2.935781 -3.024607 14.271153
123.607 -0.709629 -2.938045 -2.996507 14.288297
123.707 -0.720786 -2.939838 -2.975389 14.299597
123.807 -0.732624 -2.941952 -2.956190 14.311623
123.907 -0.749770 -2.945566 -2.924600 14.329145
124.007 -0.766633 -2.949618 -2.900165 14.346488
124.108 -0.779846 -2.952603 -2.926345 14.360034
124.207 -0.790857 -2.954858 -2.943973 14.371274
124.307 -0.806490 -2.957619 -2.980625 14.387149
124.407 -0.815023 -2.958872 -3.003314 14.395773
124.509 -0.832505 -2.960900 -3.043456 14.413372
124.607 -0.849974 -2.962139 -3.090580 14.430885
124.708 -0.858250 -2.962488 -3.101227 14.439169
124.811 -0.876404 -2.962818 -3.139624 14.457326
124.907 -0.891371 -2.962673 3.120697 14.472294
125.033 -0.909028 -2.961955 3.087536 14.489965
125.107 -0.920870 -2.961121 3.061356 14.501836
125.214 -0.960137 -3.014184 3.004908 14.567848
125.309 -0.979850 -3.045938 2.972598 14.605224
125.407 -0.994077 -3.043230 2.936121 14.619707
125.507 -1.006427 -3.040373 2.894058 14.632383
125.607 -1.012764 -3.038657 2.869798 14.638948
125.707 -1.025646 -3.034693 2.826165 14.652426
125.809 -1.034652 -3.031532 2.793004 14.661970
125.907 -1.044715 -3.027610 2.757923 14.672770
126.007 -1.051186 -3.024892 2.742389 14.679790
126.107 -1.053817 -3.023782 2.742389 14.682645
126.207 -1.053668 -3.023845 2.742389 14.682807
126.307 -1.053575 -3.023883 2.771885 14.682908
126.407 -1.053429 -3.023937 2.801730 14.683064
126.507 -1.053662 -3.023859 2.841698 14.683309
126.607 -1.053375 -3.023938 2.899469 14.683607
126.707 -1.053566 -3.023891 2.899469 14.683803
126.809 -1.053411 -3.023930 2.899469 14.683963
126.911 -1.053411 -3.023930 2.899469 14.683963
127.007 -1.053411 -3.023930 2.899469 14.683963
127.107 -1.075937 -3.035717 2.947772 14.709387
127.207 -1.083932 -3.034181 2.956499 14.717529
127.310 -1.095507 -3.032120 2.972556 14.729285
127.407 -1.099653 -3.031406 2.970811 14.733492
127.509 -1.120508 -3.027809 2.970811 14.754655
127.607 -1.125275 -3.026977 2.968891 14.759494
127.707 -1.135783 -3.025117 2.965226 14.770165
127.807 -1.148576 -3.022822 2.963480 14.783162
127.908 -1.152102 -3.022187 2.963480 14.786746
128.007 -1.152024 -3.022201 2.963480 14.786825
128.108 -1.151308 -3.022330 2.963480 14.787553
128.207 -1.151308 -3.022330 2.963480 14.787553
128.307 -1.151308 -3.022330 2.963480 14.787553
128.407 -1.151308 -3.022330 2.963480 14.787553
128.507 -1.151308 -3.022330 2.963480 14.787553
128.607 -1.151406 -3.022313 2.961560 14.787652
128.707 -1.151528 -3.022290 2.959815 14.787776
128.807 -1.151680 -3.022262 2.959815 14.787931
128.907 -1.151818 -3.022237 2.957895 14.788071
129.012 -1.152153 -3.022174 2.954230 14.788412
129.107 -1.152270 -3.022151 2.952485 14.788531
129.207 -1.152529 -3.022101 2.950565 14.788796
129.307 -1.152726 -3.022063 2.946900 14.788995
129.407 -1.152804 -3.022047 2.945154 14.789075
129.507 -1.152902 -3.022028 2.943234 14.789175
129.609 -1.153079 -3.021992 2.939569 14.789356
129.707 -1.153158 -3.021976 2.937824 14.789436
129.807 -1.153315 -3.021943 2.934159 14.789596
129.907 -1.153295 -3.021947 2.932239 14.789617
130.007 -1.153430 -3.021918 2.930494 14.789755
130.107 -1.161204 -3.045518 2.882710 14.814602
130.207 -1.161995 -3.048387 2.874569 14.817578
130.308 -1.162073 -3.048366 2.874569 14.817658
130.407 -1.162150 -3.048345 2.874569 14.817738
130.508 -1.165868 -3.047335 2.876489 14.821591
130.607 -1.173808 -3.045180 2.876489 14.829819
130.707 -1.181111 -3.043197 2.876489 14.837386
130.807 -1.194229 -3.039635 2.876489 14.850979
130.907 -1.202072 -3.037506 2.876489 14.859105
131.007 -1.213965 -3.034277 2.876489 14.871429
131.107 -1.223633 -3.031652 2.876489 14.881448
131.214 -1.230973 -3.029660 2.876489 14.889053
131.308 -1.242499 -3.026534 2.876489 14.900995
131.407 -1.250330 -3.024415 2.876489 14.909108
131.507 -1.259538 -3.021919 2.878235 14.918649
131.607 -1.271139 -3.018780 2.876489 14.930667
131.707 -1.278660 -3.016749 2.878235 14.938456
131.807 -1.290298 -3.013607 2.878235 14.950511
131.907 -1.299518 -3.011121 2.878235 14.960060
132.007 -1.307172 -3.009062 2.878235 14.967987
132.111 -1.320193 -3.005554 2.880154 14.981472
132.208 -1.328298 -3.003382 2.880154 14.989863
132.311 -1.339671 -3.000335 2.878235 15.001637
132.407 -1.343465 -2.999312 2.878235 15.005567
132.509 -1.360338 -2.994778 2.878235 15.023039
132.607 -1.364255 -2.993722 2.878235 15.027096
132.707 -1.372174 -2.991590 2.880154 15.035296
132.807 -1.385650 -2.987968 2.878235 15.049250
132.907 -1.393188 -2.985951 2.880154 15.057054
133.007 -1.400799 -2.983915 2.880154 15.064933
133.107 -1.414228 -2.980322 2.880154 15.078834
133.207 -1.421986 -2.978246 2.880154 15.086864
133.307 -1.446307 -3.016896 2.871687 15.132529
133.407 -1.472705 -3.046139 2.864805 15.171925
133.515 -1.481204 -3.043728 2.866550 15.180759
133.607 -1.482168 -3.043456 2.866550 15.181761
133.722 -1.482052 -3.043488 2.866550 15.181882
133.826 -1.482052 -3.043488 2.866550 15.181882
133.914 -1.482052 -3.043488 2.866550 15.181882
134.015 -1.482052 -3.043488 2.866550 15.181882
134.107 -1.482052 -3.043488 2.866550 15.181882
134.207 -1.482052 -3.043488 2.866550 15.181882
134.307 -1.482052 -3.043488 2.866550 15.181882
134.407 -1.481916 -3.043527 2.866550 15.182023
134.507 -1.481821 -3.043554 2.866550 15.182122
134.607 -1.481994 -3.043505 2.866550 15.182302
134.707 -1.481875 -3.043538 2.866550 15.182426
134.809 -1.481931 -3.043523 2.866550 15.182484
134.907 -1.481969 -3.043512 2.866550 15.182524
135.007 -1.481969 -3.043512 2.866550 15.182524
135.107 -1.481969 -3.043512 2.866550 15.182524
135.207 -1.481986 -3.043507 2.866550 15.182542
135.307 -1.481986 -3.043507 2.866550 15.182542
135.408 -1.482006 -3.043502 2.866550 15.182562
135.507 -1.482006 -3.043502 2.866550 15.182562
135.607 -1.482006 -3.043502 2.866550 15.182562
135.707 -1.482006 -3.043502 2.866550 15.182562
135.808 -1.482006 -3.043502 2.866550 15.182562
135.907 -1.482006 -3.043502 2.866550 15.182562
136.008 -1.482006 -3.043502 2.866550 15.182562
136.108 -1.482006 -3.043502 2.866550 15.182562
136.208 -1.482006 -3.043502 2.866550 15.182562
136.307 -1.482006 -3.043502 2.866550 15.182562
136.408 -1.482006 -3.043502 2.866550 15.182562
136.508 -1.471074 -3.051179 2.881768 15.195919
136.607 -1.471074 -3.051179 2.881768 15.195919
136.716 -1.471074 -3.051179 2.881768 15.195919
136.807 -1.471074 -3.051179 2.881768 15.195919
136.907 -1.471074 -3.051179 2.881768 15.195919
137.007 -1.471074 -3.051179 2.881768 15.195919
137.107 -1.471074 -3.051179 2.881768 15.195919
137.207 -1.471074 -3.051179 2.881768 15.195919
137.307 -1.471074 -3.051179 2.881768 15.195919
137.407 -1.471074 -3.051179 2.881768 15.195919
137.507 -1.471074 -3.051179 2.881768 15.195919
137.607 -1.471074 -3.051179 2.881768 15.195919
137.707 -1.471074 -3.051179 2.881768 15.195919
137.807 -1.471074 -3.051179 2.881768 15.195919
137.907 -1.471074 -3.051179 2.881768 15.195919
138.008 -1.471074 -3.051179 2.881768 15.195919
138.107 -1.471074 -3.051179 2.881768 15.195919
138.207 -1.471074 -3.051179 2.881768 15.195919
138.307 -1.471074 -3.051179 2.881768 15.195919
138.409 -1.471074 -3.051179 2.881768 15.195919
138.507 -1.471074 -3.051179 2.881768 15.195919
138.607 -1.471074 -3.051179 2.881768 15.195919
138.707 -1.471074 -3.051179 2.881768 15.195919
138.807 -1.471074 -3.051179 2.881768 15.195919
138.907 -1.471074 -3.051179 2.881768 15.195919
139.007 -1.471074 -3.051179 2.881768 15.195919
139.107 -1.471074 -3.051179 2.881768 15.195919
139.207 -1.471074 -3.051179 2.881768 15.195919
139.307 -1.471074 -3.051179 2.881768 15.195919
139.407 -1.471074 -3.051179 2.881768 15.195919
139.507 -1.472807 -3.050250 2.875518 15.197886
139.607 -1.472807 -3.050250 2.875518 15.197886
139.707 -1.472807 -3.050250 2.875518 15.197886
139.807 -1.472807 -3.050250 2.875518 15.197886
139.907 -1.472807 -3.050250 2.875518 15.197886
140.007 -1.472807 -3.050250 2.875518 15.197886
140.107 -1.472807 -3.050250 2.875518 15.197886
140.207 -1.472807 -3.050250 2.875518 15.197886
140.307 -1.472807 -3.050250 2.875518 15.197886
140.407 -1.472807 -3.050250 2.875518 15.197886
140.507 -1.472807 -3.050250 2.875518 15.197886
140.607 -1.472826 -3.050245 2.875518 15.197905
140.707 -1.472883 -3.050229 2.875518 15.197965
140.807 -1.472864 -3.050234 2.875518 15.197985
140.907 -1.472865 -3.050234 2.875518 15.197985
141.007 -1.472869 -3.050233 2.875518 15.197990
141.107 -1.472869 -3.050233 2.875518 15.197990
141.207 -1.472869 -3.050233 2.875518 15.197990
141.307 -1.472869 -3.050233 2.875518 15.197990
141.408 -1.472869 -3.050233 2.875518 15.197990
141.513 -1.472869 -3.050233 2.875518 15.197990
141.607 -1.472869 -3.050233 2.875518 15.197990
141.707 -1.472869 -3.050233 2.875518 15.197990
141.807 -1.472869 -3.050233 2.875518 15.197990
141.907 -1.472869 -3.050233 2.875518 15.197990
142.007 -1.472869 -3.050233 2.875518 15.197990
142.108 -1.472869 -3.050233 2.875518 15.197990
142.207 -1.472869 -3.050233 2.875518 15.197990
142.307 -1.472869 -3.050233 2.875518 15.197990
142.407 -1.472869 -3.050233 2.875518 15.197990
142.507 -1.472868 -3.050233 2.875521 15.197992
142.607 -1.472866 -3.050233 2.875524 15.197994
142.707 -1.472866 -3.050233 2.875524 15.197994
142.807 -1.472866 -3.050233 2.875524 15.197994
142.907 -1.472866 -3.050233 2.875524 15.197994
143.007 -1.472866 -3.050233 2.875524 15.197994
143.107 -1.472866 -3.050233 2.875524 15.197994
143.208 -1.472866 -3.050233 2.875524 15.197994
143.307 -1.472866 -3.050233 2.875524 15.197994
143.407 -1.472866 -3.050233 2.875524 15.197994
143.507 -1.472866 -3.050233 2.875524 15.197994
143.607 -1.472866 -3.050233 2.875524 15.197994
143.707 -1.472866 -3.050233 2.875524 15.197994
143.807 -1.472866 -3.050233 2.875524 15.197994
143.907 -1.472866 -3.050233 2.875524 15.197994
144.007 -1.472866 -3.050233 2.875524 15.197994
144.110 -1.472866 -3.050233 2.875524 15.197994
144.207 -1.472866 -3.050233 2.875524 15.197994
144.307 -1.472866 -3.050233 2.875524 15.197994
144.407 -1.472866 -3.050233 2.875524 15.197994
144.507 -1.472866 -3.050233 2.875524 15.197994
144.607 -1.472866 -3.050233 2.875524 15.197994
144.707 -1.472866 -3.050233 2.875524 15.197994
144.807 -1.472846 -3.050238 2.875524 15.198014
144.907 -1.472846 -3.050238 2.875524 15.198014
145.007 -1.472827 -3.050243 2.875524 15.198034
145.107 -1.472827 -3.050243 2.875524 15.198034
145.207 -1.472827 -3.050243 2.875524 15.198034
145.307 -1.472807 -3.050249 2.875524 15.198054
145.408 -1.472807 -3.050249 2.875524 15.198054
145.507 -1.472807 -3.050249 2.875524 15.198054
145.607 -1.472807 -3.050249 2.875524 15.198054
145.707 -1.472810 -3.052745 2.875530 15.200550
145.808 -1.472810 -3.053373 2.875532 15.201179
145.907 -1.472810 -3.053373 2.875532 15.201179
146.007 -1.472810 -3.053373 2.875532 15.201179
146.109 -1.472810 -3.053373 2.875532 15.201179
146.207 -1.472810 -3.053373 2.875532 15.201179
146.307 -1.472810 -3.053373 2.875532 15.201179
146.407 -1.472810 -3.053373 2.875532 15.201179
146.507 -1.472810 -3.053373 2.875532 15.201179
146.607 -1.472810 -3.053373 2.875532 15.201179
146.707 -1.472810 -3.053373 2.875532 15.201179
146.807 -1.472810 -3.053373 2.875532 15.201179
