# t_sec x y yaw_rad cum_dist_m
0.104 0.007813 -0.001727 0.001562 0.000000
0.202 0.007813 -0.001727 0.001562 0.000000
0.308 0.007813 -0.001727 0.001562 0.000000
0.402 0.007813 -0.001112 0.001562 0.000615
0.502 0.007813 -0.000164 0.001563 0.001562
0.606 0.007813 -0.000164 0.001563 0.001562
0.702 0.007813 -0.000164 0.001563 0.001562
0.802 0.007813 -0.000164 0.001563 0.001562
0.915 0.007813 -0.000164 0.001563 0.001562
1.002 0.007953 -0.000164 0.012034 0.001702
1.102 0.007911 -0.000166 0.033153 0.001744
1.202 0.007971 -0.000161 0.064743 0.001804
1.302 0.008030 -0.000156 0.103141 0.001864
1.402 0.007672 -0.000199 0.124085 0.002224
1.502 0.007849 -0.000169 0.172954 0.002403
1.602 0.007888 -0.000161 0.204370 0.002443
1.702 0.007693 -0.000203 0.228804 0.002643
1.802 0.007575 -0.000230 0.279419 0.002764
1.902 0.007671 -0.000202 0.296872 0.002864
2.002 0.007691 -0.000195 0.340505 0.002885
2.102 0.007052 -0.000435 0.371921 0.003568
2.202 0.007436 -0.000273 0.410144 0.003985
2.303 0.007634 -0.000186 0.433008 0.004202
2.402 0.007273 -0.000360 0.464424 0.004603
2.502 0.007379 -0.000303 0.502821 0.004723
2.602 0.007310 -0.000342 0.546454 0.004803
2.703 0.007413 -0.000276 0.569144 0.004926
2.803 0.007075 -0.000499 0.590088 0.005330
2.902 0.007169 -0.000422 0.637386 0.005451
3.002 0.001967 -0.003853 0.685315 0.011682
3.102 -0.004283 -0.008001 0.729077 0.019183
3.202 -0.004412 -0.008129 0.776201 0.019365
3.302 -0.004312 -0.008026 0.805871 0.019509
3.402 -0.004270 -0.007979 0.844269 0.019571
3.502 -0.004676 -0.008451 0.868703 0.020193
3.602 -0.004688 -0.008462 0.907100 0.020210
3.702 -0.004689 -0.008474 0.955795 0.020222
3.802 -0.004701 -0.008492 0.973248 0.020244
3.902 -0.004968 -0.008904 1.020721 0.020735
4.002 -0.004920 -0.008814 1.048647 0.020837
4.102 -0.004877 -0.008741 1.078492 0.020922
4.202 -0.005162 -0.009308 1.122125 0.021557
4.302 -0.004901 -0.008728 1.162268 0.022193
4.402 -0.004845 -0.008599 1.179721 0.022333
4.502 0.005555 -0.007039 1.223483 0.032850
4.602 0.005776 -0.006396 1.263626 0.033529
4.702 0.005673 -0.006742 1.284570 0.033890
4.802 0.005630 -0.006876 1.326458 0.034030
4.902 0.005626 -0.006915 1.366600 0.034070
5.002 0.005549 -0.007309 1.387544 0.034471
5.105 0.005665 -0.006586 1.434668 0.035204
5.202 0.005592 -0.007211 1.466084 0.035833
5.304 0.005577 -0.007364 1.492264 0.035987
5.402 0.005598 -0.007005 1.522109 0.036346
5.502 0.005590 -0.007407 1.567488 0.036748
5.602 0.005591 -0.007644 1.598904 0.036985
5.702 0.005600 -0.007751 1.633810 0.037092
5.802 0.005574 -0.007418 1.665052 0.037427
5.903 0.005615 -0.007777 1.715841 0.037789
6.002 0.000430 -0.010609 1.752587 0.043698
6.102 0.000438 -0.010649 1.780687 0.043738
6.202 0.000503 -0.010903 1.829556 0.044000
6.302 0.000491 -0.010858 1.859227 0.044047
6.402 0.000485 -0.010841 1.887152 0.044065
6.502 0.000477 -0.010820 1.937767 0.044087
6.602 0.000604 -0.011134 1.965692 0.044425
6.702 0.000667 -0.011281 1.991872 0.044585
6.802 0.000383 -0.010685 2.032014 0.045245
6.902 0.000665 -0.011215 2.070412 0.045845
7.002 0.000750 -0.011371 2.107064 0.046023
7.102 0.000626 -0.011168 2.133243 0.046261
7.217 0.000845 -0.011503 2.157678 0.046661
7.303 0.000880 -0.011575 2.217019 0.046741
7.402 0.000856 -0.011544 2.239709 0.046781
7.502 -0.002969 -0.026505 2.270545 0.062224
7.602 -0.002914 -0.026562 2.317669 0.062303
7.702 -0.002914 -0.026562 2.331631 0.062304
7.810 -0.002880 -0.026600 2.363047 0.062354
7.902 -0.002966 -0.026516 2.410171 0.062474
8.002 -0.002875 -0.026595 2.434606 0.062594
8.102 -0.002753 -0.026697 2.453804 0.062753
8.202 -0.002688 -0.026741 2.520127 0.062832
8.302 -0.002573 -0.026821 2.542816 0.062972
8.402 -0.002675 -0.026759 2.582784 0.063091
8.515 -0.002532 -0.026847 2.617691 0.063259
8.602 -0.002461 -0.026885 2.645965 0.063340
8.702 -0.001870 -0.027186 2.687853 0.064003
8.802 -0.001835 -0.027202 2.727821 0.064042
8.902 -0.005423 -0.048188 2.765690 0.085332
9.002 -0.005012 -0.048339 2.812814 0.085770
9.102 -0.005127 -0.048303 2.846150 0.085890
9.202 -0.005109 -0.048307 2.874075 0.085909
9.302 -0.004742 -0.048401 2.919279 0.086287
9.402 -0.004780 -0.048392 2.943714 0.086327
9.502 -0.004839 -0.048381 2.978795 0.086386
9.602 -0.004801 -0.048390 3.020857 0.086425
9.702 -0.004637 -0.048406 3.053844 0.086590
9.802 -0.004610 -0.048410 3.087180 0.086617
9.902 -0.004841 -0.048395 3.122086 0.086849
10.002 -0.004099 -0.048393 -3.124447 0.087592
10.102 -0.004417 -0.048406 -3.096522 0.087910
10.202 -0.004815 -0.048427 -3.061615 0.088309
10.302 0.005817 -0.046135 -3.034735 0.099185
10.402 0.012335 -0.044690 -3.010272 0.105862
10.502 0.012294 -0.044694 -2.980601 0.105903
10.602 0.012470 -0.044657 -2.935222 0.106082
10.702 0.012583 -0.044632 -2.907297 0.106198
10.802 0.012570 -0.044638 -2.870645 0.106213
10.902 0.012399 -0.044684 -2.825267 0.106389
11.002 0.012704 -0.044578 -2.797341 0.106712
11.102 0.012767 -0.044555 -2.771161 0.106779
11.202 0.012543 -0.044656 -2.725783 0.107024
11.302 0.012633 -0.044614 -2.697858 0.107124
11.402 0.013153 -0.044353 -2.666442 0.107705
11.502 0.013101 -0.044385 -2.628044 0.107765
11.602 0.012619 -0.044667 -2.603610 0.108324
11.702 0.013025 -0.044414 -2.579175 0.108802
11.802 0.036372 -0.002738 -2.494553 0.156572
11.902 0.049580 0.020918 -2.444338 0.183665
12.002 0.049520 0.020866 -2.414667 0.183745
12.102 0.049594 0.020931 -2.367543 0.183843
12.202 0.049707 0.021043 -2.348170 0.184002
12.302 0.049666 0.020999 -2.323561 0.184062
12.402 0.049674 0.021021 -2.271201 0.184084
12.502 0.049890 0.021283 -2.243276 0.184424
12.604 0.049767 0.021125 -2.206450 0.184625
12.704 0.049651 0.020957 -2.169798 0.184828
12.802 0.049608 0.020892 -2.141698 0.184906
12.902 0.049660 0.020976 -2.115518 0.185005
13.002 0.049757 0.021146 -2.068394 0.185201
13.103 0.049887 0.021396 -2.040294 0.185482
13.202 0.049861 0.021342 -2.010624 0.185543
13.302 0.049938 0.021530 -1.963500 0.185746
13.402 0.049968 0.021603 -1.944301 0.185825
13.502 0.058770 0.038838 -1.867523 0.205178
13.610 0.062836 0.046869 -1.822520 0.214179
13.706 0.062842 0.046895 -1.799831 0.214206
13.802 0.062896 0.047164 -1.747471 0.214480
13.902 0.062865 0.046971 -1.721291 0.214675
14.002 0.062885 0.047151 -1.691620 0.214857
14.102 0.062922 0.047467 -1.642751 0.215175
14.202 0.062897 0.047035 -1.614826 0.215608
14.306 0.062906 0.047430 -1.586901 0.216004
14.402 0.062911 0.047619 -1.536286 0.216193
14.502 0.062914 0.047540 -1.511851 0.216272
14.602 0.062876 0.048015 -1.475199 0.216750
14.702 0.062938 0.047455 -1.438548 0.217314
14.802 0.062864 0.047930 -1.408877 0.217794
14.902 0.059681 0.052702 -1.365054 0.223530
15.002 0.051724 0.064755 -1.314060 0.237973
15.102 0.051579 0.065258 -1.282644 0.238496
15.206 0.051675 0.064972 -1.242501 0.238798
15.302 0.051600 0.065179 -1.205849 0.239018
15.402 0.051481 0.065475 -1.181415 0.239337
15.502 0.051555 0.065309 -1.141272 0.239519
15.602 0.051503 0.065419 -1.113347 0.239640
15.702 0.051618 0.065203 -1.069714 0.239885
15.803 0.051369 0.065634 -1.036378 0.240383
15.902 0.051415 0.065562 -1.008453 0.240469
16.002 0.051567 0.065340 -0.970055 0.240738
16.102 0.051309 0.065698 -0.927993 0.241180
16.202 0.051089 0.065981 -0.891516 0.241538
16.302 0.051141 0.065920 -0.865336 0.241618
16.402 0.051391 0.065631 -0.821702 0.242000
16.502 0.050906 0.066133 -0.783305 0.242699
16.602 0.006421 0.034184 -0.721792 0.297468
16.704 0.006619 0.034013 -0.678159 0.297730
16.802 0.006242 0.034308 -0.655470 0.298209
16.902 0.006021 0.034478 -0.610091 0.298487
17.002 0.005953 0.034521 -0.573439 0.298568
17.102 0.006140 0.034406 -0.538533 0.298787
17.202 0.005910 0.034532 -0.496645 0.299050
17.304 0.005360 0.034816 -0.463484 0.299669
17.402 0.005833 0.034592 -0.439049 0.300192
17.502 0.005903 0.034555 -0.393671 0.300271
17.602 0.005364 0.034766 -0.358764 0.300850
17.708 0.005402 0.034753 -0.323857 0.300890
17.802 0.005643 0.034668 -0.285286 0.301146
17.902 0.005067 0.034827 -0.252124 0.301743
18.002 0.004035 0.023629 -0.222066 0.312989
18.102 0.002223 0.003202 -0.179780 0.333496
18.205 0.001885 0.003249 -0.139638 0.333837
18.302 0.001825 0.003256 -0.113458 0.333898
18.402 0.001746 0.003265 -0.080297 0.333978
18.502 0.001942 0.003247 -0.029682 0.334175
18.602 0.001328 0.003257 -0.001757 0.334789
18.702 0.001683 0.003261 0.010461 0.335143
18.802 0.001703 0.003262 0.010461 0.335164
18.902 0.001703 0.003262 0.010461 0.335164
19.002 0.001703 0.003262 0.010461 0.335164
19.103 0.001703 0.003262 0.010461 0.335164
19.202 0.001703 0.003262 0.010461 0.335164
19.302 0.001703 0.003262 0.010461 0.335164
19.402 0.001703 0.003262 0.010461 0.335164
19.502 0.001703 0.003262 0.010461 0.335164
19.604 0.001703 0.003262 0.010461 0.335164
19.706 0.001703 0.003262 0.010461 0.335164
19.802 0.001703 0.003262 0.010461 0.335164
19.906 0.001703 0.003262 0.010461 0.335164
20.003 0.001703 0.003262 0.010461 0.335164
20.102 0.001703 0.003262 0.010461 0.335164
20.202 0.001703 0.003262 0.010461 0.335164
20.302 0.001703 0.003262 0.010461 0.335164
20.402 0.001703 0.003262 0.010461 0.335164
20.502 0.001703 0.003262 0.010461 0.335164
20.602 0.001703 0.003262 0.010461 0.335164
20.702 0.001703 0.003262 0.010461 0.335164
20.802 0.001703 0.003262 0.010461 0.335164
20.902 0.001703 0.003262 0.010461 0.335164
21.004 0.001843 0.003160 0.009874 0.335337
21.102 0.011089 -0.002943 -0.025407 0.346415
21.203 0.018160 -0.003120 -0.025407 0.353489
21.302 0.026514 -0.003328 -0.025407 0.361845
21.402 0.040569 -0.003659 -0.021916 0.375904
21.503 0.058315 -0.003982 -0.006208 0.393653
21.602 0.072776 -0.003932 0.011419 0.408114
21.703 0.087784 -0.003614 0.021891 0.423126
21.802 0.105574 -0.003177 0.025557 0.440921
21.902 0.114228 -0.002951 0.027302 0.449578
22.002 0.129723 -0.002444 0.036378 0.465081
22.102 0.146655 -0.001808 0.039868 0.482026
22.202 0.155750 -0.001445 0.039868 0.491127
22.302 0.173720 -0.000635 0.055576 0.509115
22.402 0.187154 0.000211 0.067793 0.522577
22.502 0.203844 0.001402 0.071284 0.539309
22.602 0.215876 0.002282 0.073029 0.551373
22.702 0.230411 0.003362 0.074775 0.565948
22.802 0.248263 0.004710 0.076520 0.583851
22.902 0.259531 0.005574 0.076520 0.595152
23.002 0.270964 0.006470 0.078265 0.606620
23.103 0.290058 0.007994 0.081931 0.625775
23.202 0.301608 0.008957 0.083676 0.637365
23.302 0.313568 0.009978 0.085596 0.649368
23.402 0.333557 0.011761 0.091006 0.669437
23.502 0.345425 0.012849 0.092926 0.681354
23.602 0.356884 0.013917 0.092926 0.692863
23.702 0.370655 0.015225 0.094672 0.706696
23.802 0.387907 0.016893 0.098162 0.724029
23.903 0.399758 0.018066 0.099908 0.735937
24.002 0.416184 0.019730 0.101653 0.752448
24.102 0.432258 0.021425 0.106889 0.768611
24.202 0.462917 0.108750 0.204276 0.861161
24.302 0.480540 0.112293 0.185077 0.879137
24.402 0.494752 0.114848 0.167799 0.893577
24.502 0.509024 0.117052 0.148425 0.908018
24.602 0.526684 0.119617 0.143015 0.925863
24.702 0.532670 0.120468 0.141270 0.931910
24.802 0.556107 0.123785 0.139524 0.955580
24.902 0.565191 0.125061 0.139524 0.964754
25.002 0.582617 0.127242 0.115090 0.982316
25.103 0.597420 0.128852 0.106363 0.997206
25.202 0.614831 0.130685 0.104618 1.014713
25.302 0.626563 0.131902 0.102872 1.026508
25.402 0.638483 0.133122 0.101127 1.038490
25.502 0.658553 0.135139 0.099382 1.058662
25.602 0.670363 0.136316 0.099382 1.070529
25.702 0.682582 0.137529 0.097636 1.082809
25.803 0.702475 0.139042 0.062730 1.102760
25.903 0.713284 0.139606 0.054003 1.113583
26.002 0.727706 0.140380 0.054003 1.128026
26.102 0.739779 0.141021 0.050338 1.140116
26.202 0.756965 0.141652 0.029045 1.157313
26.305 0.771933 0.141977 0.016828 1.172285
26.402 0.783518 0.142146 0.013337 1.183871
26.502 0.804510 0.142359 0.009846 1.204864
26.602 0.816371 0.142491 0.011592 1.216726
26.703 0.828602 0.142643 0.013337 1.228958
26.802 0.848955 0.142976 0.018573 1.249314
26.902 0.861372 0.143223 0.020318 1.261733
27.002 0.873824 0.143515 0.025554 1.274189
27.102 0.887634 0.143893 0.030965 1.288004
27.202 0.904638 0.144482 0.036375 1.305018
27.302 0.959840 0.201995 -0.007423 1.384736
27.402 0.980995 0.202004 0.007063 1.405892
27.502 0.992393 0.202109 0.010554 1.417290
27.602 1.005655 0.202259 0.012473 1.430553
27.702 1.016837 0.202383 0.007237 1.441735
27.802 1.032905 0.202363 -0.005154 1.457803
27.902 1.046514 0.202240 -0.008645 1.471413
28.002 1.058351 0.202110 -0.010565 1.483251
28.102 1.076035 0.201872 -0.017721 1.500936
28.206 1.089968 0.201601 -0.021386 1.514872
28.303 1.101254 0.201325 -0.024877 1.526161
28.402 1.118823 0.200914 -0.023131 1.543735
28.502 1.133191 0.200618 -0.021386 1.558106
28.602 1.144428 0.200363 -0.023131 1.569346
28.704 1.155380 0.200110 -0.023131 1.580301
28.805 1.176561 0.199713 -0.017721 1.601485
28.902 1.188466 0.199545 -0.012310 1.613391
29.002 1.199881 0.199362 -0.026098 1.624808
29.102 1.218641 0.198751 -0.035174 1.643579
29.207 1.233389 0.198196 -0.038665 1.658337
29.304 1.245242 0.197712 -0.042155 1.670199
29.402 1.263041 0.196925 -0.047391 1.688016
29.502 1.275068 0.196339 -0.049137 1.700057
29.602 1.292640 0.195429 -0.052627 1.717652
29.702 1.306864 0.194660 -0.054373 1.731898
29.802 1.319795 0.193930 -0.057863 1.744849
29.902 1.330032 0.193365 -0.056118 1.755102
30.002 1.344744 0.192504 -0.057863 1.769839
30.102 1.352317 0.192047 -0.061354 1.777426
30.202 1.353530 0.191972 -0.061354 1.778641
30.302 1.355281 0.191872 -0.036919 1.780395
30.402 1.359832 0.207059 0.007237 1.796249
30.502 1.374389 0.267169 0.059997 1.858096
30.602 1.374616 0.267209 0.189151 1.858326
30.702 1.374736 0.267237 0.252158 1.858450
30.802 1.374729 0.267242 0.306088 1.858458
30.902 1.374568 0.267188 0.398591 1.858627
31.002 1.374526 0.267166 0.445715 1.858675
31.103 1.374258 0.267022 0.505056 1.858979
31.202 1.374597 0.267230 0.552180 1.859376
31.302 1.374733 0.267317 0.587086 1.859538
31.402 1.374500 0.267154 0.625483 1.859822
31.503 1.374911 0.267473 0.688141 1.860342
31.602 1.341479 0.273742 0.756699 1.894356
31.702 1.341535 0.273799 0.791605 1.894436
31.802 1.340234 0.272303 0.871891 1.896418
31.903 1.338889 0.270604 0.920760 1.898585
32.002 1.337789 0.269075 0.966138 1.900469
32.102 1.335834 0.265914 1.044678 1.904186
32.202 1.334983 0.264347 1.088311 1.905969
32.302 1.334254 0.262874 1.124963 1.907612
32.402 1.333363 0.260839 1.184305 1.909834
32.502 1.333065 0.260059 1.220956 1.910669
32.602 1.332877 0.259508 1.259354 1.911251
32.702 1.332807 0.259279 1.327422 1.911490
32.802 1.334215 0.216083 1.399524 1.954709
32.902 1.334086 0.214530 1.530249 1.956268
33.002 1.334172 0.212108 1.638634 1.958691
33.102 1.334414 0.210209 1.724155 1.960606
33.202 1.335027 0.207546 1.863781 1.963338
33.302 1.335770 0.205598 1.975482 1.965423
33.402 1.336481 0.204165 2.074966 1.967023
33.502 1.338112 0.201660 2.200630 1.970012
33.602 1.339677 0.199763 2.296623 1.972472
33.702 1.364448 0.167850 2.477482 2.012870
33.803 1.376301 0.151470 2.628714 2.033088
33.902 1.378199 0.150526 2.719471 2.035209
34.002 1.380937 0.149574 2.857352 2.038108
34.107 1.406592 0.152810 2.994596 2.063966
34.202 1.407451 0.152738 3.085528 2.064827
34.302 1.405102 0.152555 -3.061697 2.067184
34.402 1.397582 0.151419 -2.948076 2.074788
34.503 1.392637 0.150140 -2.853828 2.079896
34.602 1.408715 0.226816 -2.722058 2.158240
34.702 1.396481 0.220175 -2.598140 2.172160
34.804 1.386799 0.213733 -2.528327 2.183789
34.902 1.375080 0.204537 -2.441060 2.198685
35.002 1.355584 0.158298 -2.352411 2.248867
35.102 1.345563 0.137669 -2.290317 2.271801
35.202 1.337023 0.127146 -2.224169 2.285354
35.302 1.328524 0.114841 -2.143884 2.300308
35.402 1.323586 0.106653 -2.091524 2.309870
35.502 1.318388 0.096905 -2.042655 2.320917
35.602 1.309767 0.077837 -1.960624 2.341843
35.703 1.245999 0.062047 -1.946979 2.407537
35.802 1.241655 0.049952 -1.894619 2.420389
35.902 1.237194 0.035055 -1.840340 2.435939
36.002 1.234666 0.024976 -1.800372 2.446330
36.102 1.232230 0.012849 -1.748012 2.458700
36.202 1.229806 -0.004171 -1.686925 2.475891
36.302 1.228713 -0.015987 -1.648528 2.487757
36.402 1.227930 -0.029489 -1.610131 2.501283
36.502 1.227644 -0.043002 -1.576969 2.514798
36.602 1.227987 -0.058391 -1.526355 2.530192
36.702 1.275119 -0.039686 -1.587530 2.580899
36.804 1.289353 -0.039106 -1.593814 2.595146
36.905 1.289373 -0.053630 -1.557162 2.609671
37.002 1.290343 -0.070541 -1.482113 2.626609
37.104 1.291723 -0.081742 -1.424517 2.637895
37.202 1.295026 -0.098493 -1.338996 2.654968
37.302 1.297216 -0.106716 -1.295362 2.663478
37.405 1.302882 -0.123461 -1.209841 2.681156
37.504 1.309900 -0.140052 -1.140028 2.699169
37.602 1.316515 -0.153279 -1.085748 2.713959
37.702 1.321829 -0.162766 -1.045780 2.724833
37.803 1.318297 -0.157361 -0.951987 2.731289
37.902 1.319029 -0.157593 -0.912519 2.732057
38.002 1.327795 -0.168292 -0.868886 2.745888
38.102 1.339390 -0.181282 -0.833979 2.763300
38.202 1.346733 -0.189376 -0.833979 2.774230
38.302 1.355847 -0.199377 -0.826823 2.787760
38.402 1.367919 -0.212390 -0.819493 2.805511
38.502 1.375747 -0.220764 -0.819493 2.816973
38.602 1.387825 -0.233950 -0.831885 2.834855
38.703 1.394910 -0.241756 -0.835550 2.845397
38.810 1.402072 -0.249711 -0.839215 2.856101
38.902 1.415296 -0.264640 -0.848291 2.876044
39.003 1.423416 -0.273919 -0.853876 2.888375
39.102 1.431081 -0.282737 -0.855621 2.900058
39.202 1.444413 -0.298242 -0.862952 2.920507
39.302 1.452077 -0.307274 -0.868537 2.932352
39.402 1.463064 -0.320432 -0.877438 2.949494
39.502 1.470582 -0.329471 -0.877438 2.961251
39.602 1.481589 -0.342716 -0.877438 2.978473
39.702 1.489276 -0.351974 -0.879358 2.990506
39.804 1.495336 -0.359308 -0.881103 3.000020
39.902 1.502542 -0.368113 -0.888433 3.011398
40.004 1.506764 -0.373294 -0.884768 3.018082
40.102 1.507431 -0.374108 -0.884768 3.019134
40.202 1.507328 -0.373983 -0.884768 3.019295
40.302 1.507328 -0.373983 -0.884768 3.019295
40.402 1.507328 -0.373983 -0.884768 3.019295
40.502 1.507328 -0.373983 -0.884768 3.019295
40.602 1.507328 -0.373983 -0.884768 3.019295
40.703 1.507328 -0.373983 -0.884768 3.019295
40.804 1.507328 -0.373983 -0.884768 3.019295
40.902 1.507328 -0.373983 -0.884768 3.019295
41.002 1.518443 -0.388945 -0.926698 3.037934
41.102 1.530758 -0.409440 -0.989892 3.061844
41.202 1.530758 -0.409440 -0.989892 3.061844
41.303 1.530758 -0.409440 -0.989892 3.061844
41.402 1.530758 -0.409440 -0.989892 3.061844
41.502 1.530758 -0.409440 -0.989892 3.061844
41.602 1.530758 -0.409440 -0.989892 3.061844
41.702 1.534868 -0.415513 -0.970519 3.069177
41.802 1.539545 -0.422181 -0.949575 3.077322
41.902 1.545670 -0.430206 -0.904022 3.087417
42.002 1.557532 -0.444136 -0.836128 3.105713
42.104 1.566124 -0.453128 -0.792495 3.118150
42.202 1.580178 -0.466130 -0.713955 3.137296
42.302 1.589124 -0.473472 -0.670322 3.148870
42.402 1.597143 -0.479559 -0.635416 3.158937
42.502 1.612235 -0.489833 -0.570838 3.177194
42.602 1.621930 -0.495890 -0.549894 3.188625
42.702 1.632315 -0.502039 -0.527205 3.200694
42.802 1.650307 -0.511951 -0.483572 3.221237
42.902 1.660840 -0.517343 -0.464373 3.233069
43.002 1.670928 -0.522241 -0.445175 3.244284
43.102 1.689063 -0.530448 -0.401541 3.264189
43.202 1.700382 -0.534957 -0.366635 3.276373
43.304 1.714553 -0.539996 -0.323002 3.291414
43.402 1.750425 -0.538253 -0.293379 3.327328
43.503 1.792295 -0.535355 -0.261965 3.369298
43.602 1.799321 -0.537135 -0.244512 3.376546
43.702 1.813452 -0.540480 -0.221473 3.391067
43.804 1.826000 -0.543104 -0.195293 3.403886
43.902 1.836479 -0.545065 -0.174350 3.414548
44.002 1.853815 -0.548025 -0.179586 3.432134
44.102 1.867130 -0.550622 -0.204020 3.445700
44.202 1.883940 -0.554395 -0.238927 3.462929
44.303 1.894915 -0.557157 -0.251493 3.474246
44.402 1.906096 -0.560123 -0.267376 3.485814
44.502 1.925737 -0.565785 -0.288669 3.506254
44.602 1.936812 -0.569090 -0.292334 3.517813
44.702 1.948000 -0.572489 -0.297744 3.529505
44.802 1.967526 -0.578672 -0.313627 3.549987
44.902 1.978587 -0.582409 -0.329509 3.561662
45.002 1.989882 -0.586291 -0.333174 3.573605
45.102 2.002948 -0.590844 -0.336840 3.587442
45.202 2.018671 -0.596457 -0.347312 3.604137
45.302 2.028908 -0.600229 -0.356038 3.615047
45.402 2.046410 -0.606922 -0.376982 3.633784
45.502 2.056266 -0.610900 -0.389200 3.644413
45.602 2.066426 -0.615303 -0.417125 3.655486
45.702 2.082755 -0.623004 -0.453777 3.673540
45.802 2.092979 -0.628044 -0.462503 3.684938
45.902 2.106909 -0.635184 -0.478211 3.700592
46.002 2.122779 -0.643826 -0.518354 3.718663
46.109 2.127928 -0.646801 -0.527081 3.724609
46.202 2.150378 -0.653673 -0.566161 3.748088
46.302 2.199284 -0.635882 -0.635110 3.800129
46.402 2.208282 -0.642641 -0.645582 3.811383
46.502 2.217743 -0.649749 -0.642091 3.823216
46.602 2.234149 -0.662011 -0.640346 3.843699
46.702 2.242481 -0.668175 -0.635110 3.854063
46.802 2.251827 -0.675042 -0.631619 3.865660
46.902 2.267443 -0.686366 -0.622892 3.884950
47.002 2.275621 -0.692219 -0.619402 3.895006
47.132 2.286135 -0.699671 -0.615911 3.907894
47.202 2.298325 -0.708204 -0.607184 3.922774
47.302 2.306475 -0.713834 -0.601948 3.932679
47.402 2.318645 -0.722456 -0.629874 3.947594
47.502 2.332756 -0.733301 -0.676998 3.965391
47.602 2.340831 -0.740065 -0.711904 3.975924
47.702 2.348155 -0.746650 -0.743320 3.985773
47.802 2.362312 -0.760550 -0.804407 4.005613
47.902 2.369644 -0.768512 -0.837568 4.016437
48.002 2.377334 -0.777440 -0.874220 4.028221
48.102 2.389930 -0.793298 -0.917853 4.048472
48.202 2.396507 -0.802154 -0.940717 4.059503
48.302 2.402881 -0.811154 -0.956425 4.070532
48.402 2.412540 -0.825370 -0.984699 4.087719
48.502 2.417798 -0.833471 -1.000931 4.097377
48.602 2.423165 -0.841925 -1.009832 4.107390
48.710 2.471547 -0.796507 -1.039264 4.173750
48.802 2.476980 -0.805717 -1.037519 4.184443
48.902 2.485713 -0.820511 -1.037519 4.201622
49.002 2.493457 -0.833629 -1.037519 4.216855
49.102 2.499492 -0.843852 -1.037519 4.228727
49.202 2.508279 -0.858737 -1.037519 4.246012
49.302 2.515434 -0.870884 -1.042755 4.260109
49.402 2.520950 -0.880626 -1.061953 4.271304
49.502 2.529031 -0.895804 -1.098605 4.288500
49.602 2.534830 -0.907857 -1.137002 4.301875
49.702 2.539314 -0.918005 -1.166673 4.312970
49.802 2.545759 -0.933035 -1.161437 4.329323
49.902 2.550268 -0.943259 -1.149220 4.340498
50.002 2.554139 -0.951639 -1.131766 4.349729
50.102 2.561098 -0.965642 -1.091624 4.365365
50.202 2.565804 -0.974476 -1.077661 4.375375
50.302 2.571096 -0.984076 -1.060208 4.386337
50.402 2.580770 -1.000699 -1.040835 4.405569
50.502 2.586529 -1.010457 -1.037169 4.416900
50.602 2.595322 -1.025187 -1.029839 4.434055
50.702 2.602604 -1.037262 -1.024603 4.448156
50.802 2.608618 -1.046971 -1.013957 4.459577
50.902 2.617859 -1.061474 -0.995980 4.476774
51.002 2.623457 -1.070080 -0.992315 4.487040
51.103 2.632713 -1.084092 -0.981493 4.503833
51.202 2.639957 -1.094929 -0.981493 4.516868
51.302 2.646004 -1.103936 -0.979574 4.527717
51.402 2.652215 -1.113221 -0.979574 4.538888
51.502 2.657957 -1.121882 -1.011164 4.549280
51.602 2.658624 -1.122982 -1.054797 4.550566
51.702 2.658459 -1.122660 -1.110473 4.550928
51.802 2.658688 -1.123242 -1.253765 4.551554
51.907 2.704632 -1.105704 -1.330633 4.600731
52.002 2.704649 -1.105762 -1.445825 4.600792
52.102 2.704675 -1.105884 -1.574979 4.600917
52.202 2.704685 -1.105766 -1.655264 4.601036
52.302 2.704648 -1.106004 -1.758239 4.601277
52.402 2.704554 -1.106330 -1.882157 4.601617
52.502 2.704594 -1.106215 -1.964187 4.601738
52.602 2.704412 -1.106595 -2.042727 4.602159
52.702 2.737332 -1.151034 -2.266393 4.657463
52.802 2.738726 -1.149550 -2.358721 4.659499
52.902 2.740354 -1.148097 -2.445988 4.661681
53.005 2.742847 -1.146339 -2.601497 4.664732
53.102 2.744325 -1.145560 -2.690508 4.666402
53.202 2.745630 -1.145015 -2.776030 4.667816
53.302 2.718612 -1.126976 -2.952776 4.700303
53.405 2.702840 -1.117770 -3.002089 4.718565
53.502 2.695032 -1.118291 -3.129498 4.726390
53.613 2.687027 -1.117736 3.010570 4.734415
53.702 2.682743 -1.116943 2.928540 4.738772
53.803 2.676058 -1.115003 2.806367 4.745732
53.903 2.675891 -1.121063 2.742472 4.751794
54.003 2.679617 -1.138523 2.655551 4.769648
54.102 2.672526 -1.134322 2.573695 4.777889
54.202 2.666933 -1.130376 2.500391 4.784734
54.302 2.656696 -1.129546 2.429269 4.795005
54.402 2.635257 -1.131056 2.397169 4.816497
54.502 2.627610 -1.123663 2.358772 4.827134
54.602 2.616021 -1.111386 2.308158 4.844017
54.702 2.606459 -1.100252 2.262779 4.858693
54.802 2.597511 -1.088894 2.220891 4.873152
54.902 2.591182 -1.080274 2.194711 4.883846
55.002 2.551266 -1.117186 2.183965 4.938213
55.102 2.530983 -1.129944 2.170924 4.962175
55.202 2.521448 -1.115371 2.136018 4.979591
55.302 2.514234 -1.103519 2.104602 4.993465
55.402 2.508320 -1.093037 2.066205 5.005500
55.502 2.503741 -1.084292 2.045261 5.015372
55.602 2.499018 -1.074779 2.024317 5.025993
55.702 2.491066 -1.057444 1.991155 5.045065
55.802 2.486762 -1.047456 1.971957 5.055940
55.902 2.483011 -1.038263 1.952758 5.065869
56.002 2.476511 -1.021514 1.930069 5.083835
56.102 2.472818 -1.011358 1.916106 5.094642
56.202 2.469129 -1.000868 1.902144 5.105762
56.302 2.463403 -0.983683 1.884690 5.123876
56.402 2.460541 -0.974706 1.877709 5.133298
56.502 2.457594 -0.965260 1.868982 5.143193
56.602 2.408346 -0.921666 1.796064 5.208964
56.702 2.390874 -0.901647 1.766261 5.235535
56.802 2.388769 -0.890447 1.747062 5.246931
56.902 2.385483 -0.870197 1.718788 5.267446
57.002 2.383846 -0.858933 1.709887 5.278828
57.102 2.382384 -0.848314 1.706221 5.289548
57.202 2.379849 -0.829023 1.698891 5.309005
57.302 2.378374 -0.817569 1.698891 5.320553
57.402 2.376890 -0.805750 1.695226 5.332465
57.502 2.374507 -0.785907 1.687895 5.352450
57.602 2.373100 -0.773896 1.687895 5.364543
57.702 2.370891 -0.755834 1.695226 5.382740
57.802 2.369468 -0.744684 1.700636 5.393981
57.902 2.367381 -0.729293 1.707967 5.409513
58.002 2.365493 -0.716265 1.716868 5.422677
58.102 2.363755 -0.705006 1.727689 5.434069
58.202 2.360955 -0.688431 1.745317 5.450879
58.302 2.358272 -0.674185 1.764515 5.465375
58.402 2.355925 -0.662996 1.780223 5.476808
58.502 2.351983 -0.645620 1.801167 5.494625
58.602 2.348485 -0.630753 1.801167 5.509898
58.702 2.345953 -0.619957 1.801167 5.520987
58.805 2.341939 -0.603044 1.811639 5.538370
58.902 2.338549 -0.589367 1.816875 5.552461
59.002 2.335769 -0.578441 1.822111 5.563735
59.102 2.332095 -0.564453 1.832583 5.578197
59.202 2.327762 -0.548650 1.844800 5.594583
59.302 2.325272 -0.539968 1.851782 5.603616
59.402 2.321797 -0.528279 1.862254 5.615810
59.502 2.316552 -0.510960 1.867490 5.633906
59.608 2.313053 -0.499552 1.869235 5.645838
59.702 2.283829 -0.494819 1.876029 5.675443
59.805 2.233597 -0.494069 1.900011 5.725680
59.902 2.229906 -0.483264 1.900011 5.737099
60.002 2.226120 -0.472103 1.896521 5.748884
60.102 2.219989 -0.453272 1.877322 5.768688
60.202 2.216763 -0.442813 1.866850 5.779633
60.302 2.213624 -0.432391 1.859869 5.790517
60.403 2.208302 -0.413697 1.844161 5.809955
60.502 2.205248 -0.402450 1.831943 5.821609
60.605 2.202167 -0.390755 1.826707 5.833703
60.702 2.197161 -0.370428 1.804018 5.854637
60.802 2.194614 -0.359557 1.800353 5.865803
60.902 2.191973 -0.347869 1.786390 5.877785
61.003 2.187714 -0.327537 1.765097 5.898558
61.102 2.185574 -0.315942 1.747120 5.910349
61.203 2.183656 -0.304249 1.729667 5.922199
61.302 2.181018 -0.287568 1.724257 5.939087
61.402 2.178377 -0.269964 1.713436 5.956888
61.502 2.177205 -0.261337 1.702964 5.965595
61.606 2.174880 -0.240895 1.662821 5.986168
61.703 2.174229 -0.229342 1.608716 5.997739
61.802 2.174157 -0.217654 1.558101 6.009428
61.902 2.174887 -0.203041 1.495269 6.024059
62.002 2.176866 -0.185878 1.434183 6.041336
62.102 2.178865 -0.173655 1.392295 6.053721
62.202 2.181856 -0.159413 1.343426 6.068273
62.302 2.185990 -0.142904 1.315501 6.085292
62.402 2.188943 -0.132170 1.292811 6.096425
62.502 2.199883 -0.060881 1.164876 6.168549
62.602 2.204253 -0.040487 1.127361 6.189405
62.702 2.209181 -0.030486 1.104672 6.200554
62.802 2.217559 -0.014449 1.076746 6.218649
62.902 2.226199 0.000899 1.047076 6.236261
63.006 2.230810 0.008704 1.031193 6.245327
63.102 2.240198 0.023602 0.992796 6.262935
63.205 2.248407 0.035770 0.968012 6.277614
63.302 2.258421 0.049675 0.926124 6.294749
63.402 2.265110 0.058347 0.908497 6.305701
63.502 2.272080 0.067228 0.903086 6.316991
63.602 2.284098 0.082306 0.894359 6.336273
63.702 2.291473 0.091476 0.892614 6.348040
63.804 2.298682 0.100416 0.890869 6.359525
63.902 2.311726 0.116425 0.885633 6.380175
64.002 2.319171 0.125478 0.880397 6.391896
64.102 2.325722 0.133382 0.876906 6.402162
64.202 2.337986 0.147866 0.855962 6.421141
64.302 2.345492 0.156427 0.845490 6.432526
64.402 2.354589 0.166499 0.833273 6.446099
64.503 2.366115 0.179104 0.828037 6.463179
64.602 2.374695 0.188255 0.808838 6.475723
64.702 2.384487 0.198184 0.780913 6.489668
64.807 2.394828 0.208226 0.768696 6.504082
64.902 2.339265 0.271170 0.690277 6.588042
65.004 2.338136 0.282174 0.677267 6.599103
65.102 2.351897 0.293188 0.672031 6.616729
65.202 2.365344 0.303805 0.664701 6.633862
65.302 2.372050 0.309054 0.662956 6.642379
65.402 2.385413 0.319371 0.653880 6.659260
65.502 2.396950 0.328128 0.646724 6.673745
65.602 2.406456 0.335193 0.635903 6.685589
65.703 2.418874 0.344264 0.625082 6.700967
65.802 2.432017 0.353637 0.611119 6.717110
65.902 2.438796 0.358370 0.605883 6.725378
66.003 2.452813 0.367983 0.593666 6.742374
66.102 2.467744 0.377738 0.565741 6.760210
66.209 2.474719 0.382061 0.550033 6.768415
66.302 2.488580 0.390300 0.523853 6.784540
66.402 2.501448 0.397444 0.495928 6.799258
66.502 2.508927 0.401430 0.483710 6.807733
66.602 2.517846 0.405998 0.468002 6.817753
66.702 2.535750 0.415065 0.468002 6.837823
66.805 2.546143 0.420317 0.468002 6.849467
66.911 2.561385 0.427819 0.455785 6.866456
67.002 2.576283 0.434989 0.444964 6.882989
67.102 2.583427 0.438367 0.437983 6.890892
67.202 2.592307 0.442421 0.424020 6.900653
67.302 2.609027 0.450080 0.437983 6.919044
67.402 2.618563 0.454657 0.450375 6.929622
67.502 2.630166 0.460325 0.459276 6.942535
67.605 2.638411 0.464478 0.473238 6.951767
67.702 2.651435 0.471326 0.492437 6.966482
67.802 2.666202 0.479427 0.510239 6.983324
67.902 2.674567 0.484195 0.518966 6.992953
68.002 2.689253 0.492828 0.541655 7.009989
68.104 2.664661 0.648798 0.529617 7.167886
68.202 2.671777 0.653049 0.552306 7.176175
68.302 2.672867 0.653734 0.590529 7.177462
68.402 2.672325 0.653354 0.613393 7.178124
68.502 2.672342 0.653367 0.613393 7.178145
68.602 2.672342 0.653367 0.613393 7.178145
68.702 2.672342 0.653367 0.613393 7.178145
68.802 2.672342 0.653367 0.613393 7.178145
68.903 2.672342 0.653367 0.613393 7.178145
69.005 2.672342 0.653367 0.613393 7.178145
69.102 2.672342 0.653367 0.613393 7.178145
69.202 2.672342 0.653367 0.613393 7.178145
69.302 2.672342 0.653367 0.613393 7.178145
69.403 2.672342 0.653367 0.613393 7.178145
69.502 2.674999 0.655176 0.588958 7.181360
69.602 2.684512 0.661071 0.529617 7.192551
69.702 2.692302 0.665333 0.484238 7.201431
69.806 2.710757 0.673786 0.389991 7.221730
69.902 2.721756 0.677911 0.341121 7.233477
70.004 2.733031 0.681577 0.293998 7.245333
70.102 2.749279 0.685866 0.236402 7.262138
70.202 2.761222 0.688401 0.192768 7.274346
70.302 2.778701 0.691219 0.136918 7.292051
70.402 2.792979 0.692858 0.096775 7.306423
70.502 2.804592 0.693758 0.065359 7.318071
70.604 2.850877 0.694979 0.030409 7.364372
70.703 2.868299 0.694992 -0.023696 7.381794
70.802 2.878202 0.694564 -0.055112 7.391706
70.902 2.888682 0.693732 -0.093509 7.402219
71.002 2.902907 0.691899 -0.151105 7.416562
71.102 2.919973 0.688675 -0.205210 7.433930
71.202 2.934098 0.685518 -0.233136 7.448403
71.302 2.950312 0.681261 -0.276594 7.465167
71.402 2.959558 0.678430 -0.308185 7.474837
71.502 2.968975 0.675225 -0.337681 7.484784
71.602 2.986791 0.668401 -0.386725 7.503862
71.702 3.011066 0.689300 -0.387670 7.535894
71.802 3.020843 0.685137 -0.412279 7.546521
71.902 3.037431 0.677468 -0.452422 7.564795
72.020 3.042767 0.674811 -0.464639 7.570756
72.102 3.060944 0.665188 -0.499545 7.591323
72.202 3.075324 0.657083 -0.522235 7.607830
72.302 3.084281 0.651891 -0.522235 7.618184
72.402 3.095032 0.645757 -0.513508 7.630562
72.502 3.109134 0.637847 -0.508272 7.646730
72.602 3.119444 0.632121 -0.504781 7.658523
72.702 3.132427 0.624948 -0.506527 7.673356
72.802 3.147243 0.616677 -0.511763 7.690325
72.902 3.157330 0.610912 -0.527471 7.701943
73.002 3.171369 0.602547 -0.548415 7.718285
73.101 3.183105 0.595232 -0.562377 7.732114
73.202 3.195000 0.587596 -0.576340 7.746250
73.302 3.204567 0.581324 -0.581576 7.757689
73.403 3.217710 0.572573 -0.590303 7.773479
73.502 3.228147 0.565518 -0.597284 7.786076
73.602 3.235554 0.560457 -0.600775 7.795047
73.702 3.240652 0.556934 -0.607756 7.801244
73.802 3.240886 0.556772 -0.607756 7.801529
73.902 3.241347 0.556440 -0.672333 7.802096
74.002 3.241700 0.556144 -0.728184 7.802557
74.116 3.241872 0.555978 -0.797822 7.802796
74.202 3.242035 0.555806 -0.935878 7.803034
74.302 3.242206 0.555537 -1.005691 7.803352
74.402 3.242244 0.555465 -1.073759 7.803434
74.502 3.274665 0.585110 -1.211014 7.847365
74.602 3.286742 0.597514 -1.271760 7.864677
74.702 3.286728 0.597574 -1.313648 7.864738
74.804 3.286771 0.597416 -1.374735 7.864902
74.902 3.286726 0.597674 -1.414877 7.865164
75.002 3.286694 0.597891 -1.448039 7.865383
75.102 3.283609 0.595943 -1.497040 7.869032
75.202 3.282155 0.595503 -1.535150 7.870550
75.302 3.282162 0.594249 -1.568311 7.871805
75.402 3.281870 0.583016 -1.613690 7.883041
75.502 3.281472 0.575700 -1.627652 7.890369
75.602 3.280862 0.564650 -1.625907 7.901435
75.702 3.279828 0.544087 -1.613690 7.922024
75.802 3.279431 0.534140 -1.608454 7.931979
75.902 3.279070 0.520143 -1.585764 7.945980
76.002 3.279057 0.509187 -1.563075 7.956937
76.102 3.279207 0.501104 -1.542131 7.965021
76.210 3.279760 0.488707 -1.512460 7.977430
76.302 3.279873 0.485233 -1.566566 7.980906
76.402 3.279890 0.485554 -1.660813 7.981227
76.502 3.279886 0.485595 -1.748080 7.981268
76.602 3.279835 0.485360 -1.817893 7.981508
76.713 3.279905 0.485614 -1.945302 7.981772
76.802 3.279917 0.485635 -2.011625 7.981796
76.907 3.279967 0.485726 -2.102382 7.981899
77.002 3.297926 0.467469 -2.267227 8.007508
77.102 3.330883 0.431509 -2.402233 8.056286
77.202 3.330929 0.431546 -2.475712 8.056345
77.303 3.331304 0.431823 -2.522835 8.056812
77.402 3.331490 0.431945 -2.559313 8.057035
77.503 3.332820 0.432751 -2.637853 8.058590
77.602 3.330285 0.416466 -2.711930 8.075071
77.702 3.332469 0.417344 -2.779998 8.077426
77.802 3.335322 0.418228 -2.884717 8.080412
77.902 3.337685 0.418768 -2.944059 8.082836
78.002 3.339138 0.419011 -2.989437 8.084309
78.103 3.343084 0.419453 -3.062741 8.088280
78.202 3.345285 0.419569 -3.101138 8.090484
78.302 3.347513 0.419620 -3.130809 8.092713
78.405 3.361197 0.411079 -3.110432 8.108843
78.502 3.364068 0.411122 -3.134867 8.111715
78.602 3.365570 0.411111 3.127200 8.113217
78.702 3.369021 0.410985 3.092119 8.116670
78.809 3.371214 0.410853 3.071175 8.118867
78.902 3.373043 0.410680 3.030858 8.120704
79.002 3.376337 0.410165 2.955983 8.124039
79.102 3.378064 0.409798 2.926138 8.125804
79.202 3.381383 0.409067 2.924393 8.129202
79.302 3.386382 0.408008 2.955809 8.134312
79.402 3.389254 0.407533 2.992286 8.137224
79.502 3.390319 0.407389 3.043075 8.138298
79.602 3.395560 0.406480 -3.066421 8.143617
79.702 3.393943 0.405872 -2.974969 8.145344
79.802 3.389601 0.404884 -2.891193 8.149798
79.902 3.371643 0.398469 -2.741095 8.168867
80.002 3.360674 0.393144 -2.662555 8.181060
80.103 3.350901 0.387418 -2.580525 8.192387
80.202 3.335283 0.375808 -2.449451 8.211847
80.302 3.327342 0.368570 -2.376321 8.222592
80.402 3.319767 0.360591 -2.303018 8.233594
80.502 3.283123 0.369776 -2.074712 8.271371
80.602 3.277738 0.359357 -2.031079 8.283099
80.702 3.270212 0.342729 -1.969992 8.301351
80.802 3.265749 0.331222 -1.924614 8.313694
80.902 3.262399 0.321332 -1.879235 8.324136
81.002 3.257821 0.304338 -1.800695 8.341735
81.102 3.255750 0.294276 -1.755317 8.352008
81.219 3.253833 0.281767 -1.702957 8.364663
81.302 3.260280 0.252186 -1.694645 8.394938
81.402 3.259266 0.242273 -1.656248 8.404903
81.502 3.258229 0.224880 -1.612615 8.422327
81.602 3.257912 0.210027 -1.579453 8.437183
81.702 3.257947 0.198415 -1.560255 8.448795
81.803 3.258209 0.186566 -1.537565 8.460648
81.902 3.259228 0.166196 -1.509640 8.481043
82.002 3.264249 0.151388 -1.490920 8.496679
82.102 3.271027 0.133791 -1.474664 8.515536
82.202 3.272459 0.120525 -1.458956 8.528880
82.304 3.274442 0.103824 -1.448484 8.545697
82.402 3.275885 0.092578 -1.441503 8.557036
82.502 3.277661 0.079702 -1.431031 8.570034
82.602 3.280068 0.063027 -1.436267 8.586881
82.702 3.281635 0.051284 -1.439757 8.598729
82.802 3.283489 0.036900 -1.443248 8.613231
82.903 3.285608 0.020481 -1.441503 8.629787
83.002 3.286268 0.015408 -1.441503 8.634902
83.102 3.286559 0.013152 -1.443248 8.637177
83.202 3.288579 -0.002873 -1.448484 8.653329
83.302 3.290070 -0.015007 -1.448484 8.665554
83.402 3.291727 -0.028639 -1.450229 8.679286
83.502 3.293719 -0.046000 -1.465937 8.696761
83.602 3.294834 -0.057724 -1.481645 8.708539
83.702 3.295919 -0.070646 -1.486881 8.721506
83.802 3.297284 -0.086867 -1.486881 8.737784
83.902 3.297635 -0.091041 -1.486881 8.741973
84.002 3.298052 -0.095898 -1.485136 8.746848
84.102 3.298474 -0.100816 -1.485136 8.751784
84.213 3.299274 -0.109986 -1.483391 8.760989
84.304 3.300473 -0.123205 -1.478155 8.774263
84.403 3.302153 -0.140850 -1.474664 8.791987
84.502 3.302811 -0.147755 -1.476409 8.798923
84.603 3.303011 -0.149871 -1.476409 8.801048
84.702 3.303973 -0.161465 -1.492117 8.812682
84.809 3.304780 -0.173724 -1.509571 8.824968
84.902 3.305620 -0.195077 -1.551458 8.846338
85.002 3.305635 -0.206333 -1.577638 8.857593
85.102 3.305492 -0.217824 -1.582874 8.869086
85.202 3.378964 -0.262939 -1.649766 8.955304
85.302 3.378578 -0.267736 -1.651511 8.960116
85.402 3.377428 -0.281464 -1.658493 8.973892
85.502 3.375427 -0.299531 -1.705617 8.992069
85.602 3.373665 -0.310542 -1.742268 9.003221
85.702 3.370871 -0.325178 -1.770194 9.018121
85.802 3.367083 -0.341836 -1.812082 9.035204
85.902 3.364099 -0.353651 -1.822554 9.047390
86.002 3.358916 -0.372921 -1.838262 9.067345
86.102 3.355680 -0.384285 -1.857460 9.079161
86.202 3.351452 -0.398096 -1.876659 9.093605
86.306 3.348133 -0.408511 -1.881895 9.104536
86.402 3.342730 -0.425178 -1.887131 9.122056
86.502 3.336838 -0.442151 -1.920292 9.140023
86.602 3.333762 -0.450228 -1.942981 9.148666
86.705 3.327624 -0.465986 -1.936349 9.165577
86.805 3.321433 -0.482503 -1.925528 9.183216
86.902 3.318196 -0.490903 -1.944727 9.192219
87.002 3.311416 -0.507513 -1.967765 9.210159
87.102 3.304541 -0.522934 -2.009478 9.227043
87.202 3.300987 -0.530264 -2.028852 9.235189
87.302 3.293213 -0.545409 -2.056602 9.252213
87.402 3.284639 -0.560885 -2.089938 9.269905
87.502 3.280306 -0.568366 -2.097094 9.278550
87.602 3.271623 -0.583231 -2.100759 9.295766
87.702 3.263989 -0.595935 -2.118387 9.310587
87.803 3.257680 -0.606145 -2.127463 9.322589
87.902 3.297772 -0.630081 -2.232997 9.369283
88.002 3.287072 -0.643822 -2.232997 9.386698
88.102 3.281767 -0.650647 -2.226190 9.395343
88.203 3.272719 -0.662658 -2.206642 9.410380
88.302 3.264465 -0.673965 -2.194251 9.424380
88.402 3.257753 -0.683453 -2.178543 9.436002
88.502 3.247770 -0.697837 -2.180113 9.453510
88.602 3.239464 -0.709693 -2.183779 9.467986
88.702 3.232722 -0.719235 -2.187444 9.479670
88.802 3.222312 -0.733845 -2.191109 9.497609
88.902 3.218715 -0.738851 -2.194774 9.503773
89.002 3.206198 -0.755552 -2.229855 9.524645
89.102 3.195813 -0.768802 -2.237011 9.541479
89.202 3.187868 -0.778909 -2.237011 9.554335
89.302 3.180878 -0.787716 -2.244167 9.565579
89.402 3.170560 -0.800540 -2.251497 9.582039
89.502 3.161813 -0.811310 -2.253243 9.595913
89.613 3.155076 -0.819599 -2.253243 9.606594
89.702 3.144396 -0.832749 -2.251497 9.623535
89.802 3.134994 -0.844388 -2.249578 9.638497
89.902 3.127988 -0.853199 -2.232124 9.649754
90.003 3.118538 -0.865824 -2.197218 9.665524
90.105 3.111019 -0.876633 -2.162311 9.678692
90.202 3.104865 -0.886143 -2.136131 9.690018
90.302 3.095499 -0.901480 -2.117107 9.707989
90.402 3.088055 -0.913745 -2.117107 9.722336
90.502 3.081980 -0.923920 -2.098083 9.734187
90.602 3.076205 -0.934010 -2.082375 9.745813
90.702 3.066771 -0.951497 -2.052530 9.765682
90.808 3.061879 -0.961232 -2.029666 9.776577
90.902 3.057366 -0.970778 -2.003486 9.787136
91.002 3.057763 -1.048184 -2.050577 9.864543
91.104 3.058174 -1.095950 -2.045023 9.912311
91.202 3.053256 -1.105646 -2.034551 9.923183
91.302 3.044333 -1.123894 -2.021810 9.943496
91.402 3.039678 -1.133609 -2.014655 9.954269
91.502 3.034912 -1.143742 -2.009070 9.965466
91.602 3.026185 -1.162523 -2.003659 9.986176
91.702 3.021056 -1.173365 -2.027919 9.998170
91.802 3.014481 -1.186054 -2.068062 10.012461
91.902 3.006449 -1.200208 -2.080104 10.028735
92.002 3.001305 -1.209450 -2.076439 10.039312
92.102 2.995564 -1.219909 -2.067713 10.051244
92.202 2.986689 -1.237053 -2.039613 10.070548
92.302 2.981359 -1.247944 -2.020240 10.082673
92.402 2.976165 -1.258194 -2.043103 10.094164
92.502 2.966604 -1.276107 -2.076614 10.114469
92.602 2.960769 -1.286243 -2.104539 10.126165
92.702 2.954864 -1.295851 -2.129148 10.137443
92.802 2.943723 -1.312413 -2.186919 10.157403
92.902 2.936748 -1.321883 -2.211353 10.169165
93.002 2.929489 -1.331593 -2.215018 10.181288
93.102 2.916925 -1.347793 -2.246434 10.201789
93.202 2.909721 -1.356545 -2.269124 10.213125
93.302 2.902410 -1.364937 -2.300365 10.224255
93.402 2.889708 -1.379015 -2.307695 10.243216
93.502 2.881739 -1.387716 -2.319913 10.255015
93.602 2.869708 -1.400328 -2.346267 10.272445
93.702 2.884651 -1.414703 -2.345832 10.293180
93.802 2.934026 -1.441313 -2.330624 10.349269
93.902 2.923891 -1.451617 -2.363959 10.363723
94.002 2.915271 -1.459833 -2.391885 10.375631
94.102 2.902455 -1.471187 -2.430282 10.392752
94.202 2.891654 -1.480237 -2.451400 10.406844
94.302 2.882799 -1.487282 -2.482816 10.418159
94.402 2.871065 -1.495951 -2.521213 10.432749
94.502 2.857120 -1.505461 -2.552629 10.449627
94.602 2.847107 -1.511951 -2.573573 10.461560
94.702 2.834595 -1.519609 -2.601499 10.476230
94.802 2.820098 -1.528079 -2.624188 10.493019
94.902 2.810505 -1.533495 -2.627679 10.504036
95.002 2.800553 -1.539091 -2.631169 10.515453
95.102 2.783433 -1.548658 -2.632915 10.535065
95.202 2.773718 -1.554054 -2.634660 10.546178
95.302 2.763661 -1.559616 -2.636405 10.557670
95.402 2.747785 -1.568339 -2.639896 10.575785
95.502 2.738083 -1.573628 -2.645132 10.586835
95.602 2.728106 -1.578909 -2.660840 10.598124
95.702 2.710571 -1.587941 -2.671312 10.617848
95.802 2.701126 -1.592659 -2.680038 10.628406
95.902 2.691674 -1.597256 -2.690510 10.638916
96.002 2.673751 -1.605894 -2.694001 10.658813
96.102 2.662904 -1.611067 -2.697492 10.670830
96.202 2.649721 -1.617266 -2.707964 10.685397
96.302 2.633772 -1.624627 -2.711454 10.702963
96.402 2.623398 -1.629305 -2.720181 10.714343
96.502 2.612943 -1.633991 -2.720181 10.725800
96.602 2.596289 -1.641431 -2.721926 10.744040
96.702 2.586353 -1.645854 -2.723672 10.754917
96.802 2.576808 -1.650087 -2.725417 10.765358
96.905 2.572500 -1.685944 -2.891671 10.801472
97.002 2.561810 -1.688672 -2.891671 10.812505
97.102 2.551122 -1.691381 -2.893416 10.823531
97.202 2.534818 -1.695542 -2.891671 10.840358
97.302 2.525871 -1.697830 -2.889926 10.849592
97.402 2.517650 -1.699944 -2.889926 10.858081
97.502 2.500429 -1.704415 -2.886435 10.875873
97.602 2.489906 -1.707170 -2.884690 10.886750
97.702 2.474242 -1.711217 -2.889926 10.902929
97.802 2.463583 -1.713953 -2.891671 10.913933
97.902 2.453566 -1.716510 -2.891671 10.924271
98.002 2.437913 -1.720472 -2.895162 10.940418
98.102 2.427554 -1.723149 -2.884690 10.951117
98.202 2.411164 -1.727536 -2.874218 10.968084
98.302 2.400254 -1.730565 -2.870727 10.979407
98.402 2.386628 -1.734375 -2.868982 10.993556
98.503 2.372136 -1.738454 -2.867236 11.008611
98.602 2.362672 -1.741131 -2.865491 11.018446
98.702 2.347356 -1.745931 -2.807895 11.034496
98.802 2.334629 -1.750856 -2.746809 11.048144
98.902 2.324790 -1.755097 -2.729355 11.058857
99.002 2.311746 -1.761094 -2.699685 11.073214
99.105 2.297619 -1.768108 -2.666524 11.088986
99.202 2.288134 -1.773092 -2.652561 11.099701
99.302 2.279213 -1.778030 -2.621145 11.109898
99.402 2.267198 -1.785611 -2.546096 11.124104
99.502 2.259280 -1.791372 -2.493736 11.133896
99.602 2.251286 -1.797849 -2.439631 11.144185
99.702 2.238797 -1.809442 -2.359346 11.161226
99.802 2.233122 -1.815406 -2.315712 11.169458
99.902 2.227744 -1.821530 -2.277141 11.177608
100.003 2.225459 -1.885118 -2.173270 11.241237
100.102 2.222657 -1.907323 -2.125540 11.263618
100.203 2.219017 -1.913280 -2.134092 11.270599
100.303 2.218507 -1.914050 -2.259930 11.271523
100.402 2.218446 -1.914114 -2.350688 11.271611
100.502 2.218330 -1.914223 -2.450171 11.271770
100.602 2.218677 -1.913980 -2.607251 11.272193
100.702 2.218535 -1.914046 -2.699753 11.272350
100.802 2.218372 -1.914114 -2.792256 11.272526
100.906 2.218588 -1.914054 -2.900466 11.272749
101.003 2.256502 -1.848161 -3.080563 11.348771
101.102 2.256703 -1.848159 3.131064 11.348972
101.202 2.253521 -1.847952 3.069802 11.352160
101.303 2.249045 -1.847615 3.064392 11.356649
101.404 2.244081 -1.847215 3.058807 11.361629
101.503 2.201296 -1.907337 2.976641 11.435421
101.602 2.190084 -1.905499 2.983797 11.446782
101.702 2.178270 -1.903770 3.004741 11.458723
101.802 2.160347 -1.901612 3.034586 11.476775
101.902 2.143426 -1.900132 3.069493 11.493761
102.002 2.135194 -1.899638 3.085201 11.502008
102.102 2.118633 -1.899066 3.116617 11.518578
102.202 2.100776 -1.898828 3.137561 11.536437
102.302 2.092005 -1.898843 -3.135153 11.545208
102.402 2.072213 -1.899248 -3.110718 11.565004
102.502 2.060733 -1.899951 -3.063594 11.576505
102.602 2.048991 -1.901134 -3.026942 11.588308
102.703 2.031832 -1.903449 -3.005998 11.605621
102.802 2.014711 -1.905825 -3.002508 11.622906
102.902 2.005778 -1.907097 -2.997272 11.631930
103.002 1.993894 -1.908867 -2.988545 11.643945
103.102 1.973471 -1.912070 -2.981564 11.664617
103.203 1.962604 -1.913839 -2.979819 11.675627
103.302 1.948365 -1.916183 -2.978073 11.690058
103.402 1.931622 -1.918976 -2.974583 11.707032
103.502 1.934162 -1.970036 -2.759139 11.758155
103.602 1.921568 -1.975434 -2.722487 11.771858
103.702 1.905211 -1.982922 -2.710270 11.789847
103.802 1.894857 -1.987704 -2.708525 11.801252
103.902 1.876053 -1.996460 -2.703289 11.821994
104.002 1.865521 -2.001458 -2.698053 11.833652
104.103 1.855265 -2.006353 -2.696307 11.845016
104.203 1.838124 -2.014644 -2.689326 11.864057
104.302 1.827617 -2.019749 -2.689326 11.875739
104.402 1.816957 -2.024940 -2.687581 11.887596
104.505 1.804073 -2.031321 -2.673618 11.901973
104.602 1.788868 -2.039090 -2.663146 11.919048
104.702 1.778991 -2.044212 -2.663146 11.930174
104.802 1.768286 -2.049783 -2.661401 11.942242
104.904 1.754035 -2.057238 -2.659655 11.958325
105.002 1.743731 -2.062644 -2.657910 11.969961
105.104 1.726206 -2.072038 -2.640457 11.989845
105.202 1.716249 -2.077578 -2.629810 12.001240
105.302 1.706234 -2.083293 -2.622654 12.012771
105.404 1.691533 -2.091714 -2.618989 12.029712
105.502 1.678766 -2.099116 -2.611659 12.044470
105.602 1.666253 -2.106507 -2.606248 12.059003
105.702 1.658247 -2.111283 -2.602583 12.068326
105.802 1.646133 -2.118671 -2.589842 12.082514
105.903 1.633024 -2.126872 -2.579021 12.097977
106.002 1.618174 -2.136303 -2.569945 12.115569
106.102 1.610779 -2.141087 -2.566280 12.124377
106.211 1.595987 -2.150718 -2.562615 12.142027
106.310 1.586022 -2.157253 -2.560695 12.153944
106.402 1.568682 -2.168648 -2.560695 12.174693
106.502 1.558859 -2.175109 -2.558950 12.186450
106.602 1.553824 -2.178434 -2.557030 12.192484
106.702 1.536646 -2.189831 -2.555285 12.213100
106.806 1.588097 -2.337920 -2.353224 12.369872
106.902 1.578124 -2.348042 -2.345894 12.384082
107.002 1.570798 -2.355420 -2.365092 12.394479
107.102 1.561035 -2.364771 -2.387782 12.407998
107.203 1.553799 -2.371311 -2.417278 12.417751
107.302 1.538900 -2.383684 -2.473303 12.437119
107.402 1.530670 -2.389987 -2.495992 12.447485
107.502 1.520951 -2.396972 -2.532644 12.459453
107.602 1.513102 -2.402201 -2.565805 12.468885
107.702 1.498873 -2.410979 -2.604202 12.485603
107.802 1.486854 -2.417817 -2.640854 12.499431
107.902 1.478055 -2.422442 -2.667034 12.509372
108.002 1.463720 -2.429465 -2.698450 12.525335
108.102 1.447865 -2.436723 -2.722885 12.542772
108.202 1.439627 -2.440318 -2.735102 12.551761
108.302 1.429816 -2.444464 -2.745574 12.562411
108.402 1.415320 -2.450293 -2.770009 12.578035
108.502 1.403106 -2.454890 -2.787462 12.591086
108.605 1.386801 -2.460678 -2.808406 12.608388
108.702 1.375640 -2.464379 -2.824114 12.620147
108.802 1.358509 -2.469776 -2.845058 12.638108
108.903 1.344647 -2.473884 -2.855530 12.652566
109.002 1.333898 -2.476913 -2.872983 12.663733
109.110 1.326393 -2.478896 -2.886946 12.671496
109.202 1.306923 -2.483860 -2.897418 12.691588
109.302 1.295602 -2.486551 -2.918362 12.703225
109.402 1.303638 -2.580159 -2.974782 12.797177
109.502 1.290488 -2.582264 -2.999216 12.810495
109.602 1.278486 -2.583739 -3.030632 12.822587
109.702 1.268940 -2.584662 -3.056812 12.832178
109.802 1.254778 -2.585481 -3.105681 12.846364
109.902 1.242484 -2.585664 -3.140762 12.858659
110.002 1.230063 -2.585082 3.067374 12.871094
110.102 1.211981 -2.582669 2.967890 12.889336
110.202 1.198155 -2.579526 2.885685 12.903514
110.305 1.187194 -2.576171 2.819537 12.914977
110.402 1.171316 -2.570063 2.742742 12.931990
110.506 1.160767 -2.565241 2.695619 12.943589
110.602 1.145437 -2.557167 2.629296 12.960915
110.702 1.132934 -2.549589 2.575191 12.975535
110.802 1.120736 -2.541243 2.519340 12.990316
110.902 1.112101 -2.534707 2.479198 13.001145
111.002 1.036441 -2.517853 2.300674 13.078659
111.102 1.027118 -2.506883 2.257041 13.093056
111.202 1.019794 -2.497453 2.215153 13.104996
111.302 1.009929 -2.483470 2.168029 13.122109
111.402 1.003698 -2.474006 2.140104 13.133440
111.502 0.995571 -2.460599 2.096471 13.149117
111.602 0.988760 -2.448442 2.066800 13.163052
111.702 0.983940 -2.439329 2.052837 13.173361
111.803 0.960382 -2.427986 2.052981 13.199508
111.902 0.944771 -2.416376 2.045428 13.218963
112.002 0.939546 -2.405810 2.020993 13.230751
112.102 0.933492 -2.392747 1.998304 13.245148
112.202 0.926462 -2.376614 1.970379 13.262747
112.302 0.921964 -2.365492 1.947689 13.274743
112.403 0.916849 -2.352036 1.925000 13.289139
112.502 0.911341 -2.336654 1.911037 13.305477
112.602 0.907693 -2.326147 1.900565 13.316599
112.702 0.904455 -2.316503 1.890093 13.326773
112.806 0.898041 -2.296623 1.879621 13.347662
112.902 0.894561 -2.285469 1.869149 13.359346
113.002 0.891188 -2.274464 1.867404 13.370856
113.102 0.885230 -2.254707 1.860423 13.391492
113.202 0.881919 -2.243526 1.856932 13.403153
113.302 0.878716 -2.232552 1.853441 13.414585
113.405 0.873910 -2.215453 1.835465 13.432346
113.503 0.870296 -2.201875 1.828134 13.446397
113.602 0.867353 -2.190453 1.821153 13.458193
113.702 0.864496 -2.179153 1.817488 13.469848
113.802 0.859905 -2.160303 1.804747 13.489248
113.902 0.857193 -2.148920 1.804747 13.500950
114.002 0.853267 -2.132225 1.801082 13.518101
114.102 0.849962 -2.118059 1.797416 13.532648
114.202 0.847311 -2.106561 1.797416 13.544447
114.302 0.844674 -2.095126 1.797416 13.556182
114.402 0.840065 -2.074767 1.790086 13.577056
114.502 0.837569 -2.063569 1.790086 13.588529
114.602 0.835191 -2.052761 1.786421 13.599595
114.702 0.830923 -2.033274 1.786421 13.619544
114.802 0.828338 -2.021579 1.790086 13.631522
114.902 0.825750 -2.009967 1.790086 13.643418
115.002 0.778098 -1.987089 1.661916 13.696278
115.102 0.777169 -1.976010 1.651095 13.707396
115.201 0.776304 -1.965074 1.647430 13.718366
115.302 0.774964 -1.945693 1.636783 13.737793
115.402 0.774255 -1.934168 1.631373 13.749340
115.502 0.773256 -1.917111 1.627707 13.766426
115.602 0.772647 -1.905988 1.624042 13.777566
115.702 0.771837 -1.888601 1.609905 13.794972
115.802 0.771369 -1.873754 1.599084 13.809827
115.902 0.771168 -1.862728 1.584947 13.820854
116.002 0.771125 -1.846246 1.565748 13.837337
116.102 0.771227 -1.832163 1.562258 13.851419
116.202 0.771339 -1.820306 1.558767 13.863277
116.302 0.771551 -1.802301 1.556847 13.881284
116.402 0.771744 -1.787180 1.556847 13.896406
116.502 0.771865 -1.775615 1.562083 13.907971
116.602 0.771994 -1.760774 1.562083 13.922813
116.702 0.772103 -1.746414 1.564003 13.937174
116.802 0.772209 -1.729612 1.564003 13.953976
116.902 0.772291 -1.716079 1.565748 13.967509
117.002 0.772345 -1.706927 1.562432 13.976661
117.102 0.772464 -1.703400 1.478656 13.980190
117.202 0.772447 -1.703577 1.394881 13.980368
117.302 0.772448 -1.703614 1.328558 13.980405
117.402 0.772484 -1.703480 1.244782 13.980544
117.502 0.772443 -1.703592 1.181950 13.980663
117.602 0.772366 -1.703755 1.134826 13.980844
117.702 0.772580 -1.703328 1.094509 13.981321
117.802 0.772317 -1.703812 1.050876 13.981872
117.902 0.772648 -1.703277 0.995200 13.982502
118.002 0.772440 -1.703574 0.949822 13.982864
118.103 0.772549 -1.703430 0.918406 13.983045
118.202 0.712533 -1.671181 0.771717 14.051177
118.302 0.709877 -1.668987 0.702221 14.054621
118.402 0.710034 -1.668864 0.665569 14.054821
118.502 0.710090 -1.668829 0.602737 14.054886
118.602 0.708352 -1.669866 0.499763 14.056910
118.704 0.705166 -1.671326 0.366943 14.060414
118.802 0.703564 -1.671838 0.278106 14.062097
118.902 0.699849 -1.672539 0.119281 14.065877
119.002 0.698130 -1.672641 0.026779 14.067599
119.112 0.776233 -1.706639 -0.129873 14.152780
119.202 0.773226 -1.705991 -0.267754 14.155856
119.302 0.771013 -1.705240 -0.360256 14.158193
119.402 0.768535 -1.704071 -0.498137 14.160933
119.502 0.773015 -1.705277 -0.595158 14.165573
119.602 0.772727 -1.704516 -0.682913 14.166387
119.702 0.772389 -1.704232 -0.768434 14.166828
119.802 0.773916 -1.706039 -0.918532 14.169194
119.909 0.775591 -1.708503 -0.988345 14.172173
120.002 0.780087 -1.716345 -1.091320 14.181213
120.102 0.785215 -1.728657 -1.237927 14.194550
120.202 0.768784 -1.708661 -1.362746 14.220430
120.302 0.770221 -1.717664 -1.444777 14.229547
120.406 0.771194 -1.732756 -1.552987 14.244671
120.503 0.770507 -1.748027 -1.662943 14.259957
120.602 0.801982 -1.799280 -1.717610 14.320103
120.702 0.808360 -1.819562 -1.767963 14.341364
120.802 0.804139 -1.836134 -1.858720 14.358466
120.902 0.801396 -1.844439 -1.904099 14.367211
121.003 0.795034 -1.860292 -1.986129 14.384293
121.104 0.787446 -1.875485 -2.067985 14.401276
121.202 0.783713 -1.882159 -2.095441 14.408923
121.311 0.785347 -1.885547 -2.114626 14.412684
121.402 0.775708 -1.900459 -2.161750 14.430440
121.502 0.770638 -1.907723 -2.187930 14.439299
121.602 0.757831 -1.924742 -2.240115 14.460599
121.702 0.750294 -1.933879 -2.273451 14.472443
121.802 0.742479 -1.942734 -2.306612 14.484254
121.902 0.730544 -1.955284 -2.346929 14.501573
122.002 0.718249 -1.967365 -2.378345 14.518810
122.103 0.707392 -1.977520 -2.401209 14.533676
122.202 0.721538 -1.998888 -2.391861 14.559302
122.303 0.713285 -2.006453 -2.407743 14.570498
122.406 0.697595 -2.020009 -2.439333 14.591232
122.505 0.688278 -2.027622 -2.465513 14.603264
122.608 0.674183 -2.038820 -2.475985 14.621266
122.702 0.667237 -2.044222 -2.481221 14.630065
122.802 0.651435 -2.056210 -2.500595 14.649900
122.902 0.642643 -2.062721 -2.507576 14.660841
123.002 0.634078 -2.068942 -2.516302 14.671426
123.102 0.624593 -2.075640 -2.532010 14.683038
123.202 0.607942 -2.087156 -2.537246 14.703283
123.305 0.597827 -2.094121 -2.538992 14.715565
123.402 0.583301 -2.103982 -2.549464 14.733121
123.510 0.569180 -2.113426 -2.552954 14.750109
123.602 0.562106 -2.118137 -2.554700 14.758609
123.702 0.547724 -2.127683 -2.556445 14.775870
123.802 0.533072 -2.137313 -2.561681 14.793404
123.902 0.525549 -2.142227 -2.563426 14.802389
124.002 0.510864 -2.151811 -2.563426 14.819925
124.102 0.496356 -2.161241 -2.565172 14.837229
124.202 0.488657 -2.166246 -2.565172 14.846411
124.302 0.473248 -2.176263 -2.565172 14.864790
124.403 0.461231 -2.184075 -2.565172 14.879123
124.512 0.451296 -2.190508 -2.566917 14.890959
124.602 0.436570 -2.199942 -2.572153 14.908447
124.702 0.424235 -2.207809 -2.573898 14.923078
124.802 0.409590 -2.217125 -2.575644 14.940435
124.902 0.399882 -2.223280 -2.577389 14.951929
125.002 0.389757 -2.229687 -2.577389 14.963911
125.102 0.372278 -2.240724 -2.579134 14.984583
125.202 0.362486 -2.246824 -2.586116 14.996120
125.302 0.351755 -2.259791 -2.604671 15.012951
125.402 0.334984 -2.310532 -2.743855 15.066393
125.502 0.318783 -2.317306 -2.745600 15.083952
125.602 0.307830 -2.321841 -2.749091 15.095807
125.702 0.289335 -2.329486 -2.749091 15.115819
125.802 0.279301 -2.333640 -2.749091 15.126680
125.902 0.266206 -2.339115 -2.745600 15.140873
126.002 0.255388 -2.343660 -2.743855 15.152607
126.103 0.238302 -2.350849 -2.742109 15.171144
126.202 0.227454 -2.355418 -2.742109 15.182914
126.302 0.208506 -2.363396 -2.742109 15.203474
126.402 0.197631 -2.367972 -2.743855 15.215272
126.502 0.186559 -2.372635 -2.743855 15.227286
126.602 0.167530 -2.380629 -2.743855 15.247927
126.702 0.156689 -2.385184 -2.743855 15.259685
126.802 0.143154 -2.390898 -2.742109 15.274377
126.902 0.132513 -2.395401 -2.740364 15.285932
127.002 0.115968 -2.402426 -2.738619 15.303906
127.102 0.099375 -2.409500 -2.738619 15.321944
127.202 0.091517 -2.412850 -2.738619 15.330487
127.302 0.080274 -2.417643 -2.738619 15.342708
127.402 0.060884 -2.425943 -2.738619 15.363800
127.502 0.050173 -2.430520 -2.736873 15.375448
127.602 0.033799 -2.437528 -2.736873 15.393259
127.702 0.017946 -2.444297 -2.738619 15.410496
127.802 0.009807 -2.447784 -2.736873 15.419351
127.902 -0.006630 -2.454825 -2.736873 15.437232
128.002 -0.020254 -2.460667 -2.736873 15.452056
128.102 -0.031115 -2.465324 -2.735128 15.463874
128.202 -0.047287 -2.472285 -2.735128 15.481480
128.302 -0.060580 -2.478018 -2.733383 15.495957
128.402 -0.070820 -2.493754 -2.730227 15.514731
128.505 -0.084835 -2.558829 -2.713766 15.581298
128.605 -0.095896 -2.563856 -2.715512 15.593448
128.702 -0.111626 -2.570974 -2.717257 15.610713
128.802 -0.124829 -2.576895 -2.720748 15.625183
128.902 -0.135749 -2.581765 -2.722493 15.637140
129.002 -0.148748 -2.587502 -2.729474 15.651349
129.102 -0.164021 -2.594012 -2.741692 15.667951
129.202 -0.175182 -2.598685 -2.750418 15.680051
129.302 -0.185852 -2.603086 -2.750418 15.691593
129.402 -0.204287 -2.610652 -2.752164 15.711521
129.502 -0.215369 -2.615182 -2.753909 15.723493
129.602 -0.231438 -2.621727 -2.755654 15.740844
129.702 -0.245164 -2.627299 -2.757400 15.755657
129.802 -0.255950 -2.631660 -2.757400 15.767292
129.902 -0.266966 -2.636113 -2.757400 15.779174
130.002 -0.286424 -2.643997 -2.755654 15.800168
130.106 -0.297482 -2.648490 -2.755654 15.812104
130.206 -0.308803 -2.653101 -2.753909 15.824328
130.302 -0.328076 -2.660983 -2.752164 15.845151
130.402 -0.338834 -2.665398 -2.752164 15.856779
130.502 -0.344641 -2.667790 -2.752164 15.863060
130.602 -0.344942 -2.667914 -2.752164 15.863385
130.702 -0.344847 -2.667875 -2.752164 15.863489
130.802 -0.344830 -2.667868 -2.752164 15.863507
130.918 -0.344830 -2.667868 -2.752164 15.863507
131.002 -0.344830 -2.667868 -2.752164 15.863507
131.102 -0.344830 -2.667868 -2.752164 15.863507
131.202 -0.344830 -2.667868 -2.752164 15.863507
131.302 -0.344830 -2.667868 -2.752164 15.863507
131.405 -0.344830 -2.667868 -2.752164 15.863507
131.557 -0.344830 -2.667868 -2.752164 15.863507
131.604 -0.291911 -2.709613 -2.731579 15.930910
131.702 -0.291930 -2.709622 -2.731579 15.930930
131.802 -0.301552 -2.713713 -2.742051 15.941386
131.905 -0.309775 -2.717105 -2.757759 15.950281
132.002 -0.320260 -2.721180 -2.773467 15.961530
132.112 -0.339795 -2.728129 -2.818845 15.982264
132.202 -0.350613 -2.731600 -2.836298 15.993626
132.302 -0.361593 -2.734864 -2.860733 16.005080
132.402 -0.381317 -2.740076 -2.895640 16.025482
132.502 -0.393202 -2.742955 -2.911348 16.037710
132.602 -0.404596 -2.745491 -2.928801 16.049383
132.702 -0.424452 -2.749611 -2.944683 16.069662
132.802 -0.435933 -2.751858 -2.950094 16.081361
132.902 -0.447336 -2.753974 -2.960740 16.092958
133.002 -0.466692 -2.757443 -2.964231 16.112622
133.103 -0.477507 -2.759360 -2.966151 16.123606
133.202 -0.488518 -2.761298 -2.967896 16.134787
133.302 -0.507666 -2.764692 -2.962660 16.154233
133.402 -0.519614 -2.766864 -2.959170 16.166377
133.502 -0.537334 -2.770144 -2.957424 16.184397
133.602 -0.551944 -2.772942 -2.950094 16.199273
133.702 -0.563684 -2.775303 -2.941367 16.211248
133.802 -0.580987 -2.778888 -2.934386 16.228919
133.902 -0.589637 -2.780726 -2.930895 16.237762
134.002 -0.609799 -2.785151 -2.923565 16.258404
134.105 -0.621394 -2.787735 -2.921819 16.270283
134.202 -0.633067 -2.790369 -2.918329 16.282250
134.302 -0.653427 -2.795035 -2.914838 16.303138
134.402 -0.665212 -2.797754 -2.914838 16.315233
134.502 -0.676609 -2.800383 -2.914838 16.326929
134.602 -0.719782 -2.849264 -3.006877 16.392146
134.702 -0.733661 -2.860730 -3.048569 16.410148
134.802 -0.745148 -2.861817 -3.046824 16.421687
134.902 -0.765827 -2.863783 -3.046824 16.442458
135.002 -0.777232 -2.865030 -3.027625 16.453931
135.105 -0.788396 -2.866411 -3.015408 16.465180
135.202 -0.807834 -2.869084 -2.997954 16.484802
135.302 -0.818593 -2.870707 -2.987483 16.495683
135.403 -0.828939 -2.872375 -2.978756 16.506162
135.502 -0.845181 -2.875140 -2.966539 16.522637
135.606 -0.861802 -2.878094 -2.966539 16.539519
135.702 -0.876191 -2.880618 -2.968284 16.554128
135.802 -0.886549 -2.882418 -2.970029 16.564641
135.902 -0.902037 -2.885064 -2.973520 16.580353
136.002 -0.914569 -2.887159 -2.978756 16.593059
136.105 -0.927782 -2.889310 -2.983992 16.606446
136.202 -0.937620 -2.890813 -2.990973 16.616398
136.302 -0.946984 -2.892213 -2.996209 16.625867
136.402 -0.964046 -2.894613 -3.006681 16.643097
136.502 -0.973465 -2.895858 -3.013662 16.652598
136.605 -0.988925 -2.897717 -3.038097 16.668169
136.702 -0.998652 -2.898624 -3.057296 16.677938
136.802 -1.013311 -2.899723 -3.076669 16.692638
136.902 -1.025129 -2.900324 -3.099358 16.704472
137.005 -1.033783 -2.900584 -3.116986 16.713129
137.102 -1.041971 -2.900710 -3.132868 16.721318
137.202 -1.055672 -2.900499 3.105113 16.735021
137.302 -1.063306 -2.900108 3.083820 16.742665
137.402 -1.070817 -2.899572 3.066367 16.750195
137.502 -1.075005 -2.899261 3.068286 16.754395
137.607 -1.074847 -2.899273 3.068286 16.754553
137.702 -1.074847 -2.899273 3.068286 16.754553
137.802 -1.074847 -2.899273 3.068286 16.754553
137.909 -1.088205 -2.985738 3.032005 16.842044
138.002 -1.093095 -2.985190 3.030085 16.846964
138.102 -1.103322 -2.984045 3.030085 16.857255
138.203 -1.110415 -2.983185 3.009141 16.864400
138.302 -1.119346 -2.981908 2.988023 16.873422
138.402 -1.130577 -2.979932 2.949626 16.884826
138.502 -1.138187 -2.978311 2.921700 16.892606
138.602 -1.144698 -2.976775 2.905992 16.899296
138.703 -1.146553 -2.976333 2.907912 16.901203
138.802 -1.145989 -2.976468 2.907912 16.901783
138.902 -1.145731 -2.976529 2.907912 16.902049
139.002 -1.145652 -2.976548 2.907912 16.902129
139.102 -1.145672 -2.976543 2.907912 16.902149
139.202 -1.149877 -2.975545 2.907912 16.906471
139.302 -1.164117 -2.972155 2.907912 16.921109
139.402 -1.171916 -2.970299 2.907912 16.929126
139.502 -1.179727 -2.968447 2.907912 16.937154
139.602 -1.193552 -2.965168 2.909658 16.951362
139.703 -1.201206 -2.963360 2.909658 16.959227
139.802 -1.209312 -2.961442 2.909658 16.967557
139.908 -1.222668 -2.958291 2.911578 16.981279
140.002 -1.228183 -2.956993 2.909658 16.986945
140.105 -1.242295 -2.953673 2.909658 17.001442
140.207 -1.249688 -2.951930 2.911578 17.009038
140.307 -1.257035 -2.950210 2.911578 17.016584
140.402 -1.270624 -2.947028 2.911578 17.030540
140.505 -1.278762 -2.945122 2.911578 17.038898
140.602 -1.286056 -2.943414 2.911578 17.046390
140.702 -1.299849 -2.940185 2.911578 17.060555
140.802 -1.305572 -2.938844 2.911578 17.066434
140.904 -1.340466 -2.967509 2.924465 17.111592
141.002 -1.351783 -2.965012 2.924465 17.123180
141.103 -1.359428 -2.963325 2.924465 17.131009
141.202 -1.372500 -2.960445 2.924465 17.144395
141.302 -1.381140 -2.958539 2.924465 17.153242
141.402 -1.389909 -2.956611 2.926210 17.162222
141.502 -1.401080 -2.954167 2.926210 17.173656
141.603 -1.409077 -2.952418 2.926210 17.181843
141.702 -1.420472 -2.949925 2.926210 17.193507
141.802 -1.426017 -2.948712 2.926210 17.199183
141.902 -1.435087 -2.946735 2.928130 17.208466
142.002 -1.445817 -2.944392 2.926210 17.219449
142.102 -1.447948 -2.943926 2.926210 17.221630
142.207 -1.447751 -2.943969 2.926210 17.221832
142.306 -1.447712 -2.943977 2.926210 17.221872
142.404 -1.447712 -2.943977 2.926210 17.221872
142.502 -1.447712 -2.943977 2.926210 17.221872
142.602 -1.447712 -2.943977 2.926210 17.221872
142.702 -1.447712 -2.943977 2.926210 17.221872
142.802 -1.447497 -2.944024 2.926210 17.222091
142.902 -1.447593 -2.944003 2.926210 17.222189
143.002 -1.447615 -2.943998 2.926210 17.222212
143.102 -1.447518 -2.944020 2.926210 17.222312
143.203 -1.447557 -2.944011 2.926210 17.222352
143.302 -1.447577 -2.944007 2.926210 17.222372
143.402 -1.447577 -2.944007 2.926210 17.222372
143.502 -1.447577 -2.944007 2.926210 17.222372
143.602 -1.447577 -2.944007 2.926210 17.222372
143.704 -1.447577 -2.944007 2.926210 17.222372
143.802 -1.447616 -2.943998 2.926210 17.222412
143.903 -1.447616 -2.943998 2.926210 17.222412
144.002 -1.447733 -2.945573 2.926677 17.223991
144.102 -1.449143 -2.965395 2.932572 17.243863
144.202 -1.449143 -2.965395 2.932572 17.243863
144.303 -1.449143 -2.965395 2.932572 17.243863
144.402 -1.449143 -2.965395 2.932572 17.243863
144.502 -1.449143 -2.965395 2.932572 17.243863
144.602 -1.449143 -2.965395 2.932572 17.243863
144.701 -1.449143 -2.965395 2.932572 17.243863
144.802 -1.449143 -2.965395 2.932572 17.243863
144.902 -1.449143 -2.965395 2.932572 17.243863
145.002 -1.449143 -2.965395 2.932572 17.243863
145.102 -1.449143 -2.965395 2.932572 17.243863
145.202 -1.449143 -2.965395 2.932572 17.243863
145.302 -1.449143 -2.965395 2.932572 17.243863
145.402 -1.449143 -2.965395 2.932572 17.243863
145.502 -1.449143 -2.965395 2.932572 17.243863
145.602 -1.449143 -2.965395 2.932572 17.243863
145.702 -1.449143 -2.965395 2.932572 17.243863
145.802 -1.449124 -2.965399 2.932572 17.243883
145.902 -1.449124 -2.965399 2.932572 17.243883
146.002 -1.449124 -2.965399 2.932572 17.243883
146.102 -1.449124 -2.965399 2.932572 17.243883
146.202 -1.449124 -2.965399 2.932572 17.243883
146.302 -1.449105 -2.965403 2.932572 17.243902
146.402 -1.449105 -2.965403 2.932572 17.243902
146.502 -1.449105 -2.965403 2.932572 17.243902
146.602 -1.449105 -2.965403 2.932572 17.243902
146.711 -1.449105 -2.965403 2.932572 17.243902
146.802 -1.449105 -2.965403 2.932572 17.243902
146.902 -1.449105 -2.965403 2.932572 17.243902
147.002 -1.448246 -2.966901 2.934248 17.245629
147.102 -1.447488 -2.968202 2.935711 17.247135
147.202 -1.447488 -2.968202 2.935711 17.247135
147.302 -1.447488 -2.968202 2.935711 17.247135
147.402 -1.447488 -2.968202 2.935711 17.247135
147.502 -1.447488 -2.968202 2.935711 17.247135
147.602 -1.447488 -2.968202 2.935711 17.247135
147.702 -1.447488 -2.968202 2.935711 17.247135
147.802 -1.447488 -2.968202 2.935711 17.247135
147.902 -1.447488 -2.968202 2.935711 17.247135
148.002 -1.447488 -2.968202 2.935711 17.247135
148.102 -1.447488 -2.968202 2.935711 17.247135
148.202 -1.447488 -2.968202 2.935711 17.247135
148.302 -1.447488 -2.968202 2.935711 17.247135
148.403 -1.447488 -2.968202 2.935711 17.247135
148.502 -1.447488 -2.968202 2.935711 17.247135
148.602 -1.447488 -2.968202 2.935711 17.247135
148.702 -1.447488 -2.968202 2.935711 17.247135
148.802 -1.447488 -2.968202 2.935711 17.247135
148.902 -1.447488 -2.968202 2.935711 17.247135
149.002 -1.447488 -2.968202 2.935711 17.247135
149.102 -1.447488 -2.968202 2.935711 17.247135
149.202 -1.447488 -2.968202 2.935711 17.247135
149.302 -1.447488 -2.968202 2.935711 17.247135
149.402 -1.447488 -2.968202 2.935711 17.247135
149.502 -1.447488 -2.968202 2.935711 17.247135
149.602 -1.447488 -2.968202 2.935711 17.247135
149.702 -1.447488 -2.968202 2.935711 17.247135
149.802 -1.447488 -2.968202 2.935711 17.247135
149.902 -1.447488 -2.968202 2.935711 17.247135
150.002 -1.447488 -2.968202 2.935711 17.247135
150.102 -1.447488 -2.965401 2.935711 17.249936
150.202 -1.447488 -2.963514 2.935711 17.251822
150.302 -1.447488 -2.963514 2.935711 17.251822
150.402 -1.447488 -2.963514 2.935711 17.251822
150.502 -1.447488 -2.963514 2.935711 17.251822
150.602 -1.447488 -2.963514 2.935711 17.251822
150.702 -1.447488 -2.963514 2.935711 17.251822
150.802 -1.447488 -2.963514 2.935711 17.251822
150.902 -1.447488 -2.963514 2.935711 17.251822
151.002 -1.447488 -2.963514 2.935711 17.251822
151.102 -1.447488 -2.963514 2.935711 17.251822
151.202 -1.447488 -2.963514 2.935711 17.251822
151.302 -1.447488 -2.963514 2.935711 17.251822
151.402 -1.447488 -2.963514 2.935711 17.251822
151.502 -1.447488 -2.963514 2.935711 17.251822
151.602 -1.447488 -2.963514 2.935711 17.251822
151.702 -1.447488 -2.963514 2.935711 17.251822
151.802 -1.447488 -2.963514 2.935711 17.251822
151.902 -1.447488 -2.963514 2.935711 17.251822
152.002 -1.447488 -2.963514 2.935711 17.251822
152.102 -1.447488 -2.963514 2.935711 17.251822
152.202 -1.447488 -2.963514 2.935711 17.251822
152.302 -1.447488 -2.963514 2.935711 17.251822
152.402 -1.447488 -2.963514 2.935711 17.251822
152.502 -1.447488 -2.963514 2.935711 17.251822
152.602 -1.447488 -2.963514 2.935711 17.251822
152.702 -1.447488 -2.963514 2.935711 17.251822
152.802 -1.447488 -2.963514 2.935711 17.251822
152.902 -1.447488 -2.963514 2.935711 17.251822
153.002 -1.447488 -2.963514 2.935711 17.251822
153.102 -1.447488 -2.963514 2.935711 17.251822
153.202 -1.447488 -2.963514 2.935711 17.251822
153.303 -1.445926 -2.963514 2.935711 17.253385
153.402 -1.445926 -2.963514 2.935711 17.253385
153.502 -1.445926 -2.963514 2.935711 17.253385
153.602 -1.445926 -2.963514 2.935711 17.253385
153.702 -1.445926 -2.963514 2.935711 17.253385
153.802 -1.445926 -2.963514 2.935711 17.253385
153.902 -1.445926 -2.963514 2.935711 17.253385
154.002 -1.445926 -2.963514 2.935711 17.253385
154.102 -1.445926 -2.963514 2.935711 17.253385
154.202 -1.445926 -2.963514 2.935711 17.253385
154.302 -1.445926 -2.963514 2.935711 17.253385
154.402 -1.445926 -2.963514 2.935711 17.253385
154.502 -1.445926 -2.963514 2.935711 17.253385
154.602 -1.445926 -2.963514 2.935711 17.253385
154.703 -1.445926 -2.963514 2.935711 17.253385
154.802 -1.445926 -2.963514 2.935711 17.253385
154.902 -1.445926 -2.963514 2.935711 17.253385
155.002 -1.445926 -2.963514 2.935711 17.253385
155.102 -1.445926 -2.963514 2.935711 17.253385
